Process ID,Burst Time,Arrival Time,Time of First Service,Completion Time,Waiting Time
1,0.2662458986513268,0.19694798204129071,0.19694798204129071,0.7042970392380918,0.45726305007653256
2,0.0561930854019313,0.35366357935258586,0.35366357935258586,0.40985666475451715,0.15671559731129514
3,0.0922804055045978,0.41671217015423245,0.41671217015423245,0.5089925756588303,0.14375736166731418
4,0.07084535715834851,0.49742094101990003,0.5089925756588303,0.6016222432977755,0.12106714894117644
5,0.021784310480596678,0.5091395032150969,0.5091395032150969,0.5309238136956936,0.09242733306086447
6,0.0919693828692355,0.6542110321178233,0.7042970392380918,0.7962664221073273,0.28160630244871
7,0.10596513831041303,0.7790272434686101,0.7962664221073273,0.9022315604177403,0.28727384644849707
8,0.030222447131281333,1.0391574209189953,1.0391574209189953,1.0693798680502766,0.39309205720264345
9,0.10603099327589231,1.072565700845061,1.072565700845061,1.1785966941209534,0.4015301938533281
10,0.07070570084724721,1.3119469252821512,1.3119469252821512,1.3826526261293983,0.4368627575271386
11,0.035025548535995765,1.4286582875072975,1.4286582875072975,1.4636838360432933,0.454979669554338
12,0.015224928474755907,1.519952432873491,1.519952432873491,1.535177361348247,0.43991921097006514
13,0.13435616519159443,1.5777228791774014,1.5777228791774014,1.7472015761433033,0.49871216515669203
14,0.030562481524794034,1.618917528759616,1.618917528759616,1.64948001028441,0.4043694061578002
15,0.004560050249513398,1.6914610588702772,1.6914610588702772,1.6960211091197905,0.37094779795804833
16,0.004478482012114427,1.8374960801210836,1.8374960801210836,1.841974562133198,0.42668831523107437
17,0.030395126809166527,1.862080766948872,1.862080766948872,1.8924758937580384,0.4009443501119075
18,0.06719161682598919,1.9531410218229945,1.9531410218229945,2.0203326386489837,0.431339476921074
19,0.00775812341851625,2.0486430577285915,2.0486430577285915,2.0564011811471077,0.3925454105415834
20,0.02934259988767457,2.048688367799004,2.0564011811471077,2.085743781034782,0.40025822388968707
21,0.010493741510395336,2.1350571913954397,2.1350571913954397,2.145550932905835,0.35889512293011444
22,0.023747783301269716,2.433730670716333,2.433730670716333,2.4574784540176027,0.3693888644405098
23,0.0044120460136514205,2.5227529295273063,2.5227529295273063,2.5271649755409578,0.35811109920578377
24,0.1022273254677836,2.635395049060159,2.635395049060159,2.804424504750697,0.4657458042556212
25,0.06319959082154075,2.6457580281132764,2.6457580281132764,2.708957618934817,0.3576611957977967
26,0.003602539401213858,2.722985582262681,2.722985582262681,2.726588121663895,0.4348887499472016
27,0.12062712380581637,2.7386177080963447,2.804424504750697,2.9250516285565134,0.5845028315647915
28,0.01904613523908041,2.9137943134624855,2.9250516285565134,2.9440977637955936,0.5651976651340253
29,0.07690221430499969,3.012213207930244,3.012213207930244,3.0891154222352437,0.5422627517872385
30,0.026950683595491104,3.1094321789094974,3.1094321789094974,3.1363828625049885,0.6146049158427248
31,0.07502993222552336,3.1515578652294094,3.1515578652294094,3.2344930981061424,0.6697032354484433
32,0.06320882691174945,3.1798097975389874,3.2735886340385116,3.336797460950261,0.7124059012238058
33,0.007905300651209719,3.1894756431911437,3.1894756431911437,3.1973809438423535,0.6238144283643232
34,0.028508801601149793,3.2308859682631494,3.2344930981061424,3.2630018997072923,0.6955927364413051
35,0.010586734331219556,3.2612539512681256,3.2630018997072923,3.2735886340385116,0.6669455580713052
36,0.02905640486256699,3.367535939027319,3.367535939027319,3.396592343889886,0.7407411193142742
37,0.04161518735558658,3.5411353661600873,3.5411353661600873,3.582750553515674,0.702605907350852
38,0.06948818750011682,3.690783846049848,3.690783846049848,3.760272033549965,0.7783923747407718
39,0.05292969076516805,3.7249551260841813,3.760272033549965,3.813201724315133,0.8136639721361429
40,0.042576356879322375,3.8166015204607175,3.8166015204607175,3.85917787734004,0.8588808495532071
41,0.004604326616747052,3.904201084906787,3.904201084906787,3.908805411523534,0.8721146065448548
42,0.10919882748652981,4.086350951907989,4.086350951907989,4.233901079565416,0.9554652129587932
43,0.02498136380375927,4.099980348374768,4.099980348374768,4.1338450635046184,0.891014143975749
44,0.008883351326091402,4.10225655290644,4.10225655290644,4.111139904232532,0.8821307926496575
45,0.004486585041045867,4.160610646664135,4.160610646664135,4.165097231705181,0.9167371031060824
46,0.05891044799187706,4.305582426943598,4.305582426943598,4.364492874935475,1.0341190776112137
47,0.04150086244762527,4.349673968547449,4.364492874935475,4.405993737383101,1.0591623019498213
48,0.1264024765124732,4.379129238899708,4.405993737383101,4.557317466472952,1.2061592179666731
49,0.02492125257737734,4.5012049023391825,4.5012049023391825,4.52612615491656,1.1708749863361783
50,0.06537021814747601,4.595974258887327,4.595974258887327,4.6891876695054755,1.1926719663958305
51,0.0278431924706734,4.597015073164077,4.597015073164077,4.62485826563475,1.150800810597293
52,0.06165911073887441,4.840931474401399,4.840931474401399,4.902590585140274,1.2955017358346779
53,0.04727767643923985,4.855643042354725,4.902590585140274,4.949868261579514,1.2890003918439026
54,0.12721215798201047,4.874418455249076,5.00642787589611,5.138707108967559,1.359046325484878
55,0.05246947870774397,4.897062342698599,4.949868261579514,5.00642787589611,1.172121764505244
56,0.004090135608851851,4.956798427558905,4.956798427558905,4.960888563167757,1.1567743138023643
57,0.00506707508943785,5.033376240346164,5.033376240346164,5.038443315435602,1.2143059913505432
58,0.0228064087870608,5.241359688488945,5.241359688488945,5.264166097276006,1.3196368599719375
59,0.006891142062768525,5.275302553861095,5.275302553861095,5.282193695923863,1.2655410544539984
60,0.014973081917816324,5.355479856971608,5.355479856971608,5.370452938889424,1.2724321965167669
61,0.0008179549580309677,5.5180440796142145,5.5180440796142145,5.518862034572246,1.2604545948390922
62,0.021998583439048446,5.5697872686252445,5.5697872686252445,5.591785852064293,1.261272549797123
63,0.026463767945414184,5.647528910908812,5.647528910908812,5.673992678854226,1.255019200926594
64,0.011035075721724946,5.759420752988241,5.759420752988241,5.770455828709966,1.2718171232198516
65,0.06514522927139883,5.884486518810135,5.884486518810135,5.949631748081534,1.274946898290367
66,0.011581319680377471,6.025091001659614,6.025091001659614,6.036672321339992,1.3065871031409697
67,0.007196253848057303,6.039616211731279,6.039616211731279,6.046812465579337,1.3145612929783541
68,0.0008013740858005991,6.154896197120372,6.154896197120372,6.155697571206173,1.2949966936644282
69,0.14494434525701216,6.215011965664952,6.215011965664952,6.671034879500491,1.7337512963254815
70,0.03346206030301454,6.2258883196652715,6.2258883196652715,6.259350379968286,1.3116784725948223
71,0.05427598217023985,6.243227053279932,6.259350379968286,6.313626362138526,1.3004458882659846
72,0.09964059024989053,6.295203295862843,6.313626362138526,6.413266952388416,1.3697568984587059
73,0.05608560062791254,6.364514306055565,6.413266952388416,6.4693525530163285,1.3894531399289904
74,0.04429004658549838,6.505755190136277,6.505755190136277,6.573369525363747,1.5071689431871858
75,0.023324288641971776,6.50765846700464,6.50765846700464,6.530982755646611,1.4422294671896274
76,0.12129737213269728,6.654713142679371,6.671034879500491,6.792332251633188,1.6056058796854793
77,0.06999524684711826,6.8210896181014595,6.8210896181014595,6.905153666893522,1.775034113221793
78,0.01406880194494426,6.832135940855249,6.832135940855249,6.846204742800193,1.668461387071849
79,0.013394743084945131,6.903391759539409,6.905153666893522,6.9185484099784675,1.6885494223449542
80,0.022919366980568734,7.091108856897437,7.091108856897437,7.114028223878005,1.7019441654298992
81,0.052872166854417035,7.125000363822134,7.125000363822134,7.177872530676551,1.7121588493655462
82,0.02488334727359212,7.154872037656535,7.177872530676551,7.2027558779501435,1.7351593423855625
83,0.22582508168248466,7.275235382323837,7.275235382323837,7.509467363846035,1.976389858242933
84,0.008406899839713836,7.3809670382351795,7.3809670382351795,7.389373938074893,1.8611700189537501
85,0.15310358028124413,7.496186877524362,7.509467363846035,7.754341273410683,2.1802096875712422
86,0.06654165449360963,7.5484509619928595,7.5484509619928595,7.614992616486469,2.0127483417129794
87,0.025228674789794302,7.619701877516377,7.619701877516377,7.644930552306171,2.0751159059104056
88,0.05857587732711804,7.713636103319449,7.754341273410683,7.812917150737801,2.1872720232151224
89,0.07630234317986621,7.75456315409318,7.812917150737801,7.8892194939176665,2.2416537088689923
90,0.23523705286517185,7.835710422906566,7.8892194939176665,8.247520705980271,2.643467735525528
91,0.00982130786029346,7.926707095026603,7.926707095026603,7.936528402886896,2.2593599480877486
92,0.06353486744185408,7.955517622401672,7.955517622401672,8.019052489843526,2.2881704754628176
93,0.04656182686167909,8.077181033365148,8.077181033365148,8.123742860226827,2.3657423448224435
94,0.0031461570336062126,8.160406332031895,8.160406332031895,8.163552489065502,2.434148737101165
95,0.1549606683069985,8.202546132473296,8.38330345866032,9.74583102476919,3.993926285503657
96,0.1229842036947203,8.217456820415212,8.2603192549656,8.38330345866032,2.55955463390689
97,0.012798548985328794,8.242011034604147,8.247520705980271,8.2603192549656,2.3845510836458335
98,0.15640207948798202,8.327313091285246,9.74583102476919,10.048546913916631,4.114942308023578
99,0.08978033977938793,8.3878967593142,8.3878967593142,8.477677099093588,2.5180770786149895
100,0.1494078180163568,8.437159265083196,8.477677099093588,8.627084917109945,2.707451038581812
101,0.019061774222607655,8.613913580101325,8.627084917109945,8.646146691332554,2.7069619163649885
102,0.06269349631194655,8.626533225050018,8.646146691332554,8.708840187644501,2.7398255458792087
103,0.11045950884259095,8.681974906448781,8.790186372411119,8.916474149622658,2.880839908993328
104,0.08134618476661744,8.68779173909484,8.708840187644501,8.790186372411119,2.74495031534874
105,0.22545464048871275,8.757245912435097,13.854868474205633,14.430055484075119,8.402702951011058
106,0.0748744761921551,8.840932967389662,9.052825870792313,9.12813044976794,3.0741112791009577
107,0.04743246764089197,8.858872496579771,8.916474149622658,8.9817984977246,2.8757867687457224
108,0.015828268368947754,8.877307237710738,8.877307237710738,8.893135506079686,2.8033525298855055
109,0.07102737306771292,8.923267423866152,8.9817984977246,9.052825870792313,2.860566113460128
110,0.017891880461050464,8.92632135366823,8.92632135366823,8.94421323412928,2.798158803424367
111,0.0004301027834713545,9.082540551412315,9.082540551412315,9.082970654195787,2.9502878655596
112,0.06272532792470283,9.085861147430808,9.183971371416463,9.246696699341166,3.0390278787044966
113,0.05584092164852294,9.119893857034993,9.12813044976794,9.183971371416463,2.923390086736817
114,0.06356459949758476,9.216819877285566,9.246696699341166,9.310261298838752,3.0800818568318538
115,0.06664174543429693,9.289889294952415,9.310261298838752,9.406045324192892,3.034589236283645
116,0.029142279919844822,9.315518188016318,9.315518188016318,9.344660467936162,3.0054469563638
117,0.07117326228503829,9.407449838729981,9.407449838729981,9.47862310101502,3.0745721982904044
118,0.024644471006174628,9.503439258867001,9.503439258867001,9.528083729873176,3.170561618427424
119,0.02876411622945195,9.533590774982484,9.533590774982484,9.562354891211935,3.2206761547605627
120,0.03871704852041734,9.560444937262908,9.562354891211935,9.601071939732353,3.2425753600632388
121,0.023567111404601715,9.582344142565583,9.601071939732353,9.624639051136954,3.246330075312191
122,0.002552323477496882,9.642282333312055,9.642282333312055,9.644834656789552,3.2875404688918937
123,0.18918623745467497,9.734820244398621,12.177843967530714,12.36703020498539,5.969643592211603
124,0.0660941809853179,9.746018623400918,9.746018623400918,9.812112804386235,3.4125066774814226
125,0.052982996832122674,9.768066496859614,9.812112804386235,9.865095801218358,3.4851900280316332
126,0.011450978714427514,9.862748430848873,9.865095801218358,9.876546779932784,3.487537398401118
127,0.09817880638716943,9.94601120406414,10.184282949867914,10.479627865987768,4.072778061901712
128,0.015785653127592607,9.962871685189292,9.962871685189292,9.978657338316884,3.5588495144266394
129,0.08695049307678926,10.002833182935392,10.048546913916631,10.184282949867914,3.698715613055292
130,0.04240189145796681,10.055054524777107,10.055054524777107,10.097456416235074,3.6399972782927295
131,0.0063836514165265135,10.107389208123143,10.107389208123143,10.113772859539669,3.6271867323673668
132,0.03968953723960317,10.207081106740644,10.207081106740644,10.246770643980247,3.7633612307197932
133,0.18516510701931915,10.22785627950248,11.656896901524105,12.177843967530714,5.52438907847383
134,0.027719988262716894,10.2282930052281,10.246770643980247,10.274490632242964,3.7825714533851116
135,0.07256700261881437,10.24356370647557,10.3296008517895,10.402167854408315,3.9015673331919833
136,0.007649024803166355,10.274355248821266,10.274490632242964,10.28213965704613,3.7817600714488333
137,0.04405127854690299,10.280740120733045,10.28213965704613,10.3296008517895,3.8054951012880607
138,0.14990637908485224,10.289705594910897,11.505278914811994,11.656896901524105,5.1541152266929995
139,0.0034099161964674433,10.301866608461605,10.301866608461605,10.305276524658073,3.7912088310912737
140,0.12539207439850827,10.390543207947179,10.537500962085504,10.69902025601253,4.153191413595161
141,0.0020793620650122386,10.400547382476194,10.402167854408315,10.404247216473328,3.8580480167349687
142,0.13564676912922444,10.458820675482082,11.064481131388629,11.266114932740528,4.682181545327901
143,0.019661452317185864,10.476800232664365,10.479627865987768,10.499289318304953,3.893253815985453
144,0.038211643780551106,10.479663221594919,10.499289318304953,10.537500962085504,3.8500055545443277
145,0.1952214556888181,10.49164963582904,13.566065407542084,13.793000316249094,7.080984383956316
146,0.10506024524748286,10.60857488778561,10.916201053771733,11.064481131388629,4.250715817073543
147,0.036127219528516975,10.621082775794553,10.621082775794553,10.65720999532307,3.8305581279532155
148,0.09712694802456964,10.681187924580152,10.69902025601253,10.7961472040371,3.9781130560313143
149,0.06676582728449958,10.770540980741014,10.7961472040371,10.862913031321598,4.041956006540678
150,0.047536889849820095,10.834246992884093,10.868664163921913,10.916201053771733,4.010525180853106
151,0.005751132600315339,10.85770821989235,10.862913031321598,10.868664163921913,3.923430430937167
152,0.04321983236941341,10.961617995425517,10.961617995425517,11.00483782779493,4.0058136582199655
153,0.02301441375909641,11.109422080134026,11.109422080134026,11.132436493893122,4.043028151265757
154,0.03145205754925293,11.120129860604004,11.132436493893122,11.175409112356702,4.093438700564329
155,0.009154898020051917,11.137733718750805,11.137733718750805,11.146888616770857,4.0495856866587685
156,0.00236566289427586,11.168174747008301,11.168174747008301,11.170540409902577,4.06595791297132
157,0.1224086359935415,11.251216793117056,11.358831102887406,11.505278914811994,4.2328708748454345
158,0.061830731705098466,11.259814108472272,11.297000371182307,11.358831102887406,4.135834613052
159,0.022830468622064816,11.262154298895803,11.266114932740528,11.297000371182307,4.108259821680454
160,0.008054969819714692,11.274765353075992,11.274765353075992,11.282820322895706,4.100204851860739
161,0.02403917593104581,11.368235549690583,11.368235549690583,11.392274725621629,4.170755681494763
162,0.0017116076272590654,11.652185042435748,11.652185042435748,11.653896650063007,4.454705174239927
163,0.12802035582240323,11.680390914922691,11.680390914922691,11.808411270745095,4.477471999939945
164,0.11325964734615307,11.704823541970168,11.808411270745095,11.921670918091248,4.648106375689453
165,0.09450195581873429,11.898458410739693,11.921670918091248,12.016172873909982,4.646435535767416
166,0.09744676508735618,12.32520341158979,12.36703020498539,12.51999906583309,5.194993601397939
167,0.032568448048710404,12.413121036978296,12.413121036978296,12.445689485027007,5.05756147631388
168,0.10531961865310291,12.436524337274692,12.766984601028858,12.883328402077225,5.4304881978462
169,0.010936759184901761,12.438528514549056,12.445689485027007,12.45662624421191,4.96024176814595
170,0.0978569360745797,12.456428645670309,12.51999906583309,12.704973814264854,5.177648835032549
171,0.01201688852673126,12.45821209519504,12.45821209519504,12.470228983721771,4.909761133202184
172,0.040989978537203785,12.558154969780645,12.558154969780645,12.599144948317848,4.968498833392159
173,0.046127833819980264,12.583491449878625,12.599144948317848,12.645272782137829,4.979443070801475
174,0.0547556687058732,12.675372184976796,12.704973814264854,12.766984601028858,5.099366315727212
175,0.13671370847927208,12.68711619887858,12.883328402077225,13.072039097762445,5.354374429359663
176,0.007255118058130901,12.73704174997525,12.73704174997525,12.74429686803338,4.9827004765645695
177,0.011024182395263862,12.808837953525826,12.808837953525826,12.81986213592109,5.0542747994326485
178,0.09008431043739248,12.945474587683188,13.072039097762445,13.162123408199838,5.259121947024647
179,0.05199698720594812,12.960216164813653,12.960216164813653,13.012213152019601,5.124505741907089
180,0.1712092706175548,13.06801053267911,13.162123408199838,13.566065407542084,5.5456772877641995
181,0.08855211921318028,13.202164052957173,13.202164052957173,13.290716172170352,5.34237605502952
182,0.12582042566797236,13.269083150056122,13.290716172170352,13.434896781681864,5.433492345311181
183,0.01836018384353966,13.351660564354535,13.351660564354535,13.370020748198074,5.396142941952865
184,0.003841662941211919,13.643460644619122,13.643460644619122,13.647302307560334,5.624408154775599
185,0.027871790076978674,13.735336474501416,13.735336474501416,13.763208264578395,5.6581554411362704
186,0.021240031721216864,13.77902079404979,13.793000316249094,13.81424034797031,5.681754182658797
187,0.0406281262353228,13.805497042885623,13.81424034797031,13.854868474205633,5.653834015938416
188,0.020835863318055776,13.859765877461568,13.859765877461568,13.880601740779623,5.696213388396067
189,0.08253860680259262,13.951922298853574,13.951922298853574,14.034460905656168,5.7963028154508205
190,0.11215881224745303,13.998848947924115,14.034460905656168,14.14661971790362,5.92838423301231
191,0.04430702952980529,14.145841053427521,14.14661971790362,14.198476580863577,5.943247219405754
192,0.007549833430151267,14.149648028783576,14.149648028783576,14.157197862213726,5.902127322803307
193,0.08190067843284418,14.185258254009899,14.198476580863577,14.28037725929642,5.938157325897979
194,0.0004415456198732973,14.313775109453115,14.313775109453115,14.314216655072988,5.986462018167871
195,0.0564084801375911,14.388712507881758,14.443855761951037,14.504900567858302,6.109949290296722
196,0.013800277875918473,14.429710116050737,14.430055484075119,14.443855761951037,6.043354823074662
197,0.23771312908320885,14.431251582388859,14.504900567858302,14.893878841816887,6.433708783704303
198,0.004636325769674682,14.488616423187363,14.488616423187363,14.493252748957037,6.010939324093779
199,0.026589936670434525,14.561237346967424,14.561237346967424,14.587827283637859,5.96524090044238
200,0.055169949525216644,14.5791544805437,14.587827283637859,14.652905428374993,6.006151654288285
201,0.2706695584178412,14.603751948824108,15.105138202533006,15.506023094697092,6.830456768238824
202,0.009908195211916849,14.616203876894899,14.616203876894899,14.626112072106816,5.970057185562352
203,0.028586292175024737,14.632684879338298,14.652905428374993,14.681491720550017,5.970930521926218
204,0.03101077129278211,14.717862563060306,14.717862563060306,14.748873334353089,6.030070823965473
205,0.13340648368298655,14.865446577315296,14.95895698529536,15.105138202533006,6.350702265143812
206,0.03802324934196295,14.870868048787495,14.893878841816887,14.95895698529536,6.173732027885104
207,0.024644330357445746,14.903923046183687,14.903923046183687,14.930977940320197,6.118282568355044
208,0.002410563779063787,14.906058376987094,14.906058376987094,14.908468940766157,6.065125409597437
209,0.009316361934883992,15.04676771923365,15.04676771923365,15.059542452788309,6.19536556166342
210,0.003458371619775403,15.050779686623411,15.050779686623411,15.054238058243186,6.173472448912677
211,0.021628538322488757,15.177931940890279,15.177931940890279,15.199560479212767,6.284796434810598
212,0.029572776860222503,15.21103128477438,15.21103128477438,15.240604061634603,6.294557135151727
213,0.06675337017134535,15.28507510610447,15.28507510610447,15.351828476275815,6.408122558439553
214,0.14340822319217528,15.3313899823057,15.506023094697092,15.661901746224734,6.626328243658167
215,0.18485581318694444,15.352678467979578,18.52791469304068,18.712770506227628,9.734721815651765
216,0.16630473580719216,15.377714017071963,17.94359169423169,18.10989643003888,9.106579899996664
217,0.2102738408182015,15.426751601092704,18.833588192516036,19.2055840221819,10.077615557120078
218,0.15934268065627769,15.441533614678418,15.787958537505254,16.3858912501923,7.268798061891803
219,0.012260648392189526,15.445281036956576,15.445281036956576,15.457541685348765,6.362310382760797
220,0.12248390172229108,15.538939516467634,15.661901746224734,15.787958537505254,6.6967646628052435
221,0.012470428335466764,15.540179168990925,15.540179168990925,15.552649597326392,6.420285311955939
222,0.0035728895582292537,15.779052920677815,15.779052920677815,15.782625810236045,6.650922470909882
223,0.016940600052343,15.817861135577102,15.817861135577102,15.834801735629446,6.644475411459145
224,0.03885472406515759,15.8284467828756,15.834801735629446,15.873656459694603,6.622060916380212
225,0.0776826026553192,15.838880793665771,15.873656459694603,15.96591440621927,6.687011501903681
226,0.014575343869347291,15.919132857375493,15.919132857375493,15.93370820124484,6.629243562423086
227,0.05700967778506342,15.973547918816354,15.973547918816354,16.13513167387568,6.81564601612818
228,0.014443681325431857,15.975718063172941,15.975718063172941,15.990161744498373,6.66019987515663
229,0.04396596468438462,15.996021148779311,15.996021148779311,16.039987113463695,6.675766188282402
230,0.046164431264447185,16.020426656218557,16.039987113463695,16.086151544728143,6.6339417892708115
231,0.04326211332788456,16.11848805752593,16.13513167387568,16.178393787203564,6.752597196572916
232,0.05191189451771392,16.125907314966923,16.178393787203564,16.23030568172128,6.703224992523197
233,0.1653920678557852,16.160047035302888,16.777270511978543,17.022009407567325,7.514412419403815
234,0.13099425882167112,16.181848093538207,16.3858912501923,16.777270511978543,7.13702769583901
235,0.03377899848367696,16.317559614820436,16.317559614820436,16.35133861330411,6.783968839837959
236,0.0375276455054147,16.404726422747608,16.404726422747608,16.44225406825302,6.857663460045821
237,0.05491749156633579,16.4088237953754,16.44225406825302,16.51557910238284,6.933326488982113
238,0.10030013302582572,16.41810839730872,16.546820976110368,16.665111425712176,7.070976598894004
239,0.01840754256348508,16.47377130356593,16.47377130356593,16.492178846129413,6.872699363833584
240,0.031241873727528995,16.49568138019404,16.51557910238284,16.546820976110368,6.890940051245895
241,0.017990316575981706,16.60841750790087,16.60841750790087,16.626407824476853,6.9661351745888265
242,0.24003264308360783,16.653320741459577,19.917881593290005,20.438848910061775,10.721922692971644
243,0.02898099741695519,16.822350581085686,16.822350581085686,16.85133157850264,7.110941482139469
244,0.02457914938098633,16.845761726538083,16.85133157850264,16.87591072788363,7.105500553733459
245,0.025786680935056067,16.932279429229297,16.932279429229297,16.958066110164353,7.186260805828386
246,0.05295318387638629,16.998372846561114,17.20005235957382,17.253005543450207,7.431985862714215
247,0.03594193241226034,17.01785167827081,17.022009407567325,17.087277331149476,7.261012372950116
248,0.014846521958864465,17.040683224622853,17.040683224622853,17.05552974658172,7.188020072346124
249,0.014479469211023511,17.050768503194988,17.05552974658172,17.070009215792744,7.1904339453633686
250,0.050011980567138216,17.073125177336347,17.087277331149476,17.137289311716614,7.257554140179089
251,0.0881533395840989,17.08836743982286,17.253005543450207,17.341158883034307,7.390229677880339
252,0.05122984983888414,17.13410092011187,17.137289311716614,17.20005235957382,7.2185277821187075
253,0.01153319801832514,17.16986626928967,17.16986626928967,17.181399467307994,7.1981760067503675
254,0.09723702693088383,17.176833345067248,17.358620100834564,17.527514296147114,7.444473999698325
255,0.017461217800258094,17.336240881944473,17.341158883034307,17.358620100834564,7.292611969117681
256,0.07165716838166612,17.366380788135558,17.366380788135558,17.438037956517224,7.3764325070003425
257,0.12053011751635116,17.40188736757942,17.527514296147114,17.665263550114293,7.540391757295043
258,0.1555706230450886,17.431487031777444,17.78366500528832,17.94359169423169,7.822374395104134
259,0.16676136732787836,17.44730718263371,18.298600542072375,18.52791469304068,8.280329252019198
260,0.11226898601869682,17.56731327611164,17.665263550114293,17.78366500528832,7.576471674934523
261,0.006206768717886621,17.56926221252626,17.56926221252626,17.57546898124415,7.362181105785623
262,0.010448823491943685,17.626835805797175,17.626835805797175,17.637848173530113,7.406685662245743
263,0.0005635442409929027,17.633978397507228,17.633978397507228,17.63454194174822,7.405685392279131
264,0.005119573824413263,17.679493712659372,17.679493712659372,17.684613286483785,7.435930006183802
265,0.001012895330917565,17.759741729471518,17.759741729471518,17.760754624802434,7.512971085491271
266,0.004356065898276884,17.925407537328997,17.925407537328997,17.929763603227276,7.6510522885077314
267,0.12718977056749645,18.088378397721264,18.10989643003888,18.237086200606377,7.928802519151229
268,0.061514341465999094,18.203293151394195,18.237086200606377,18.298600542072375,7.956346079873331
269,0.030688995474204697,18.33154932791844,18.33154932791844,18.362238323392646,8.068742973881921
270,0.03186378816622235,18.35088263092805,18.362238323392646,18.39410211155887,8.072532728481749
271,0.12081768628840849,18.67893504978105,18.712770506227628,18.833588192516036,8.410903897766017
272,0.09557710042806174,18.910210232186408,18.910210232186408,19.00578733261447,8.60493370752833
273,0.06614488841960132,19.04874748879379,19.04874748879379,19.11489237721339,8.719146637004282
274,0.15417103131954576,19.130441427912398,19.2055840221819,19.75161217132884,9.293958171131477
275,0.14021261373389435,19.215712179008428,19.215712179008428,19.38657078762752,8.86354253612247
276,0.030645994885197633,19.23344392371347,19.23344392371347,19.264089918598668,8.83127606930515
277,0.05046221293387704,19.390373481876107,19.390373481876107,19.440835694809984,8.986262174479423
278,0.12105749542227666,19.390509390952754,19.440835694809984,19.608471417116466,9.085222925306352
279,0.04657822688420355,19.497465373904234,19.497465373904234,19.544043600788438,9.020665141239865
280,0.13853741555925067,19.629545909724964,19.75161217132884,19.917881593290005,9.348223947593342
281,0.002900573967944746,19.681600805110715,19.681600805110715,19.68450137907866,9.201937583515791
282,0.00810129142949192,19.763182823689956,19.763182823689956,19.771284115119446,9.27153318786091
283,0.01963071497242281,19.80822109860869,19.80822109860869,19.827851813581113,9.308931780303734
284,0.029396601020574717,19.93243790231666,19.93243790231666,19.961834503337236,9.394936940231151
285,0.024609927776173216,19.98487988353793,19.98487988353793,20.0094898113141,9.376304995752312
286,0.0947744116861265,20.102529738556836,20.102529738556836,20.197304150242964,9.546010114053754
287,0.14879291346532617,20.14946795363114,22.721011877416064,22.9017641440423,12.207241952400475
288,0.11061911954943296,20.165730027064825,20.438848910061775,20.698934201470607,9.91033578402743
289,0.2015379889632646,20.167092889848313,27.215116564504402,28.056561950434702,17.227477515586717
290,0.05657515675869208,20.217262271098786,20.217262271098786,20.27383742785748,9.477194408645792
291,0.031239529732623755,20.243852789437582,20.304138513076463,20.335378042809086,9.517810086202852
292,0.030301085218983666,20.24773538938681,20.27383742785748,20.304138513076463,9.439590434973377
293,0.12769086588677153,20.31395729023996,20.698934201470607,20.843180540701486,9.98349169524843
294,0.014037961494983502,20.352719388266223,20.352719388266223,20.366757349761208,9.489806356944618
295,0.06399586546711797,20.440739233330284,20.440739233330284,20.5047350987974,9.572075069408358
296,0.08547030639228138,20.50605340221531,20.50605340221531,20.591523708607593,9.589852348443568
297,0.016555473344104617,20.73182628513496,20.73182628513496,20.748381758479066,9.770208289709434
298,0.13049855081282838,20.774398174340536,21.046316516473162,21.696488839756256,10.624588221410322
299,0.06598624688427601,20.79402827945903,20.909268977468567,21.046316516473162,9.91809719168696
300,0.025738282407752944,20.82461624335367,20.843180540701486,20.86891882310924,9.733758460567445
301,0.04035015435932867,20.84119991514079,20.86891882310924,20.909268977468567,9.74878896250522
302,0.019830524656639426,20.911517030955284,20.911517030955284,20.931347555611925,9.794040590935333
303,0.016509760759159702,20.92647708482847,20.931347555611925,20.947857316371085,9.794197603955842
304,0.03472100670451941,20.931931322706664,20.947857316371085,20.982578323075604,9.800968699600212
305,0.08863048594473089,21.08409531983508,21.08409531983508,21.184585404308248,9.991985112482231
306,0.07120822586731676,21.10502161727897,21.184585404308248,21.318692076240087,10.12383920457009
307,0.01185959852843901,21.14830026096211,21.14830026096211,21.16015985949055,9.97289114860539
308,0.02924078959863064,21.186283580105172,21.186283580105172,21.215524369703804,9.956890197333422
309,0.033657656465890376,21.208106990450496,21.215524369703804,21.249182026169695,9.955710261231516
310,0.10978635946424438,21.283473156172686,22.191202556542006,22.30098891600625,10.929048257646183
311,0.07044047552953159,21.294379614472682,21.318692076240087,21.389132551769617,10.11620971931827
312,0.09871256749588307,21.364548723827085,21.696488839756256,21.79520140725214,10.4673132201408
313,0.05674606770881934,21.382324652058813,21.389132551769617,21.453293054798216,10.158509581418075
314,0.04505819131902026,21.418319610709798,21.453293054798216,21.498351246117238,10.193580143009124
315,0.007414435319780633,21.421529656169493,21.421529656169493,21.428944091489274,10.062698553282074
316,0.05107953950623442,21.441329904313797,21.498351246117238,21.54943078562347,10.130115696426639
317,0.054338306681874504,21.490580514191446,21.54943078562347,21.603769092305345,10.157156060001826
318,0.13036058151185498,21.629426049205268,22.30098891600625,22.472517937487222,10.961880157752768
319,0.0739394018133995,21.742078573216805,21.79520140725214,21.872015928979845,10.209004980103181
320,0.0028751199143077187,21.829018821472996,21.829018821472996,21.831893941387303,10.17512217140997
321,0.13350953327336257,21.85009612328761,22.53854613666673,22.721011877416064,10.993446753702814
322,0.03838548845266376,21.853517732233936,21.872015928979845,21.91040141743251,10.215600309632775
323,0.05613078289077062,21.861190022538945,21.91040141743251,21.970121211986438,10.236165125008284
324,0.09351676195317805,21.89599122455548,22.089891814006112,22.191202556542006,10.3076852021996
325,0.0035890116631555643,21.914734626094287,21.914734626094287,21.918323637757442,10.016276215354576
326,0.04885682133478371,21.92139032798653,21.970121211986438,22.018978033321222,10.04845029389517
327,0.052563731141895144,21.94098866697847,22.018978033321222,22.071541764463117,10.047682302323762
328,0.01835004954299403,22.063855176233762,22.071541764463117,22.089891814006112,9.893697796932384
329,0.007793980582714927,22.108302492362,22.108302492362,22.116096472944715,9.783099080772192
330,0.004179145271468207,22.325092947543684,22.325092947543684,22.329272092815152,9.958062742558276
331,0.03698929469764949,22.363033889943495,22.363033889943495,22.400023184641142,9.94991285296518
332,0.0660281991795111,22.46715907256478,22.472517937487222,22.53854613666673,10.035993600212516
333,0.04895620747597201,22.601387447750962,22.601387447750962,22.650343655226933,10.162858933201893
334,0.03195935316091192,22.832492594562645,22.832492594562645,22.864451947723555,10.418182659410522
335,0.1013809316451699,22.86387214443754,22.9017641440423,23.100930757996803,10.637176409435824
336,0.05157478210747928,22.91979255000379,22.91979255000379,22.97136733211127,10.463166305791876
337,0.013461523776515974,22.972981845173276,22.972981845173276,22.986443368949793,10.524473818139093
338,0.1883591753240906,22.98268591333414,25.794790544253363,26.09473593686824,13.580476892591689
339,0.03274937642533569,23.00485735425609,23.00485735425609,23.037606730681425,10.484858288422991
340,0.1311132217492632,23.04710547588244,23.47953183326867,23.610645055017933,10.921376863488018
341,0.14023939135094068,23.048995478700245,23.610645055017933,23.95319011755371,11.366759634250737
342,0.05086224444067116,23.06735545199466,23.214236790621776,23.26509903506245,10.61509184230392
343,0.027820353854997197,23.09360505510614,23.100930757996803,23.128751111851802,10.477861567902892
344,0.04197059829763281,23.121954208322798,23.128751111851802,23.170721710149433,10.48284381910346
345,0.04351508047234169,23.123134350040726,23.170721710149433,23.214236790621776,10.52196280731751
346,0.05879260581053812,23.158216004080263,23.26509903506245,23.323891640872986,10.615532099170462
347,0.14468799453394085,23.2090790061961,24.418383346527882,24.563790579528135,11.815324274187908
348,0.23823682516391922,23.31531246824995,42.53509599774178,42.962404911017146,30.119662047061915
349,0.11900064686115891,23.320505913435326,23.323891640872986,23.442892287734146,10.655261563093912
350,0.17724479370571128,23.345171582833196,25.28384191804984,25.519847993133144,12.689916573258143
351,0.03663954553452457,23.42224616412278,23.442892287734146,23.47953183326867,10.623030151813046
352,0.041400260796699444,23.6160010150965,23.6160010150965,23.6574012758932,10.746981353035402
353,0.1908053476567253,23.630309755112634,26.17309270415002,26.63940107175952,13.693376273330067
354,0.10869643205953525,23.662197056153083,23.662197056153083,23.77672973554965,10.792639456545437
355,0.005836247337032709,23.67810899362186,23.67810899362186,23.68394524095889,10.665895841602254
356,0.14051150037003488,23.70604200665117,23.997133754198757,24.159501761291846,11.039873301072388
357,0.23674881623176727,23.752855621359096,41.280492459265425,41.593239559435304,28.458014496691266
358,0.0283989447091564,23.814394808016104,23.814394808016104,23.84279375272526,10.65227139981626
359,0.017973786282411065,23.867645687642987,23.867645687642987,23.8856194739254,10.66548163468581
360,0.04296519415189169,23.95025108412937,23.95319011755371,23.997133754198757,10.71003459775499
361,0.0009784424931520463,23.97813930531797,23.97813930531797,23.979117747811124,10.68742313314761
362,0.20618676487406642,24.046059819040607,28.663720154219444,28.88971766200198,15.513369229684313
363,0.021856506723053688,24.086027327028454,24.086027327028454,24.107883833751508,10.723949987997184
364,0.07362702074048925,24.09397073619527,24.159501761291846,24.263612149840174,10.807887215350652
365,0.030483367807841274,24.16994148447103,24.16994148447103,24.200424852278868,10.603876076928932
366,0.047963614193659604,24.22291350142027,24.263612149840174,24.311575764033833,10.620151505221044
367,0.10680758249405033,24.242783997032525,24.311575764033833,24.418383346527882,10.66427345647349
368,0.0007192384663087035,24.483531714816895,24.483531714816895,24.484250953283205,10.748195240315471
369,0.06464516013817853,24.540799574980905,24.592207028327817,24.669167830563627,10.8425754476977
370,0.02841644879968145,24.55236602416317,24.563790579528135,24.592207028327817,10.813000497242339
371,0.17074507138002892,24.592021291292138,24.669167830563627,25.28384191804984,11.402934276323936
372,0.012315642097633276,24.59346807017847,24.59346807017847,24.605783712276104,10.787971027292839
373,0.10815155123115514,24.68475012392955,24.68475012392955,24.923160287810365,11.107901371880581
374,0.08303464527094433,24.70293910444008,24.70293910444008,24.785973749711026,10.929128808677998
375,0.04722396737871355,24.78399728288364,24.785973749711026,24.83319771708974,10.926207872249448
376,0.04765556428911069,24.922141719850902,24.923160287810365,24.983453682080093,11.091700460314902
377,0.012637829980614785,24.953140987233986,24.953140987233986,24.965778817214602,11.002737984005275
378,0.034552110362788394,24.95466028285886,24.983453682080093,25.01800579244288,10.984604734155965
379,0.05552564925272883,24.972302201094536,25.01800579244288,25.07353144169561,10.983544886786703
380,0.05514769834012578,25.106347087256037,25.106347087256037,25.16149478559616,10.960506033828505
381,0.19496804628820635,25.195934592573042,27.00483822302853,27.215116564504402,13.023472825508161
382,0.053154200492657636,25.36409823276723,25.36409823276723,25.417252433259886,11.214450203983644
383,0.005607080884936991,25.434103368965026,25.434103368965026,25.43971044984996,11.276905506751289
384,0.14062136611130432,25.498754526783983,25.519847993133144,25.66046935924445,11.474149889887704
385,0.20941537782586062,25.53209718465031,28.88971766200198,29.25075569072249,14.915295675777122
386,0.057268842863201844,25.65940814389761,25.66046935924445,25.71773820210765,11.436586409072506
387,0.027649074155614056,25.716963668368937,25.71773820210765,25.762346054609857,11.446860873275599
388,0.016958778346590906,25.724729620794353,25.724729620794353,25.741688399140944,11.410512965721354
389,0.03244448964350566,25.760635982728722,25.762346054609857,25.794790544253363,11.373633546728087
390,0.033705554945125685,25.828453337044298,25.828453337044298,25.862158891989424,11.39874322099355
391,0.01719203582265766,25.953033264792154,25.953033264792154,25.97022530061481,11.535674540959212
392,0.07835676728178015,25.965730025034343,26.09473593686824,26.17309270415002,11.663484354479367
393,0.032216965609648165,25.990017249790476,25.990017249790476,26.05070587631348,11.57663204692789
394,0.02847166091335251,25.992016147965586,25.992016147965586,26.02048780887894,11.50339972477821
395,0.03962226013895032,26.188006174524144,26.188006174524144,26.227628434663096,11.715266869396714
396,0.11434110796065484,26.208519618353765,26.227628434663096,26.412992410375395,11.846949912489492
397,0.05976685011445931,26.27764597890448,26.27764597890448,26.33741282901894,11.71640863193704
398,0.011256017637185409,26.340594462710627,26.340594462710627,26.35185048034781,11.761439982166909
399,0.05051678410152668,26.506830082873364,26.506830082873364,26.55734686697489,11.919002799235491
400,0.3128002922518444,26.619087619885818,44.435847941742715,45.21391338245937,30.593041731125265
401,0.17963237884721298,26.638850861013267,26.63940107175952,27.00483822302853,12.367671255383199
402,0.13957975035918838,26.663492494738684,26.663492494738684,26.803072245097873,12.037380422631855
403,0.011041373093954655,26.84041211424747,26.84041211424747,26.851453487341427,12.207727234909159
404,0.24689804881911714,26.89708553729975,42.962404911017146,43.243951570715474,28.36145769177203
405,0.022587018373987522,26.93121545377115,26.93121545377115,26.953802472145135,12.249723733221115
406,0.012596630594665275,26.961335511077994,26.961335511077994,26.97393214167266,12.243472948017674
407,0.22881806494765852,26.98387513227811,29.25075569072249,29.746267595879257,14.942647172724554
408,0.014262543605823514,27.04633630011513,27.04633630011513,27.060598843720953,12.180889722799819
409,0.001047751581844094,27.169044791829947,27.169044791829947,27.17009254341179,12.298176743042438
410,0.0908324276661285,27.26520388925367,27.26520388925367,27.3560363169198,12.396268174376166
411,0.0735915508770241,27.288718636466307,27.3560363169198,27.42962786779682,12.481705057895812
412,0.10085818287805426,27.28892118839084,27.42962786779682,27.530486050674874,12.523569490809715
413,0.13810087038602104,27.290147016193067,27.530486050674874,27.84758879132422,12.863534568991447
414,0.16368145480399005,27.385628104079515,28.322022846882454,28.51831677268623,13.571160556763878
415,0.06853363200978041,27.547269311551812,27.547269311551812,27.65720818828769,12.685052554399817
416,0.04140524472609752,27.566904309501112,27.566904309501112,27.60830955422721,12.52013659026745
417,0.05358092996231408,27.644009539695187,27.65720818828769,27.710789118250005,12.655943889348604
418,0.15851892844154608,27.706723575972028,28.056561950434702,28.322022846882454,13.180739524098254
419,0.015482063565128856,27.75652144619249,27.75652144619249,27.77200350975762,12.696978993404167
420,0.04427166982512427,27.86897527670278,27.86897527670278,27.926497771599266,12.806871699837172
421,0.013250825071360002,27.898759077298838,27.898759077298838,27.912009902370198,12.72082713640854
422,0.05648352969122174,28.12551825686571,28.12551825686571,28.18200178655693,12.925957777652924
423,0.032583363631670956,28.184519144026467,28.184519144026467,28.234977582341454,12.994152814766725
424,0.017875074683318736,28.187309024857804,28.187309024857804,28.20518409954112,12.946704963223183
425,0.032612470999788715,28.40393172959643,28.40393172959643,28.436544200596217,13.118856623491947
426,0.023024174728034495,28.502138497084083,28.51831677268623,28.545958868192404,13.210357238221558
427,0.0046179207781376005,28.535815564367127,28.535815564367127,28.540433485145265,13.18429599857737
428,0.0423671677676593,28.536124474853196,28.545958868192404,28.588326035960062,13.193280400212814
429,0.0753941182593806,28.541747220527267,28.588326035960062,28.663720154219444,13.21061201888809
430,0.019810742908473743,28.845219051130382,28.845219051130382,28.865029794038854,13.418467450037667
431,0.06555241562903567,28.91155980764514,28.91155980764514,29.006074297879344,13.55638801777857
432,0.01655084024937249,28.950548477067773,28.950548477067773,28.967099317317146,13.52181736274355
433,0.012411234355797149,28.967098399700134,28.967099317317146,28.97951055167294,13.509557631968372
434,0.011224882728179808,28.997921632456993,29.006074297879344,29.01961933263966,13.511181860297508
435,0.0023201520321355423,29.01488480296247,29.01488480296247,29.017204954994607,13.475945286494829
436,0.04356312590012886,29.07020913074057,29.07020913074057,29.113772256640697,13.530029961749637
437,0.014398987283051204,29.294454697286607,29.294454697286607,29.30885368456966,13.746243421801774
438,0.03791104694318685,29.29889301912817,29.30885368456966,29.346764731512845,13.64695193834492
439,0.08309467707158309,29.372181735569605,29.372181735569605,29.455276412641187,13.593128814891784
440,0.29647079224018097,29.482400807767682,43.243951570715474,43.74415986740924,27.921565720576904
441,0.0843026217284224,29.50785010985979,29.50785010985979,29.59215273158821,13.737831584720416
442,0.11171638812188266,29.525790122225672,29.8534558193067,29.965172207428584,14.119851615990319
443,0.10165635063338152,29.637269443418607,29.746267595879257,29.8534558193067,13.964227028334404
444,0.04698650718286434,29.644533999894776,29.644533999894776,29.69152050707764,13.809732264265328
445,0.005531872794062519,29.787141938415946,29.787141938415946,29.79267381121001,13.948261144750171
446,0.05869231339024871,29.937712751567425,29.965172207428584,30.023864520818833,14.140899568320688
447,0.10583994221820986,29.990377063035524,30.30880198215248,30.41464192437069,14.46413636998654
448,0.03666911073197507,29.992730750807947,30.056972056926327,30.0936411676583,14.123263855681484
449,0.03310753610749537,30.006980102458098,30.023864520818833,30.056972056926327,14.057950114599558
450,0.06437646774178327,30.014556028015296,30.0936411676583,30.158017635400086,14.129598559602382
451,0.08932286805617122,30.10314647841874,30.158017635400086,30.30880198215248,14.264342512292133
452,0.06146147869622313,30.178599096768856,30.178599096768856,30.24006057546508,14.21589216041031
453,0.19530595352993024,30.206053904908686,31.110713266165757,33.679254866067716,17.680160710506737
454,0.0977302607511949,30.342253456640755,30.448422524672356,30.54615278542355,14.441743957056266
455,0.03378060030166467,30.38326922736204,30.41464192437069,30.448422524672356,14.374654810906991
456,0.1811504871416018,30.46217061327483,30.54615278542355,31.110713266165757,14.960723588509563
457,0.13017927097477286,30.56291368645634,30.56291368645634,30.715187729121137,14.55122111781211
458,0.0030378982924635896,30.58655551674521,30.58655551674521,30.589593415037676,14.460648201778282
459,0.019056873397558478,30.65065230194049,30.65065230194049,30.66970917533805,14.515520628064802
460,0.05332610111584626,30.785145324309227,30.785145324309227,30.838471425425073,14.625098289006331
461,0.01025268089581606,30.846892733339363,30.846892733339363,30.85714541423518,14.670229825945638
462,0.022578081145726056,30.84862361314921,30.85714541423518,30.879723495380908,14.675297320696963
463,0.0407207424656757,30.901896045459303,30.901896045459303,30.94261678792498,14.69582060956442
464,0.032227204815043944,30.91713173980555,30.94261678792498,30.985030003035664,14.639995342647659
465,0.06184513020205515,30.92612629128571,30.985030003035664,31.04687513323772,14.63369138973154
466,0.010186010295639739,30.947368947172464,30.947368947172464,30.957554957468105,14.561477696980154
467,0.053318637913648013,31.1127838169669,31.1127838169669,31.219443760529433,14.796862717401666
468,0.06764011985253543,31.12591224781772,31.284599324329395,31.35223944418193,14.913135736428375
469,0.02458412949637165,31.134705875449082,31.134705875449082,31.159290004945454,14.728056647982886
470,0.028757176152513168,31.146165045291617,31.159290004945454,31.188047181097968,14.717035936692422
471,0.18307326309690722,31.19851148801223,33.186493898546175,33.42707951832596,16.84484306611729
472,0.06515556379996376,31.201589140149284,31.219443760529433,31.284599324329395,14.74897705648386
473,0.07838607735281478,31.241155902613283,31.393930720370825,31.58600658636851,15.01522185338637
474,0.04169127618889536,31.321959531803785,31.35223944418193,31.393930720370825,14.836660341799082
475,0.02841512956777502,31.397213444935552,31.397213444935552,31.425628574503328,14.851790637593972
476,0.06252995898890619,31.39861161370435,31.425628574503328,31.488158533492236,14.862695973086469
477,0.02274470008818419,31.468389902827994,31.488158533492236,31.51090323358042,14.865067444936482
478,0.1389472539495757,31.471113480987352,31.85745201349031,31.996399267439884,15.204131272030718
479,0.08240027469371337,31.49147526941335,31.58600658636851,31.677184413635654,14.998060938565583
480,0.008777552573430854,31.58706327694751,31.58706327694751,31.59584082952094,14.809792764968956
481,0.06531218417223297,31.64418787228882,31.677184413635654,31.742496597807886,14.878916179230984
482,0.09066704291240142,31.663172364277774,31.742496597807886,31.85745201349031,14.948489309282776
483,0.16018714375088,31.701266760316685,31.996399267439884,32.70795132591407,15.790630067450666
484,0.024288372770024325,31.7588481578441,31.7588481578441,31.783136530614122,14.88293742996046
485,0.19426176757502345,31.794251035820867,34.527043746642676,34.96778361282731,17.991989467559875
486,0.12218305471942605,32.00787796660566,32.00787796660566,32.38137235076307,15.37162708386451
487,0.044311908732642014,32.0382742459642,32.0382742459642,32.08258615469685,15.063857631706407
488,0.07066736685793147,32.05724772554014,32.17001225053318,32.240679617391116,15.157311270743193
489,0.03133115246121216,32.06223047826753,32.08258615469685,32.11391730715806,15.081697498515105
490,0.05609494337512212,32.103706906082444,32.11391730715806,32.17001225053318,15.073234082535192
491,0.20045309394515762,32.175162949014016,38.19862265681562,38.39907575076078,21.337549164612984
492,0.03222856974373015,32.28078723601781,32.28078723601781,32.32969319402888,15.252710402579316
493,0.01347058502115681,32.29156276089371,32.29156276089371,32.30824014916105,15.226371363131204
494,0.0032068032461828556,32.29317377567778,32.29317377567778,32.29638057892396,15.220048598341418
495,0.05571595973804444,32.423302120086404,32.423302120086404,32.47901807982445,15.362780099596103
496,0.31197703377622776,32.450057430745595,44.023349826517574,44.3453063503413,27.214332615421903
497,0.046312660024066914,32.50946094535661,32.50946094535661,32.55577360538067,15.406742035064523
498,0.03358839927607744,32.54084295517641,32.55577360538067,32.60145333769016,15.456286091324765
499,0.012091333033410562,32.55757785746425,32.55757785746425,32.56966919049766,15.387711588174572
500,0.03016217849429717,32.59357540304139,32.60145333769016,32.63161551618445,15.424619992622901
501,0.08980882525085858,32.641961645953316,32.70795132591407,32.79776015116492,15.598828822093274
502,0.10237819968177807,32.78022828940128,32.79776015116492,33.059327653682054,15.761960788913736
503,0.08741145146287108,32.80225501072939,32.80225501072939,32.96144431356474,15.628935520158704
504,0.07177785137248031,32.81016321223644,32.81016321223644,32.88194106360892,15.473922330291959
505,0.10761253361911514,32.962013148487564,33.059327653682054,33.18074292342095,15.835639798115878
506,0.013802736119781781,33.07350927190956,33.07350927190956,33.087312008029336,15.714889171074987
507,0.00575097512522645,33.17679868115019,33.18074292342095,33.186493898546175,15.814362135285384
508,0.012845086526241082,33.26033230042334,33.26033230042334,33.273177386949584,15.858444932843916
509,0.023213720751479112,33.27394709952659,33.27394709952659,33.297160820278066,15.85558034705835
510,0.021453549405161698,33.2870673788358,33.297160820278066,33.318614369683225,15.859122863760835
511,0.2356922273134771,33.43778310672318,40.59805821822531,41.280492459265425,23.761696515994313
512,0.03440998672636607,33.57776592121708,33.57776592121708,33.61758585680365,16.057841375378302
513,0.12687261526449076,33.57859709791057,33.736898600363574,33.86377121562806,16.209073179848833
514,0.005409948860203987,33.579945722665215,33.579945722665215,33.58535567152542,16.010683510138954
515,0.01912000942639562,33.63601218221014,33.63601218221014,33.65513219163653,16.060543200965988
516,0.057643734295855314,33.676181859286054,33.679254866067716,33.736898600363574,16.05241906027054
517,0.11246823739104948,33.770238579157585,34.058006675561806,34.17344336329604,16.525563035016624
518,0.0978593114643146,33.77638645596048,33.86377121562806,34.058006675561806,16.3738449822864
519,0.04088206502865864,33.91201077556519,33.91201077556519,34.008386924034625,16.34205226718297
520,0.027902347248320046,33.92440635727231,33.92440635727231,33.95230870452063,16.271190271236037
521,0.027591736192448944,33.93645382135033,33.95230870452063,33.97990044071308,16.272814991861264
522,0.3201809677714589,34.06122811638938,45.2559201718916,45.9888686140565,28.292044895270553
523,0.0029684503431829353,34.10453651667725,34.10453651667725,34.10750496702043,16.344794787205732
524,0.06589352875021673,34.14263930111545,34.21604154930276,34.281935078052975,16.4720611991661
525,0.040849620962320816,34.15954143252385,34.17344336329604,34.21604154930276,16.401995889844176
526,0.001748565044399237,34.1839123300881,34.1839123300881,34.1856608951325,16.2585047927591
527,0.0843893309839171,34.23281582396854,34.281935078052975,34.36632440903689,16.396589012737298
528,0.09826521351211508,34.317607086950815,34.42877853313056,34.527043746642676,16.48518683889887
529,0.06245412409366964,34.32635261596457,34.36632440903689,34.42877853313056,16.277946011315624
530,0.09775564818779013,34.576195688226605,34.576195688226605,34.74237326640451,16.576477905702465
531,0.03190363016162218,34.577466851977995,34.577466851977995,34.610784752494745,16.402629735225737
532,0.02693709422114168,34.592294763835056,34.61874489813659,34.64568199235773,16.381658697530213
533,0.0014142703551269196,34.59718036202346,34.59718036202346,34.598594632378585,16.29857981995108
534,0.15451998994333185,34.59917003196334,34.96778361282731,35.13718744124793,16.76025375039841
535,0.007960145641847624,34.605922886619936,34.610784752494745,34.61874489813659,16.25990212156669
536,0.00020678961038352142,34.68616754613096,34.68616754613096,34.68637433574134,16.32392922273831
537,0.016622215461208328,34.75624454350319,34.75624454350319,34.772866758964405,16.362142431944324
538,0.042581017726599175,34.783157692628244,34.783157692628244,34.82573871035484,16.25524299958756
539,0.021097287243894876,34.90317160954528,34.90317160954528,34.92426889678918,16.224236559764236
540,0.005949045257285055,34.97213461608137,34.97213461608137,34.97808366133865,16.259364109853742
541,0.11190420399247258,35.04107341695855,35.13718744124793,35.249091645240405,16.37954712580165
542,0.008934793220009599,35.05416583611506,35.05416583611506,35.06310062933507,16.14395560392866
543,0.12384436306072963,35.09180307831684,37.44099615588811,37.5860034415623,18.52502136034124
544,0.07598101131206911,35.179262398575055,35.38815616397084,35.52028201906982,16.42773237442342
545,0.04723297149138136,35.213135318317676,35.249091645240405,35.29632461673179,16.14224553704798
546,0.05172371992178839,35.2535478929951,35.29632461673179,35.370141746577794,16.234083109262407
547,0.08785351060847822,35.257137914261364,35.52028201906982,35.60813552967829,16.381076371821013
548,0.022093409924215178,35.325837289293126,35.325837289293126,35.34793069921734,16.110125110284706
549,0.018014417393050455,35.3645245371748,35.370141746577794,35.38815616397084,16.136697822864328
550,0.03812155274747673,35.40046047214892,35.40046047214892,35.45210074044031,16.166545762050816
551,0.013518715543910775,35.41711696510557,35.41711696510557,35.43063568064948,16.030546177478055
552,0.004504575495524812,35.471975287721676,35.471975287721676,35.4764798632172,16.081601805845573
553,0.11257776632135659,35.524400169744375,35.8484518204868,36.62544244434663,17.165857004691436
554,0.06942750496864843,35.58455654985669,35.60813552967829,35.677563034646944,16.186781338065018
555,0.12166134113449159,35.586660394002905,37.13848797550656,37.26014931664105,17.659087961673276
556,0.0762755148050824,35.62761703287499,35.677563034646944,35.75383854945203,16.157644157562263
557,0.09370317705718316,35.701687758350694,35.75383854945203,35.8484518204868,16.175220355437155
558,0.000910093977584531,35.78278167857603,35.78278167857603,35.78369177255362,16.153235768851072
559,0.08849275704023318,35.87148111110849,35.87148111110849,35.98045031350951,16.27560040786248
560,0.02047644536078309,35.93672476761241,35.93672476761241,35.957201212973196,16.268839500079945
561,0.029003065349585123,35.9533408791586,35.98045031350951,36.00945337885909,16.228838142180663
562,0.0725160152933456,36.01465004400054,36.01465004400054,36.087166059293885,16.25146722031058
563,0.024524264011959052,36.09059444865589,36.09059444865589,36.12262376633122,16.337600321235264
564,0.007505053663373612,36.09448477699722,36.09448477699722,36.10198983066059,16.28868259721982
565,0.07302497709939154,36.096903695828516,36.314213309260964,36.38723828636036,16.55631744506294
566,0.0678213271811043,36.108884436354714,36.12262376633122,36.21428515801342,16.266497276427607
567,0.05561734338748743,36.143101101413826,36.21428515801342,36.28553340412251,16.338463389258248
568,0.023840064501083877,36.15749439523156,36.15749439523156,36.181334459732646,16.195659891894323
569,0.126800669365659,36.18437886971762,37.5860034415623,37.719086621759416,17.692831721211892
570,0.0156309027216007,36.23337205073482,36.23337205073482,36.249002953456426,16.223882239420714
571,0.028679905138450187,36.27090129157492,36.28553340412251,36.314213309260964,16.183003665565668
572,0.09920160674037708,36.38416925864407,36.62544244434663,36.74984482638843,16.59362113091458
573,0.03438543265725968,36.38958588408818,36.38958588408818,36.42397131674544,16.223855857023338
574,0.059668344921378375,36.43347109151143,36.43347109151143,36.556366395644226,16.349952765825453
575,0.09922843040708716,36.438997694117816,36.98020494039842,37.09918812629734,16.8862753727318
576,0.013008430188674298,36.441710202233146,36.441710202233146,36.45471863242182,16.224447931134346
577,0.03940550372207674,36.45516091894375,36.45516091894375,36.49456642266583,16.211308129506147
578,0.010813025300659992,36.50623263037313,36.50623263037313,36.51704565567379,16.258497240986294
579,0.024902238669230116,36.66105901587006,36.66105901587006,36.685961254539286,16.387221588012554
580,0.02619784260450019,36.723946653421855,36.74984482638843,36.776042668992936,16.466479832294656
581,0.00029853663219238423,36.74279054791355,36.74279054791355,36.743089084545744,16.42883325767357
582,0.07111676325527223,36.76198570026828,36.84471295844156,36.98020494039842,16.594264521108034
583,0.06867028944862906,36.77061834537115,36.776042668992936,36.84471295844156,16.42332328072668
584,0.1384716491778434,36.84640388834285,37.81906353848827,38.08409386291025,17.699671818920574
585,0.024396563944698732,36.86526734521556,36.86526734521556,36.889663909160255,16.428435230426565
586,0.039978654756894,36.867284140488366,36.889663909160255,36.92964256391715,16.448924675829947
587,0.010239501852731916,37.01277954867249,37.01277954867249,37.02301905052522,16.508044449875072
588,0.009515253639097887,37.0335419522099,37.0335419522099,37.043057205849,16.527488549994573
589,0.018979687592207924,37.08357952297479,37.09918812629734,37.11816781388955,16.51631431837074
590,0.020320161617010103,37.10783802697836,37.11816781388955,37.13848797550656,16.419233612418918
591,0.10534886633705706,37.15655333557754,37.26014931664105,37.44099615588811,16.624497671078533
592,0.05166707391554659,37.280825983303515,37.280825983303515,37.356323956213515,16.58218181002808
593,0.023830898994456253,37.30673266951271,37.30673266951271,37.330563568507166,16.532334495172154
594,0.02116292261346321,37.509645770342274,37.509645770342274,37.53080869295574,16.71561749088322
595,0.006282510831462143,37.597881712134665,37.597881712134665,37.604164222966126,16.773265468780973
596,0.07015403619393305,37.67771160474984,37.719086621759416,37.81906353848827,16.915476234581604
597,0.02982288053492344,37.726853269187494,37.726853269187494,37.756676149722416,16.88367272848599
598,0.06518456812339625,37.84375317450982,37.84375317450982,37.90893774263322,16.974834351400563
599,0.00714326352413926,37.913021559793286,37.913021559793286,37.92016482331743,17.003752582324697
600,0.016888029582263306,37.958968017077446,37.958968017077446,37.97585604665971,17.059693923778504
601,0.023838981581312316,37.96825799012569,37.989359879092724,38.01319886067404,17.062882794264233
602,0.013503832433019647,37.97121095473381,37.97585604665971,37.989359879092724,17.044508491047758
603,0.11452879390537123,38.06642916868181,38.08409386291025,38.19862265681562,17.152162540203566
604,0.0919543349592389,38.388317667808,38.39907575076078,38.824636595535125,17.858374384168343
605,0.005413026698809632,38.40641832680693,38.40641832680693,38.41183135350574,17.425649429745842
606,0.05976143022050496,38.40822775282147,38.41183135350574,38.471592783726244,17.365514837032553
607,0.015001899196234202,38.47505413331154,38.47505413331154,38.49005603250777,17.40417592777232
608,0.026711008084196887,38.475928953901736,38.49005603250777,38.51676704059197,17.393604269730897
609,0.0392209993130525,38.48827124760742,38.53974786047943,38.57896885979248,17.425047806407047
610,0.022980819887456955,38.49859975208877,38.51676704059197,38.53974786047943,17.3566071811014
611,0.0532471694136681,38.49862588700989,38.57896885979248,38.63221602920615,17.39438345548421
612,0.07471944265943577,38.57334806736918,38.63221602920615,38.71778749068741,17.461343621827716
613,0.01085201882181984,38.63677518311109,38.63677518311109,38.64762720193291,17.428668192660574
614,0.02237021132982106,38.72869413094252,38.72869413094252,38.75106434227234,17.513169761238693
615,0.1879238184434842,38.7537373548775,38.824636595535125,39.628202525496924,18.340478567767487
616,0.003328484190101528,38.80290321634935,38.80290321634935,38.80623170053945,17.51943006017664
617,0.03105677067752093,38.87172597023501,38.87172597023501,38.902782740912535,17.577878542633258
618,0.031058725276383977,38.87225815710596,38.902782740912535,38.933841466188916,17.60311863565919
619,0.02933950423213854,38.921810711899305,38.933841466188916,38.96318097042106,17.569292742361807
620,0.031307527051494095,38.9714645186981,38.9714645186981,39.002772045749595,17.61737051894859
621,0.09135048315828344,38.9925472701338,39.09133881552526,39.18268929868355,17.782183358596793
622,0.06230703884075803,38.99969517100743,39.002772045749595,39.09133881552526,17.621583466721173
623,0.02625973093491103,39.01364334649609,39.01364334649609,39.039903077431,17.592113690326567
624,0.14290745226746926,39.106767256569185,39.93122012358157,40.109041156067434,18.679584808058117
625,0.088188436655739,39.123768034851004,39.26342721569769,39.35161565235343,17.863914055944097
626,0.08073791701413736,39.17131591036644,39.18268929868355,39.26342721569769,17.729396243885297
627,0.11607101526804024,39.30524396025793,39.35161565235343,39.46768666762147,17.971947509460758
628,0.15864199010120097,39.361998734594174,40.11990039990088,40.30026298885225,18.754123738821907
629,0.027964962408895306,39.46252802365225,39.46768666762147,39.495651630030366,17.918255881997958
630,0.08389615265814439,39.550946724381745,39.628202525496924,39.7223858227769,18.057619100766296
631,0.12416949519222274,39.58966059393722,39.7223858227769,39.93122012358157,18.217852645805177
632,0.010287144621834492,39.65110104844985,39.65110104844985,39.66138819307169,17.954612208693554
633,0.03765772079840724,39.748804297186794,39.748804297186794,39.7864620179852,18.00672572396995
634,0.04700708481404127,39.80027161019645,39.80027161019645,39.84727869501049,18.005070202944268
635,0.015616552981304368,39.97572267189035,39.97572267189035,39.99133922487166,18.146703850417325
636,0.019297027237088253,40.047753333762124,40.047753333762124,40.06705036099921,18.215859392374785
637,0.2173924296341438,40.1075786516441,40.30026298885225,40.577868132825905,18.719272869996516
638,0.010859243833445949,40.10852889954743,40.109041156067434,40.11990039990088,18.25552342383346
639,0.016473273446763328,40.23075438608901,40.23075438608901,40.252474984939184,18.378275002190396
640,0.005247325403411489,40.23421769932597,40.23421769932597,40.23946502472938,18.362201770346083
641,0.014208666466730581,40.336568030002134,40.336568030002134,40.35077669646886,18.440576805446614
642,0.037053447958638554,40.38290778719746,40.38290778719746,40.4199612351561,18.472506369764915
643,0.008950599914134962,40.54576595687666,40.54576595687666,40.554716556790794,18.63103133078233
644,0.020190085399405897,40.569368993284165,40.577868132825905,40.59805821822531,18.659544495068424
645,0.05207571736292838,40.684040851474286,40.684040851474286,40.73611656883721,18.767667992925126
646,0.060116163065746,40.6890583209117,40.73611656883721,40.81991734744377,18.847910354198714
647,0.023684615540816814,40.74590050494778,40.74590050494778,40.76958512048859,18.7956411885378
648,0.10743813363983308,40.765762400524274,40.857303918799104,40.964742052438936,18.838325885477847
649,0.03738657135533406,40.78889902117722,40.81991734744377,40.857303918799104,18.756062171209976
650,0.06774210212813435,41.00749456022127,41.00749456022127,41.075236662349404,19.00350368560009
651,0.04888414442882345,41.07504545006324,41.075236662349404,41.12412080677823,18.985344848343253
652,0.043032485022059634,41.15958913242305,41.15958913242305,41.209003698628074,19.060401644148005
653,0.006382081182963773,41.16232205532708,41.16232205532708,41.168704136510044,19.046225582382327
654,0.013098803261524837,41.30794576551903,41.30794576551903,41.32104456878056,19.116743208976985
655,0.011020550777007669,41.38295161801638,41.38295161801638,41.39397216879338,19.081962702010088
656,0.04793353966187957,41.41990027585059,41.41990027585059,41.47177920575017,19.129814199447633
657,0.0039453902377039165,41.4429321433063,41.4429321433063,41.446877533544004,19.11366005049111
658,0.13644570067694858,41.45490714699135,41.70182832727276,41.83827402794971,19.43836446351912
659,0.1085887678374528,41.53005359445375,41.593239559435304,41.70182832727276,19.193216374794126
660,0.10018644481527234,41.798462255137274,41.88270126365679,42.07240124655183,19.589963496633604
661,0.04442723570708206,41.80139835346265,41.83827402794971,41.88270126365679,19.365756090462444
662,0.06971877072924515,41.903199008402105,41.903199008402105,41.98037124412008,19.415976981493984
663,0.007453464988730952,41.94706965317203,41.94706965317203,41.95452311816076,19.34568220542102
664,0.09000682156528994,42.01649758866525,42.13157713101474,42.221583952580026,19.52749681828271
665,0.05917588446291124,42.031920823611195,42.07240124655183,42.13157713101474,19.351389369135717
666,0.012341302361786578,42.04478126683664,42.04478126683664,42.05712256919843,19.212288672273942
667,0.06867163401765826,42.1580688231059,42.221583952580026,42.30736961133014,19.394392959589982
668,0.15368960556294936,42.17784047350969,42.30736961133014,42.46105921689309,19.594683964616443
669,0.017114024732448538,42.24115107929512,42.24115107929512,42.25826510402757,19.33938693525277
670,0.07403678084868641,42.45913591234005,42.46105921689309,42.53509599774178,19.541266666889243
671,0.004440341137433646,42.58531622438309,42.58531622438309,42.589756565520524,19.613948892271765
672,0.011084812130585976,42.62548777154831,42.62548777154831,42.63657258367889,19.663268092204984
673,0.004504796842008031,42.63624993737831,42.63657258367889,42.6410773805209,19.653886670344704
674,0.04568663733128236,42.694916777093916,42.694916777093916,42.740603414425195,19.752810083998583
675,0.07673657100133323,42.739253452948425,42.740603414425195,42.863958915095346,19.819230729263204
676,0.018601614425260007,42.77746915385052,42.77746915385052,42.796070768275776,19.757050040166607
677,0.02439648137429556,42.78810574961526,42.79969160214504,42.824088083519335,19.752586126262557
678,0.003620833869264584,42.79465677084808,42.796070768275776,42.79969160214504,19.747075289575488
679,0.03464861087920614,42.97971450926786,42.97971450926786,43.01436312014707,19.912359057273157
680,0.0075883916420677695,43.30490859514406,43.30490859514406,43.31249698678613,20.21130354003788
681,0.010582776651658646,43.3130396289031,43.3130396289031,43.32362240555476,20.212108870906253
682,0.03941971620496734,43.428309057785455,43.428309057785455,43.46772877399042,20.33863716034934
683,0.049668231774703135,43.46059136867218,43.46772877399042,43.517397005765126,20.344594423949655
684,0.051503208723183834,43.57165319856518,43.57165319856518,43.62315640728836,20.478566999763007
685,0.03545361446560222,43.60731811161485,43.62315640728836,43.66813158674537,20.476904083875436
686,0.009521564991403613,43.62559852296434,43.62559852296434,43.63512008795574,20.454876812814863
687,0.0741284911919163,43.704191530813,43.74415986740924,43.915555839165734,20.70241080490567
688,0.05543788077102361,43.75663506898008,43.75663506898008,43.812072949751105,20.589308098456957
689,0.041829599793560004,43.80354488907877,43.812072949751105,43.853902549544664,20.54697391468862
690,0.06918941192758751,43.91148981110181,43.915555839165734,43.98474525109332,20.642165893503307
691,0.038604575424254356,43.95747836175329,43.98474525109332,44.023349826517574,20.664239337657964
692,0.00997949004749595,44.05574312298571,44.05574312298571,44.06572261303321,20.731851482112695
693,0.04463572575472639,44.3027000552448,44.3453063503413,44.38994207609603,21.035982413860346
694,0.04590586564668761,44.38115399669358,44.38994207609603,44.435847941742715,20.967695911973216
695,0.08523660167419411,44.54653703877397,44.54653703877397,44.631773640448166,21.13495011067197
696,0.060654762873269215,44.57784239840615,44.631773640448166,44.73088762501109,21.216434895016906
697,0.03845922168965613,44.64576417267858,44.64576417267858,44.68422339436824,21.035119117660617
698,0.0989403871656092,44.69409713956412,44.86327916991007,44.98403174507193,21.343541497182663
699,0.04922753720171727,44.69596672828561,44.73088762501109,44.787405599416125,21.12753996212222
700,0.007290437203313851,44.73817797127585,44.73817797127585,44.74546840847917,21.08077669538262
701,0.07587357049394845,44.75784971723489,44.787405599416125,44.86327916991007,21.125208543263007
702,0.021812187996245694,44.93773032428295,44.93773032428295,44.9595425122792,21.25962133066106
703,0.022078571921008372,45.045164228994466,45.045164228994466,45.06724280091547,21.361218988035535
704,0.005691870245838273,45.17267167260868,45.17267167260868,45.17836354285452,21.46662966595747
705,0.04200678943223488,45.19679367994942,45.21391338245937,45.2559201718916,21.46105776110023
706,0.024180275235106415,45.33905454425701,45.33905454425701,45.363234819492114,21.562324808707316
707,0.12155496438476045,45.389144977446,45.389144977446,45.61967839757592,21.78859086279628
708,0.08302869964743986,45.399261305740055,45.399261305740055,45.49852474627985,21.616944676617415
709,0.016234740892350493,45.44350368845036,45.44350368845036,45.459738429342714,21.575858000807333
710,0.009715015205360656,45.51265546815086,45.51265546815086,45.52237048335622,21.627035994225416
711,0.03349221199365313,45.60298567081242,45.61967839757592,45.65317060956957,21.669427313446505
712,0.011383816468032104,45.688465901059175,45.688465901059175,45.69984971752721,21.73727191577377
713,0.04461168407561604,45.69046203332752,45.69984971752721,45.74446140160283,21.721710412209198
714,0.04595038818804715,45.79648181101067,45.79648181101067,45.86504787750179,21.850688231955708
715,0.022615678303069802,45.807190301463805,45.807190301463805,45.829805979766874,21.81005654726501
716,0.041486068547531785,45.97665818175439,45.9888686140565,46.030354682604035,21.942808795015857
717,0.05894276491140445,46.101944346012715,46.101944346012715,46.16088711092412,21.944327355575542
718,0.03664041370349531,46.28344976199368,46.28344976199368,46.32297356242863,22.0319267614875
719,0.0028833867314522464,46.3171664254296,46.3171664254296,46.32004981216105,22.01513027719981
720,0.022301647040306443,46.377389365581536,46.377389365581536,46.399691012621844,21.974728706470582
721,0.020459324151108977,46.382798585393616,46.399691012621844,46.420150336772956,21.984965437939156
722,0.07433118290314308,46.40347504004137,46.420150336772956,46.4944815196761,22.02221805568985
723,0.25032155549196616,46.471211025599914,46.4944815196761,46.7733749188281,22.2863665150159
724,0.009875521699611794,46.55252738593476,46.55252738593476,46.56240290763437,22.06117527127104
725,0.01168977100907535,46.62460756769407,46.62460756769407,46.636297338703145,22.112427300222702
726,0.007006550951343282,46.75084158311602,46.75084158311602,46.757848134067366,22.191857416524904
727,0.07488362711776014,46.75200129818993,46.7733749188281,46.84825854594585,22.143011405710848
728,0.06293433244026826,46.80996286986993,46.84825854594585,46.9302118835334,22.158076991267002
729,0.019019005147281654,46.858983757586856,46.858983757586856,46.878002762734134,22.12616468667246
730,0.24420049945551556,46.89017682371509,46.9302118835334,47.484866415197665,22.692675192603406
731,0.18322684852131832,46.94889587038668,46.94889587038668,47.133549682058984,22.33156063959193
732,0.0014269631509935567,46.95996321803356,46.95996321803356,46.96139018118455,22.14760452087423
733,0.04244818200665183,47.13249478138629,47.133549682058984,47.175997864065636,22.29296027313566
734,0.0447048929159519,47.195787405320885,47.195787405320885,47.262937597003365,22.37746755794743
735,0.022445298766526903,47.195797405139906,47.195797405139906,47.218242703906434,22.35376121733025
736,0.016201846847307955,47.278833864308865,47.278833864308865,47.295035711156174,22.424482034401574
737,0.0824270117908543,47.4820428852155,47.484866415197665,47.58542038331631,22.608664780556392
738,0.1654800841933169,47.49985503665301,47.58542038331631,47.81666590169683,22.880519815799502
739,0.01812695632779229,47.508273772423415,47.508273772423415,47.526400728751206,22.556766550352144
740,0.015120194315360085,47.6374110933055,47.6374110933055,47.65253128762086,22.618125785758217
741,0.05064523987183958,47.65069118627304,47.65253128762086,47.7031765274927,22.61798942027865
742,0.11456449549932995,47.813838057360236,47.81666590169683,47.94526415405521,22.84934792223009
743,0.008212069734450463,47.826152633595854,47.826152633595854,47.8343647033303,22.655442796113764
744,0.13231440193492472,47.842699440665676,48.39858764650136,48.554942600339494,23.34940648891301
745,0.0058216871246030725,47.885640766339954,47.885640766339954,47.891462453464555,22.683931661474784
746,0.12722429506357671,47.90663381185668,47.968593865031195,48.18919432135441,22.960952228155524
747,0.023329710975982597,47.931113756951014,47.94526415405521,47.968593865031195,22.730917219209427
748,0.09337616125963184,47.99741038168646,47.99741038168646,48.09078654294609,22.776540062960738
749,0.09353295823568088,48.164180628645575,48.18919432135441,48.339814176807735,23.0524301940211
750,0.018671722000714947,48.22736509651474,48.22736509651474,48.246036818515456,22.96793558569885
751,0.03841517521692718,48.22878863866084,48.246036818515456,48.28445199373238,22.92393725918865
752,0.05877346969362876,48.23450949577292,48.339814176807735,48.39858764650136,23.041315643218216
753,0.1503936144252474,48.396230848105446,49.33458341698822,49.49864052347483,24.07327100328757
754,0.02404055190320174,48.47252465175412,48.47252465175412,48.496565203657326,23.02802194154989
755,0.09414349212168877,48.521134894354574,48.554942600339494,48.64908609246118,23.066567665149517
756,0.09200695963364693,48.58869021796104,48.70829988911568,48.80030684874933,23.15463950940202
757,0.05921379665449488,48.59897770083055,48.64908609246118,48.70829988911568,23.03681193205601
758,0.1142461531656135,48.702632482947095,48.91348168432618,49.027727837491796,23.339839591994814
759,0.05582488119709259,48.76730585980045,48.80030684874933,48.85613172994642,23.140358182472994
760,0.22751368350676804,48.80544817108602,52.40607627295833,52.78698474475284,27.03524115867202
761,0.0331355478732342,48.828636749954164,48.85613172994642,48.91348168432618,23.119185685009384
762,0.02421440650652374,48.86338738926721,48.86338738926721,48.88760179577373,23.082722086985694
763,0.06810358423833733,48.97815624917457,49.04704696276163,49.11515054699996,23.139070701232804
764,0.01931912526983287,49.022511078591045,49.027727837491796,49.04704696276163,23.128761246065743
765,0.08526741954725985,49.0377987229414,49.11515054699996,49.20542270922773,23.221331334998343
766,0.005004742680514716,49.115406111143045,49.115406111143045,49.12041085382356,23.149099791404183
767,0.07713973390335226,49.156641328145454,49.20542270922773,49.282562443131084,23.289256676290236
768,0.22603005328397413,49.18686312099849,51.91354504720531,52.23232713375828,26.221816069920656
769,0.20034381349112781,49.22032472699101,51.71320123371418,51.91354504720531,25.70399713335423
770,0.05202097385713077,49.262554414715794,49.282562443131084,49.33458341698822,23.271648270890022
771,0.013663492061366864,49.46787834276495,49.46787834276495,49.48154183482632,23.424519680880383
772,0.059106949251337484,49.483333906514936,49.49864052347483,49.5830873180866,23.49909746618205
773,0.14310825397351964,49.506474917315344,49.789850525940714,50.03850258196481,23.92116251356446
774,0.058044934767444836,49.5221911535108,49.5830873180866,49.64113225285404,23.386238606188172
775,0.02533984536042825,49.52416577762684,49.52416577762684,49.54950562298727,23.313758449146224
776,0.06466600713629725,49.528056591811776,49.64113225285404,49.70579825999034,23.42233883460802
777,0.07308110009268735,49.57611892085755,49.70579825999034,49.778879360083025,23.536242829716123
778,0.17887314775376492,49.587839988611535,50.552775240396414,51.54425138690839,25.287309956176777
779,0.010971165857689346,49.77482819713781,49.778879360083025,49.789850525940714,23.509823433572876
780,0.08499010415602716,49.81893727350496,49.81893727350496,49.92448107555553,23.583516405243486
781,0.020553697894546905,49.862236701293625,49.862236701293625,49.882790399188174,23.51893264679418
782,0.16623327450566577,50.03188952318509,50.03850258196481,50.36777453862252,23.889269510438947
783,0.023885520223849262,50.07452880846034,50.07452880846034,50.09841432868419,23.637954516304987
784,0.09546135587895466,50.10159031671091,50.10159031671091,50.210063026117666,23.672615209704418
785,0.013011353527800298,50.116691592161594,50.116691592161594,50.129702945689395,23.65295534929785
786,0.17314136341223918,50.12915190159216,50.36777453862252,50.552775240396414,23.98131384721549
787,0.026154153625274717,50.280249879698744,50.280249879698744,50.30640403332402,23.71761497077803
788,0.0045262988961597824,50.30359591742818,50.30640403332402,50.31093033222018,23.71724145298218
789,0.011859338361652509,50.49566860538953,50.49566860538953,50.507527943751185,23.895250007410507
790,0.09455422220831264,50.57746875037505,50.57746875037505,50.672022972583356,23.915908222368436
791,0.08414169551648269,50.68710934902305,50.68710934902305,50.77125104453954,24.003369299667128
792,0.05695542452870635,50.75876750017171,50.77125104453954,50.82820646906825,23.96533605993343
793,0.12260060081897116,50.82929673918181,50.82929673918181,50.977273511491404,24.077820524309267
794,0.025376171490630452,50.92010009033568,50.92010009033568,50.94547626182631,24.051955038879587
795,0.04645940043031658,50.93937401752408,50.977273511491404,51.02373291192172,24.08930432210066
796,0.018952518027410215,51.03337877767596,51.03337877767596,51.052331295703375,24.125898247572042
797,0.1176206616298885,51.03795885994195,51.052331295703375,51.16995195733326,24.11670154339844
798,0.019187703264995092,51.16834190612754,51.16995195733326,51.18913966059826,24.08097172545457
799,0.09965706102016557,51.20945296254701,51.20945296254701,51.30911002356718,24.197439343772
800,0.014510167710049603,51.29746094874465,51.30911002356718,51.32362019127723,24.163456368636208
801,0.04049062096418458,51.351702747772904,51.351702747772904,51.39551017283054,24.198524871364953
802,0.003316804093448024,51.374991638673876,51.374991638673876,51.37830844276733,24.17262104889752
803,0.025094265389509637,51.4250287821297,51.4250287821297,51.45012304751921,24.21512515342048
804,0.04368568166513847,51.4542738026802,51.4542738026802,51.49795948434534,24.231773543376306
805,0.10049466496700542,51.52182492588059,51.59004499603337,51.71320123371418,24.446205308992567
806,0.04579360912497798,51.52789422177359,51.54425138690839,51.59004499603337,24.290845046248638
807,0.022661572713801995,51.655986986188104,51.655986986188104,51.678648558901905,24.36108256844175
808,0.030496509983657466,52.02752061905768,52.02752061905768,52.05801712904134,24.736638697255632
809,0.0622555232853447,52.04580565860782,52.05801712904134,52.12027265232668,24.64040421958016
810,0.14824818741780524,52.212072586692834,52.23232713375828,52.40607627295833,24.962424350934704
811,0.014931575948059942,52.315378911682295,52.315378911682295,52.330310487630356,24.851694229546666
812,0.010569375834178838,52.370515636143544,52.370515636143544,52.381085011977724,24.85674362925865
813,0.09973400510894333,52.481068087463946,52.481068087463946,52.58080209257289,24.943781333366413
814,0.018497653119143063,52.60636068711987,52.60636068711987,52.62485834023901,25.0688713810978
815,0.004899586631287007,52.6777269574848,52.6777269574848,52.68262654411609,25.14311529196278
816,0.002479857524590589,52.68183042578707,52.68262654411609,52.68510640164068,25.078022109565065
817,0.0083217538955206,52.695159791904274,52.695159791904274,52.7034815457998,25.066300294595994
818,0.09744209179663427,52.700496516306735,52.982091232560954,53.07953332435759,25.395531511204496
819,0.01946193200825681,52.71036541496675,52.71036541496675,52.72982734697501,24.945844616642976
820,0.06541255842562961,52.72489878494908,52.80841413745563,52.94209928276147,25.121823262031153
821,0.021429392702785714,52.782563803087235,52.78698474475284,52.80841413745563,24.971512317620494
822,0.03649499875009831,52.81474936045577,52.81474936045577,52.85135689985389,24.97743994443971
823,0.00011254064802164347,52.83420507565013,52.83420507565013,52.83431761629815,24.94162741832371
824,0.031665047482095546,52.878558986961856,52.878558986961856,52.91022403444395,24.97278268104293
825,0.03999194979948584,52.917660691214195,52.94209928276147,52.982091232560954,24.986807589158214
826,0.0674998490979574,53.026200490142514,53.11121847610571,53.28070783899548,25.2808774733994
827,0.031685151748123655,53.07372749663254,53.07953332435759,53.11121847610571,25.074443760533867
828,0.030044451108494446,53.12158053488486,53.12158053488486,53.15162498599336,25.123840577148794
829,0.04478738850572066,53.14441220453764,53.15162498599336,53.196412374499076,25.055468077037915
830,0.027157674177600028,53.213077035103026,53.213077035103026,53.24023470928063,25.095533640769027
831,0.0769270101112507,53.31064469651346,53.31064469651346,53.387571706624705,25.133380644065426
832,0.08352103811928281,53.44462946274368,53.44462946274368,53.52815050086296,25.2659433773477
833,0.19101072381579892,53.46366522592214,53.88610765550876,54.811611413628626,26.523177971510954
834,0.1347899854490153,53.49307455141597,53.75131767005974,53.88610765550876,25.368408975283412
835,0.05993993677217853,53.51351601098606,53.52815050086296,53.58809043763514,25.091302668580962
836,0.09933932419167876,53.55238365671484,53.58809043763514,53.75131767005974,25.16378782681953
837,0.041492135779003056,53.61746443641171,53.61746443641171,53.68135234464463,25.12333271639202
838,0.022395772453920267,53.62101881923274,53.62101881923274,53.64341459168666,25.098147063106765
839,0.23292137366535445,53.76053365698628,60.61230625158092,61.001325192552954,32.45706515232557
840,0.019886415501096082,53.90694507506216,53.90694507506216,53.92683149056326,25.34701543831593
841,0.16960147254930774,53.91755575192556,53.92683149056326,54.16088761245629,25.4485836071094
842,0.06445464934372291,53.948251656371944,53.948251656371944,54.01270630571567,25.20875719550733
843,0.06747038956217243,54.106169185260036,54.16088761245629,54.22835800201847,25.436776107839687
844,0.1603525106118703,54.20888303970409,54.22835800201847,54.40171057192262,25.54866673256475
845,0.013000059292279315,54.373367901624746,54.373367901624746,54.38636796091703,25.525322954334207
846,0.022604228547016558,54.37920245828863,54.40171057192262,54.42431480046964,25.530332276287293
847,0.07264995794022779,54.42856102760093,54.42856102760093,54.50121098554116,25.626072748605754
848,0.08001786648009851,54.49775995472715,54.50121098554116,54.581228852021255,25.625214769127695
849,0.0001304646053598295,54.58729353952407,54.58729353952407,54.58742400412943,25.709983587728605
850,0.049931807043063055,54.594873823483596,54.594873823483596,54.64480563052666,25.71335222402299
851,0.014393212827835714,54.66067467058231,54.66067467058231,54.675067883410144,25.736785903354043
852,0.13383347042932764,54.69855055629212,55.63156839414936,55.90132744299051,26.87764176271513
853,0.14623607152488963,54.77346977763768,55.90132744299051,56.047563514515396,26.72054566059193
854,0.12077457936506597,54.78523847437841,54.811611413628626,54.93279684828332,25.700802749291128
855,0.00041085528962110125,54.85476147162873,54.85476147162873,54.85517232691835,25.629481078358552
856,0.04338851735973233,54.89559517898305,54.93279684828332,54.97618536564305,25.7167091225778
857,0.18200810415104293,54.90139527459818,59.59452470142187,59.86963002495255,30.569404380971644
858,0.06525879545002986,54.96057915759491,55.01261283376085,55.08896180987306,25.772414444359285
859,0.03642746811780241,54.96383166149114,54.97618536564305,55.01261283376085,25.6735233170577
860,0.12579229486930416,55.03206227606814,55.110729627919646,55.27266212671411,25.938373748254964
861,0.011090180662186576,55.045591114284555,55.045591114284555,55.05668129494674,25.712106750559364
862,0.02176781804658404,55.07507557532762,55.08896180987306,55.110729627919646,25.747324780725524
863,0.093140703665616,55.16776853270079,55.27266212671411,55.41727038249704,25.993159890223136
864,0.11802845502889443,55.16868322434636,55.41727038249704,55.53529883752593,26.109957207098052
865,0.012190668847347392,55.206388269322375,55.206388269322375,55.21857893816972,25.85120620541452
866,0.17346441724026399,55.225356908363096,58.69470060348025,58.940119193436416,29.445708434232813
867,0.014786093795079466,55.22536445358465,55.22536445358465,55.240150547379734,25.776029465675766
868,0.009163441282733128,55.244283589913366,55.244283589913366,55.253447031196096,25.657965167922683
869,0.05146755211730782,55.29213987233649,55.29213987233649,55.3436074244538,25.662122443781694
870,0.09626955662343596,55.46272489336086,55.53529883752593,55.63156839414936,25.90084308712957
871,0.09912534282240491,55.63693490359444,55.63693490359444,55.740168732425296,26.08387637158802
872,0.0041084860084568105,55.640152551618,55.640152551618,55.64426103762646,25.95782508883697
873,0.1465387911706394,55.728292787425865,56.047563514515396,56.19410230568604,26.465464774987165
874,0.00036847466189897317,55.789290320892675,55.789290320892675,55.78965879555457,25.998451176983302
875,0.2483150377850168,55.8190528868568,62.59190623581406,62.84792621415068,33.00406829036504
876,0.016719484506380448,55.83538156663127,55.83538156663127,55.85210105113765,25.991968725503295
877,0.01560379041267376,55.86132085779009,55.86132085779009,55.87692464820277,25.99996800429623
878,0.19829004571977554,56.09065758053491,60.02738465548341,60.61230625158092,30.66242759707283
879,0.05936552774498371,56.173209241824964,56.19410230568604,56.253467833431024,26.269693444120506
880,0.12632740205714615,56.2001488729576,56.253467833431024,56.40008038806777,26.40872863635203
881,0.16212959433809573,56.24252561880731,56.55707778721355,56.7267878415407,26.697757165293076
882,0.020285152579603668,56.29617594278191,56.29617594278191,56.31646109536151,26.226327028734374
883,0.12150427209548562,56.30815735588183,56.433102051478244,56.55707778721355,26.381964117802067
884,0.033021663410470053,56.38882536751501,56.40008038806777,56.433102051478244,26.28662662251949
885,0.16732302882329275,56.4148631649977,56.78779792006821,57.0635255405317,26.849027158635266
886,0.0024714636398209277,56.502197323846396,56.502197323846396,56.50466878748622,26.228921841010767
887,0.00758045998905171,56.64163089980167,56.64163089980167,56.64921135979072,26.340895961104884
888,0.06101007852750694,56.72484040363892,56.7267878415407,56.78779792006821,26.40084804723697
889,0.014444628933579583,56.80994661003677,56.80994661003677,56.82439123897035,26.481653127960612
890,0.02578610593716727,56.91114590410385,56.91114590410385,56.93693201004101,26.579910670206143
891,0.055427657412508415,56.92245350393245,56.93693201004101,56.99235966745352,26.629454429323903
892,0.09108873966404203,56.979573188607404,57.0635255405317,57.16148497330372,26.783752218394934
893,0.012746199356944357,57.02529950985323,57.02529950985323,57.038045709210174,26.632764721658692
894,0.07303611288110753,57.11607265837985,57.25850795848679,57.331544071367894,26.829304059560283
895,0.03436362961840649,57.123472645300616,57.16148497330372,57.195848602922126,26.74719767542304
896,0.006870693107974602,57.136308777374,57.136308777374,57.143179470481975,26.642728410705704
897,0.045401515025666625,57.171269728801406,57.20627657042845,57.25167808545412,26.737406259142904
898,0.010427967506327298,57.18590688510999,57.195848602922126,57.20627657042845,26.65423196674523
899,0.0068298730326745,57.25156808717997,57.25167808545412,57.25850795848679,26.68197749864765
900,0.16282399881491166,57.25760080538094,57.331544071367894,58.32512764999188,27.541769690592442
901,0.06453298157397959,57.34977390832552,57.34977390832552,57.47024301436446,26.750462523198575
902,0.12939421705698448,57.35849819273138,57.94051984298493,58.09787224156144,27.325178263481554
903,0.01670126377535893,57.37234258664257,57.37234258664257,57.38904385041793,26.636510742689445
904,0.039234860689606466,57.386715398328334,57.38904385041793,57.42827871110753,26.61370461236024
905,0.1219970613578027,57.397689868300795,57.47024301436446,57.592240075722266,26.77712877675259
906,0.1564465415878205,57.534877610972444,58.481324956641714,58.64771889016131,27.7367451493168
907,0.08605979060623249,57.57486212129562,57.592240075722266,57.70190675783804,26.757748845681704
908,0.023606891509536085,57.61836859452677,57.61836859452677,57.64197548603631,26.707900263283552
909,0.11691634550491081,57.63001851129695,57.70190675783804,57.81882310334295,26.77675061153217
910,0.12169673964198517,57.656225263406235,57.81882310334295,57.94051984298493,26.89272384961334
911,0.15619730664983955,57.87893888282203,58.32512764999188,58.481324956641714,27.31985574338563
912,0.01640656458003889,57.94783274206268,57.94783274206268,57.96423930664272,26.902841020884146
913,0.011551616939484649,57.95359148127348,57.96423930664272,57.9757909235822,26.8435312510653
914,0.4416901027027758,58.044010222111794,155.65547617091426,156.1747908805527,124.9543689279602
915,0.07563380864636934,58.103473157439986,58.103473157439986,58.18613440401313,26.980753965028068
916,0.007027437926773911,58.15618199170885,58.15618199170885,58.16320942963562,26.971995647291447
917,0.009947391931773228,58.573595999992094,58.573595999992094,58.58354339192387,27.38088785448872
918,0.0434411314764813,58.618460666008545,58.64771889016131,58.69470060348025,27.446782318246505
919,0.003540581842460042,58.658527963053146,58.658527963053146,58.662068544895604,27.42106918632565
920,0.0021035132020169683,58.69780805810551,58.69780805810551,58.699911571307524,27.445113587031763
921,0.04414079112508578,58.75363057929891,58.75363057929891,58.797771370423995,27.491941556745008
922,0.025709868388804895,58.81995047021438,58.81995047021438,58.84566033860318,27.541770951021206
923,0.15536343332778832,58.85148029624158,58.940119193436416,59.256916244664176,27.938863655253954
924,0.017039580542257585,58.995815844283975,58.995815844283975,59.012855424826235,27.702698155547683
925,0.05015445507298784,59.02464430624328,59.02464430624328,59.074798761316266,27.754179499622655
926,0.14672096248065084,59.07396207588596,59.44780373894122,59.59452470142187,28.065365874435308
927,0.008381211863578864,59.07477223392651,59.074798761316266,59.083179973179845,27.628522763882323
928,0.009372719778725131,59.1006811365046,59.1006811365046,59.11005385628332,27.654944888766785
929,0.061188758128403346,59.10329143700187,59.11005385628332,59.171242614411725,27.648578877197416
930,0.015296892514021105,59.18603958444847,59.18603958444847,59.201336476962496,27.72907900502797
931,0.13512849941290558,59.19934761174524,59.31267523952831,59.44780373894122,27.830947462968506
932,0.04253901694780479,59.22179533369461,59.256916244664176,59.31267523952831,27.779801230030518
933,0.01321997791633125,59.26143398832783,59.26143398832783,59.27465396624416,27.737824075961676
934,0.0061370226967726,59.63821805457074,59.63821805457074,59.64435507726751,28.104143835290323
935,0.07258656301032507,59.648910923508716,59.648910923508716,59.72149748651904,28.111759052091248
936,0.014373633672539979,59.75224647898697,59.75224647898697,59.76662011265951,28.197239987189352
937,0.2958687260881531,59.78010034946279,68.17986149609015,68.56191530990876,36.93669293882562
938,0.06018878429959539,59.82871583602252,59.86963002495255,59.92981880925215,28.249467969354967
939,0.07975346693934726,59.855515589307615,59.92981880925215,60.02738465548341,28.30918451661967
940,0.01781237929191497,59.94889440039973,59.94889440039973,59.96670677969165,28.261092224949603
941,0.013777239841194168,60.037716234651164,60.037716234651164,60.05149347449236,28.308222783012145
942,0.025081821329463384,60.0676102612214,60.0676102612214,60.09269208255086,28.34991917661334
943,0.0658873281272328,60.08269535281709,60.09269208255086,60.158579410678094,28.418369004368593
944,0.02626714690269515,60.152543349341144,60.158579410678094,60.18484655758079,28.397388104906565
945,0.0195124169712458,60.2203595793669,60.2203595793669,60.246952739156576,28.434657089960673
946,0.007080742818432562,60.23152898123844,60.23152898123844,60.23860972405687,28.42485276898288
947,0.0984270170049441,60.26852752873266,60.26852752873266,60.366954545737606,28.498193895269637
948,0.09277267353469841,60.32191516003007,60.366954545737606,60.48013935240056,28.640404034470656
949,0.009779513015810934,60.368192007304565,60.368192007304565,60.37797152032037,28.52172604245594
950,0.010632620112451157,60.45680941503976,60.45680941503976,60.46744203515221,28.53524009740305
951,0.01741303071956505,60.57273002920968,60.57273002920968,60.59014305992925,28.650104020993968
952,0.01794505258631133,60.652514199863376,60.652514199863376,60.67045925244969,28.733429629474244
953,0.1060742692394479,60.66483319026338,60.67045925244969,60.77653352168914,28.793209269532117
954,0.029582553874605157,60.772959873089135,60.77653352168914,60.80611607556374,28.806130137354522
955,0.21099795105562083,60.79040985480156,61.130576639179345,61.37469633921533,29.337487394701675
956,0.0024956916063097936,60.8048652329005,60.80611607556374,60.808611767170056,28.769286583978857
957,0.21108850893499959,60.97760069805859,61.40988816947972,62.59190623581406,30.45800845989815
958,0.04492656752904872,60.997811983134895,61.001325192552954,61.046251760082,28.943305637942807
959,0.08432487909734175,61.03771652705511,61.046251760082,61.130576639179345,28.927552498199674
960,0.03133439237012237,61.23422233622733,61.23422233622733,61.26555672859745,29.104408569138258
961,0.0017873566102433738,61.33779917881952,61.33779917881952,61.33958653542977,29.14478443406101
962,0.03519183026439007,61.35023453960553,61.37469633921533,61.40988816947972,29.04273434050724
963,0.07090992990725488,61.44398308837698,61.44398308837698,61.57196184469695,29.223018064554605
964,0.04557272708569879,61.458477590709876,61.458477590709876,61.504050317795574,29.084640613477468
965,0.06164988895584137,61.51438584785217,61.57196184469695,61.683633301036274,29.250604929510654
966,0.01149609932702209,61.5364710126751,61.5364710126751,61.54796711200212,29.138677803139366
967,0.13083102764063292,61.56645876242847,61.97582128471155,62.282455886861825,29.80602398007923
968,0.05002156738348258,61.57903185033576,61.57903185033576,61.62905341771924,29.139762212985122
969,0.11008180708334264,61.643415386318985,61.683633301036274,61.80498934561473,29.340288089385815
970,0.01127423749511846,61.75762641023957,61.75762641023957,61.76890064773468,29.25205142843819
971,0.04193974284033308,61.78976812781207,61.80498934561473,61.854396760920444,29.338282428400696
972,0.037690720335122274,61.822760853036804,61.854396760920444,61.892087481255565,29.282357473104117
973,0.007467672465378926,61.83653584017132,61.83653584017132,61.844003512636704,29.22018587288533
974,0.08373380345598345,61.8490081086829,61.892087481255565,61.97582128471155,29.264961989093667
975,0.33304817238310197,61.85859982176342,68.61693596278617,80.68578897809849,48.01939592590714
976,0.014201430874769962,61.980134898182115,61.980134898182115,61.994336329056885,29.352218422103057
977,0.08695288122103352,61.984161732295206,61.994336329056885,62.081289210277916,29.350533448627647
978,0.04335006574722091,62.14756727101951,62.14756727101951,62.222216533433354,29.53623721917204
979,0.018812399909254776,62.150226482184195,62.150226482184195,62.16903888209345,29.433291400152942
980,0.012486796757364775,62.18900634771174,62.18900634771174,62.201493144469104,29.430141496357148
981,0.08537229442709957,62.22417286604427,62.282455886861825,62.36782818128893,29.563633454651825
982,0.0224738042622689,62.34925361666561,62.36782818128893,62.3903019855512,29.572753693333468
983,0.021422655619110942,62.38733450442611,62.3903019855512,62.41172464117031,29.545278308926406
984,0.0031880046060115495,62.53287978436822,62.53287978436822,62.53606778897423,29.656474097923628
985,0.24903842752072047,62.61368676959891,62.92563489601973,63.86932084156348,30.97330533472584
986,0.007704940551605753,62.787922569425724,62.787922569425724,62.79562750997733,29.89478198069329
987,0.04569873632403388,62.82203182940092,62.84792621415068,62.89362495047472,29.972397843067174
988,0.03200994554501471,62.877629764833024,62.89362495047472,62.92563489601973,29.964486816165135
989,0.05844343921647605,62.96882189981005,62.96882189981005,63.02726533902653,30.06565326230266
990,0.06456936588108726,63.00266933126101,63.02726533902653,63.09183470490761,30.060087091573884
991,0.14016434857884263,63.11162978652975,63.11162978652975,63.48853275469559,30.483216169476442
992,0.054795164160911354,63.17710808333072,63.17710808333072,63.27636936151598,30.2237781265577
993,0.04446611402434444,63.18103618057695,63.18103618057695,63.2255022946013,30.065245159907487
994,0.06568700548612355,63.267292183739954,63.27636936151598,63.34205636700211,30.19601653301424
995,0.05004392757093277,63.32933941544736,63.34205636700211,63.39210029457304,30.204238625004525
996,0.021746408344686285,63.41045221812493,63.41045221812493,63.432198626469614,30.264726274620298
997,0.09031560158442639,63.46074054669795,63.48853275469559,63.644533180843666,30.34589730546215
998,0.024442837582864117,63.497716275775616,63.497716275775616,63.52849716724029,30.225863098244957
999,0.024604128594961774,63.49826572638539,63.538796971744304,63.56340110033926,30.24122109198854
1000,0.0063380538818064375,63.50937832907174,63.50937832907174,63.51571638295354,30.114487944121493
1001,0.010299804504016132,63.522870143077895,63.52849716724029,63.538796971744304,30.119425164062537
1002,0.11078692293166237,63.73210934240764,64.02127085057933,64.25697577393379,30.78085774614809
1003,0.01278071271768853,63.75980426143769,63.75980426143769,63.77258497415537,30.247442849019297
1004,0.025950605893862968,63.79884667619261,63.79884667619261,63.82479728208647,30.28254102150347
1005,0.062214331214381684,63.8646416713747,63.86932084156348,63.93153517277786,30.406437794373762
1006,0.08973567780145925,63.924552327573814,63.93153517277786,64.02127085057933,30.33564014108632
1007,0.18263237204244265,63.92849442418814,65.73976248947406,65.92694050156226,32.312887953886424
1008,0.07025854492905845,64.0268834519715,64.0268834519715,64.13716502784449,30.517855930377902
1009,0.012597813271224256,64.04558448855158,64.04558448855158,64.05818230182281,30.422954378447578
1010,0.02742521767269905,64.07996670477597,64.07996670477597,64.10739192244867,30.447243153229696
1011,0.014636424549804771,64.1273657611727,64.13716502784449,64.1518014523943,30.48298792689305
1012,0.13662712836618549,64.20373248544564,64.25697577393379,64.52848041932776,30.758493236554447
1013,0.08590756710667338,64.2978973309523,64.2978973309523,64.41500178773678,30.57742950496433
1014,0.03119688967781094,64.31957845327791,64.31957845327791,64.35077534295573,30.40624980079262
1015,0.11278371930141856,64.45529369791615,65.09903748054899,65.47809556455748,31.54417511489918
1016,0.15932932546829195,64.474798727827,65.57135889898059,65.73976248947406,31.784415486597062
1017,0.017773060243303378,64.47489938571967,64.47489938571967,64.49267244596297,30.55398098292603
1018,0.023833579026780603,64.50615619119222,64.52848041932776,64.57119407625777,30.59730349573096
1019,0.06595792946899294,64.51346134232742,64.57119407625777,64.6733879326201,30.68037767865106
1020,0.11170367534492923,64.52113548614862,64.82464649217881,64.99345170676267,30.997864417397455
1021,0.01888007790322071,64.5315720058996,64.5315720058996,64.55045208380282,30.524408583840007
1022,0.2677922842650841,64.53615317439427,67.25992922314181,67.6581065581798,33.63525903313788
1023,0.027004305847972164,64.5996260352412,64.5996260352412,64.62663034108917,30.52716470360941
1024,0.07865499800101357,64.6302623054361,64.71643599180322,64.82464649217881,30.70752642225443
1025,0.00923162104536607,64.64272097108405,64.64272097108405,64.65195259212942,30.53830538019576
1026,0.0430480591831182,64.65025456742444,64.6733879326201,64.71643599180322,30.474053985723824
1027,0.39188180053158483,64.75756538303558,92.9927622912428,93.73014435944214,59.44489126715022
1028,0.02955550237457729,64.76054497775075,64.76054497775075,64.79010048012533,30.50057588921022
1029,0.2165447650269884,64.81332773268024,66.94428735629411,67.1608321213211,32.830410266456326
1030,0.03681756039788431,64.88642579470529,64.88642579470529,64.94352733394422,30.643001614092324
1031,0.01588785898095983,64.89937684829742,64.89937684829742,64.91526470727838,30.583913676316122
1032,0.004396119860091676,64.92647693002108,64.92647693002108,64.93087304988117,30.582527274718238
1033,0.10558577378631544,64.9885593403022,64.99345170676267,65.09903748054899,30.59988229993266
1034,0.04958345233396891,65.1069759804503,65.1069759804503,65.15655943278426,30.740244848753406
1035,0.054710620614812924,65.11617524047992,65.15655943278426,65.21127005339908,30.770518629361273
1036,0.07666660256087025,65.13703569641099,65.23859419034792,65.34872111662503,30.883190518358578
1037,0.027324136948846094,65.21061787730672,65.21127005339908,65.23859419034792,30.73306802101543
1038,0.01997387018430309,65.29279789293098,65.29279789293098,65.31277176311528,30.804596902588397
1039,0.013486453531931328,65.29970106638045,65.31277176311528,65.3262582166472,30.80376566855104
1040,0.024529228532349946,65.37382883874834,65.37382883874834,65.39835806728068,30.85435377739204
1041,0.09326333442311585,65.45833494407795,65.47809556455748,65.57135889898059,30.956871938156787
1042,0.009074265025183156,65.69084967550529,65.69084967550529,65.69992394053047,31.139245394934346
1043,0.004545640045745842,65.8590737292814,65.8590737292814,65.86361936932715,31.29069517404469
1044,0.05055011850982321,65.9216280721042,65.92694050156226,65.98632340706946,31.352517607598973
1045,0.09295704073581748,65.93680932264735,65.98632340706946,66.432010272554,31.743330559397975
1046,0.008832786997381136,65.96118262992276,65.96118262992276,65.97001541692015,31.299267282689993
1047,0.06357032748541055,66.01298801802938,66.01298801802938,66.142813579235,31.43248385336532
1048,0.03119885473266062,66.0321771216575,66.0321771216575,66.06337597639016,31.269830676721348
1049,0.03125041431164491,66.0341719411201,66.06337597639016,66.0946263907018,31.22963479883988
1050,0.003805964675911719,66.09224127675076,66.0946263907018,66.09843235537771,31.182867971207003
1051,0.016731948575438797,66.1343709936704,66.142813579235,66.15954552781044,31.236321833192452
1052,0.05292042928312901,66.14935141643863,66.15954552781044,66.21246595709357,31.28050103070039
1053,0.19009554189127248,66.1794287878451,66.55558777007714,66.74898817001298,31.801424091369405
1054,0.050306672574172505,66.20835852580363,66.21246595709357,66.26277262966774,31.292076724263197
1055,0.05894324573775011,66.22623408790997,66.26277262966774,66.32171587540549,31.328039866436214
1056,0.01866623842678109,66.32492117627204,66.32492117627204,66.34358741469882,31.396905115607268
1057,0.07614733523568788,66.33839073349539,66.432010272554,66.50815760778968,31.53345435186698
1058,0.025335728945839707,66.37116464867113,66.37116464867113,66.39650037761696,31.41685701926636
1059,0.0474301622874601,66.47980183562989,66.50815760778968,66.55558777007714,31.526912884163792
1060,0.003304858044577222,66.57911598730334,66.57911598730334,66.58242084534791,31.55738570990422
1061,0.05961933763199056,66.73416718466102,66.74898817001298,66.82186365692561,31.789516107532016
1062,0.045281126645291755,66.76610135546021,66.85109411812374,66.89637524476903,31.773158120451082
1063,0.013256149280651936,66.76772601282211,66.76772601282211,66.78098216210276,31.67591873805077
1064,0.0292304611981247,66.79819510032765,66.82186365692561,66.85109411812374,31.713434166693066
1065,0.04791211152508048,66.81145317454151,66.89637524476903,66.94428735629411,31.777654820872645
1066,0.0759718421143118,67.1024268190748,67.1608321213211,67.25992922314181,32.0432409645618
1067,0.023125259706385373,67.18141714647841,67.18141714647841,67.2045424061848,31.942682805664973
1068,0.009562266878304646,67.32265945466604,67.32265945466604,67.33222172154434,32.063907305582795
1069,0.024069649311615388,67.32373893364013,67.33222172154434,67.35629137085596,32.02887537744887
1070,0.03540848616586429,67.39304496443394,67.39304496443394,67.4284534505998,32.09699390831044
1071,0.06134464841712076,67.40469125565997,67.4284534505998,67.48979809901692,32.11480705799299
1072,0.11608844525417399,67.62665563854432,67.72012335493963,67.9655223911795,32.501056245879276
1073,0.04000867769133627,67.65007663047376,67.6581065581798,67.72012335493963,32.29719669854136
1074,0.022008119068508247,67.66491714685607,67.66491714685607,67.68692526592457,32.26625378625284
1075,0.07268910348216719,67.74838180312025,67.74838180312025,67.87769239410595,32.38127136995749
1076,0.05536496306011355,67.74985755588486,67.74985755588486,67.80522251894497,32.32417937796097
1077,0.16703798319560503,67.79692955047705,67.9655223911795,68.17986149609015,32.61806489842063
1078,0.001256524443424451,67.80738065509905,67.80738065509905,67.80863717954247,32.25868260551323
1079,0.0038476777797154336,68.02109769464595,68.02109769464595,68.02494537242566,32.4364433181374
1080,0.027829519918384827,68.0894365843285,68.0894365843285,68.11726610424688,32.52193881901003
1081,0.015623924016944636,68.11104944327327,68.11726610424688,68.13289002826383,32.524565458717376
1082,0.015288379908779933,68.25264849554385,68.25264849554385,68.26793687545263,32.631153542791175
1083,0.05866255385339568,68.2630408907911,68.26793687545263,68.32659942930603,32.60653685489137
1084,0.012234153968261038,68.39364512384257,68.39364512384257,68.40587927781084,32.71015169335709
1085,0.05502065287741876,68.51341157270706,68.56191530990876,68.61693596278617,32.8618280414658
1086,0.07887866544887913,68.73471932555233,68.73471932555233,68.81359799100122,33.05992169542362
1087,0.07071964816951441,68.74451862455447,68.87909748540046,68.94981713356998,33.21168027073223
1088,0.06549949439924818,68.76562617326957,68.81359799100122,68.87909748540046,33.11835742496528
1089,0.08424322067649537,68.85438062838237,68.94981713356998,69.03406035424648,33.25570441625254
1090,0.21621513059440564,68.93539916597123,81.07003149481511,81.36144710848446,45.56373925378458
1091,0.1720258402619082,69.00838411262627,69.03406035424648,73.51424755888259,37.63572004937065
1092,0.037348066467310606,69.03978102531406,69.03978102531406,69.07951317205362,33.267261596239855
1093,0.002384080272252779,69.07206211029722,69.07206211029722,69.07444619056947,33.260019515811855
1094,0.061846121290935765,69.0747996152297,69.07951317205362,69.14135929334456,33.226641161847766
1095,0.07166183903298329,69.08248591218576,69.14135929334456,69.21302113237755,33.34009314042991
1096,0.039407498742509844,69.20005604144247,69.21302113237755,69.25242863112005,33.33071155611106
1097,0.04288790666592401,69.22372562039483,69.25242863112005,69.29531653778598,33.33020550584897
1098,0.1269009369389341,69.24015570942575,69.29531653778598,69.51506787473537,33.54086132651405
1099,0.13547924672475214,69.25083083723594,70.64657754846107,70.89535972754173,34.85870488138054
1100,0.03910488202403025,69.31032881146156,69.31032881146156,69.3494336934856,33.302451773760495
1101,0.12966652796936248,69.31557753967562,69.51506787473537,69.98478830976812,33.923098953818375
1102,0.006728403895370072,69.36483523602662,69.36483523602662,69.37156363992199,33.275433955306404
1103,0.037147076802976534,69.41394609422501,69.41394609422501,69.45109317102799,33.310725777494234
1104,0.21588352734231403,69.42907018733844,80.801281186845,81.07003149481511,44.9137442409404
1105,0.009870037288073168,69.47468955017246,69.47468955017246,69.48455958746052,33.29067499841748
1106,0.033722723533891476,69.52976162161943,69.52976162161943,69.56348434515331,33.32922038605185
1107,0.030121410142337605,69.53626422842851,69.56348434515331,69.59360575529566,33.320074573302996
1108,0.05090790065426697,69.59236207218358,69.59360575529566,69.64451365594992,33.330350855929915
1109,0.12781824618719814,69.6192544663567,70.08785679918297,70.27706365163341,33.955000478867696
1110,0.016939757893688182,69.65037549097316,69.65037549097316,69.66731524886686,33.34093858857277
1111,0.027135477641208054,69.65550071365165,69.66731524886686,69.69445072650807,33.32229913873959
1112,0.09642289740725153,69.65695163335045,69.69445072650807,69.79087362391532,33.34423795123935
1113,0.07458043740610239,69.80919824706176,69.80919824706176,69.88382944093892,33.456167821956676
1114,5.075647106553671e-05,69.82276063447564,69.82276063447564,69.82281139094671,33.396603454551574
1115,0.1311864002982407,69.87889661251873,70.31098304028205,70.64657754846107,34.17211734403463
1116,0.01017254591357613,69.88486877125239,69.88486877125239,69.89504131716596,33.4524023441557
1117,0.07563013128618538,69.96034944343725,69.98478830976812,70.08785679918297,33.60548415200843
1118,0.02743835812866181,70.01559835580854,70.01559835580854,70.0430367139372,33.57115118818565
1119,0.053255506529745346,70.13344425701125,70.13344425701125,70.186699763541,33.72386419688744
1120,0.17151621960429114,70.18205069448685,75.19330667948368,75.37892171371804,38.870444671503215
1121,0.008133099733483938,70.2395000391106,70.2395000391106,70.24763313884408,33.746442912610846
1122,0.03391938864863828,70.24776442310907,70.27706365163341,70.31098304028205,33.760166460632576
1123,0.012157847188177943,70.35340522862208,70.35340522862208,70.36556307581026,33.83426866552801
1124,0.017859982520716713,70.35421026651382,70.36556307581026,70.38990299951425,33.82676639329553
1125,0.006479941183266847,70.37013434139386,70.37013434139386,70.37661428257714,33.80559164007705
1126,0.015466269468571794,70.37452642208005,70.38990299951425,70.40536926898282,33.80533731478963
1127,0.055894251348144346,70.41962362249151,70.41962362249151,70.47551787383966,33.813159599648394
1128,0.044302286501393916,70.484133831673,70.484133831673,70.55808342574748,33.905498855010585
1129,0.005628331795032046,70.48885854580128,70.48885854580128,70.49448687759632,33.83908250527212
1130,0.02401897577805506,70.50257601462324,70.50257601462324,70.52659499040129,33.78284402471097
1131,0.00317616433884137,70.56320225275782,70.56320225275782,70.56637841709666,33.84040123512927
1132,0.019424057758553187,70.58274079454151,70.58274079454151,70.60216485230006,33.85759217918514
1133,0.0035331306264223313,70.65234649227459,70.65234649227459,70.65587962290101,33.892812444260954
1134,0.15645337289094532,70.65618555809026,70.89535972754173,71.28493401890887,34.50888724196257
1135,0.0402273848878724,70.66166361851872,70.66166361851872,70.71318767820061,33.919378289040786
1136,0.011296674794018703,70.68264203963278,70.68264203963278,70.6939387144268,33.90536910613144
1137,0.058245742047584564,70.76363890347619,70.76363890347619,70.82188464552378,33.973357539786164
1138,0.09394086178844326,70.93833611413962,70.93833611413962,71.04925702786713,34.230538159428164
1139,0.16254358782410125,70.96089443896297,71.4036126435662,71.59461304321971,34.73279964092097
1140,0.016980051939074467,71.00428175770105,71.00428175770105,71.02126180964012,34.16248639605971
1141,0.025702402493437287,71.07192947888745,71.07192947888745,71.09763188138089,34.21932109194547
1142,0.029426763499836677,71.11368800775173,71.11368800775173,71.16383685844549,34.26874113993052
1143,0.02072208719391806,71.1167247062706,71.1167247062706,71.13744679346452,34.155719530655766
1144,0.03224528799142371,71.16067026684294,71.16383685844549,71.19608214643692,34.16721511130723
1145,0.01188641837715873,71.22755827158294,71.22755827158294,71.24166173515299,34.21751780491365
1146,0.0022170451928890415,71.23682474552827,71.23682474552827,71.23904179072116,34.17731536083819
1147,0.02598847901820658,71.27792106474223,71.28493401890887,71.31092249792708,34.22273725471118
1148,0.03992239084176177,71.29088962517665,71.31092249792708,71.35084488876885,34.23227068211311
1149,0.0440961892508756,71.30109053389296,71.35084488876885,71.4036126435662,34.2976160050176
1150,0.008671565546479276,71.37435199712779,71.37435199712779,71.38302356267427,34.27680356559127
1151,0.028456811829404335,71.47999168662803,71.47999168662803,71.50844849845743,34.37381060998864
1152,0.04918334612528347,71.56292879485504,71.59461304321971,71.643796389345,34.48300764295854
1153,0.05061274887259943,71.66081017079271,71.66081017079271,71.71142291966531,34.51670316433
1154,0.13147679208219912,71.66964484286011,71.85935679917291,72.05268827169043,34.822218697632906
1155,0.03528660798873865,71.69697885403981,71.71142291966531,71.74670952765405,34.51705571273267
1156,0.08489229152327521,71.71788578921647,71.74670952765405,71.85935679917291,34.62445247194499
1157,0.026166185606861153,71.79954436370599,71.79954436370599,71.82729934370158,34.58197255148733
1158,0.0015887943887432632,71.80561039752708,71.80561039752708,71.80719919191581,34.54040510234169
1159,0.0618546804353164,71.9009530340926,71.9009530340926,71.96280771452791,34.64271142634834
1160,0.12032272009870751,71.95847909801499,72.05268827169043,72.17301099178914,34.81608944929663
1161,0.14421893032776564,72.00418531724398,72.88011018348723,73.09725844523577,35.64814304162084
1162,0.11501147959894,72.06284384293846,72.4695537651047,72.88011018348723,35.451022191749516
1163,0.045946087978601745,72.15388878695846,72.17301099178914,72.21895707976775,34.825680470543105
1164,0.06174611899333155,72.16443172923735,72.29378719113035,72.356884793262,34.929940856972046
1165,0.050066641840467226,72.20430040766034,72.21895707976775,72.29378719113035,34.82913986845191
1166,0.024763469522130488,72.23912725649537,72.23912725649537,72.2638907260175,34.79572649824877
1167,0.07526612996280684,72.33874874355519,72.38908600320818,72.4695537651047,34.94476391609008
1168,0.0013514831383219926,72.34744700453221,72.34744700453221,72.34879848767054,34.87339629775741
1169,0.03220120994617915,72.34908311121508,72.356884793262,72.38908600320818,34.864768726416216
1170,0.005201631933721263,72.39329282931415,72.39329282931415,72.39849446124786,34.79758078140487
1171,0.05401370403831666,72.48464223462828,72.48464223462828,72.5386559386666,34.897803451497545
1172,0.0570513230947077,72.48631250772588,72.57265930013324,72.62971062322795,34.98344871060408
1173,0.03400336146664739,72.5141921660693,72.5386559386666,72.57265930013324,34.8725296388912
1174,0.09111077285191227,72.62574411138502,72.62971062322795,72.7787203685173,35.04707463191765
1175,0.05638469607457541,72.65879783413178,72.65879783413178,72.71518253020635,34.882238946975434
1176,0.0015142763628751671,72.73744704303652,72.73744704303652,72.7389613193994,34.89223854142602
1177,0.001466804894574919,72.81866007033307,72.81866007033307,72.82012687522764,34.95228864610911
1178,0.005209239785456015,72.93379549199352,72.93379549199352,72.93900473177898,35.01375179777127
1179,0.06772009163530202,72.93531797060179,72.93900473177898,73.00672482341429,35.005560288376095
1180,0.05867391418703289,73.15568579517901,73.15568579517901,73.21435970936605,35.27028927590316
1181,0.18170149155631962,73.16274201814205,75.37892171371804,79.0957255697323,40.991558528368024
1182,0.0666133013053405,73.21001623013751,73.21435970936605,73.28097301067139,35.2250559970171
1183,0.09628298340443116,73.25858141279316,73.51424755888259,73.61594304964505,35.52421685619436
1184,0.05515805024022774,73.27970535004475,73.28097301067139,73.35012113508655,35.208457576804314
1185,0.07326238599265666,73.28481748853953,73.35012113508655,73.42338352107922,35.227264093012764
1186,0.013990074174945659,73.28670638362001,73.28670638362001,73.30069645779496,35.10739047784196
1187,0.11401922253300627,73.38189036276925,73.80317956116187,73.93052818017674,35.63932837143097
1188,0.005412507358024332,73.53321080870259,73.53321080870259,73.53862331606062,35.284626517641094
1189,0.031962198868546454,73.58663285665008,73.61594304964505,73.65263137591869,35.37929185406568
1190,0.06939534062007761,73.61729690647347,73.71456242576124,73.80317956116187,35.457284054127314
1191,0.061931049842557165,73.62853824589247,73.65263137591869,73.71456242576124,35.348810654524776
1192,0.0047261274050918334,73.63029328124624,73.63029328124624,73.63501940865133,35.3235195952442
1193,0.008004613070787654,73.7234179734103,73.7234179734103,73.73142258648109,35.41199919548237
1194,0.011217181709773013,73.7405976207632,73.7405976207632,73.75181480247296,35.415675010402246
1195,0.009598944231313234,73.84896471178808,73.84896471178808,73.8585636560194,35.50710204428984
1196,0.11466611069814935,73.85586363623209,74.70235189687077,74.89346970060775,36.44767937109211
1197,0.1011906790889849,73.87419664621693,74.49411209088598,74.66156106102112,36.221562831238316
1198,0.15545021689975122,73.87577873820075,75.03303316201813,75.19330667948368,36.57934721480517
1199,0.003730452250551404,73.88009839308185,73.88009839308185,73.8838288453324,35.15633719835211
1200,0.08613274379278742,73.88021759742831,73.93052818017674,74.01666092396952,35.26832051087139
1201,0.07582142945677642,74.00295899290036,74.01666092396952,74.11462977834161,35.36887483945524
1202,0.02214742491531008,74.01856598783748,74.01856598783748,74.04071341275278,35.28511074387657
1203,0.07863717445674598,74.02890122796623,74.22510697758607,74.30374415204281,35.47771289281216
1204,0.059618827123804376,74.08146450189425,74.11462977834161,74.22510697758607,35.379263935917216
1205,0.13956346141038017,74.09290746900642,74.89346970060775,75.03303316201813,36.08285283602808
1206,0.18514114399951254,74.11085589753036,79.0957255697323,79.4777717165954,40.666076935893
1207,0.08843364417126671,74.12636908305032,74.30374415204281,74.40411240947779,35.569982741837315
1208,0.017877130455165417,74.13556107879099,74.13556107879099,74.15343820924615,35.32768752981431
1209,0.03298124166549986,74.15330629359028,74.15343820924615,74.18641945091164,35.31927572588919
1210,0.008007080450644698,74.34145261109705,74.34145261109705,74.3494596915477,35.507263992819
1211,0.003927532813085302,74.38988918789981,74.38988918789981,74.39381672071289,35.53939138802961
1212,0.01850340878883008,74.39172115988974,74.40411240947779,74.42261581826662,35.53127273688277
1213,0.0714962726193535,74.40658332863035,74.42261581826662,74.49411209088598,35.5137050196293
1214,0.028725255704959877,74.52945273198131,74.52945273198131,74.55817798768626,35.627607440665415
1215,0.02811195867883793,74.54213903172604,74.55817798768626,74.5862899463651,35.59039922721197
1216,0.009421076662366823,74.63179834875434,74.63179834875434,74.64121942541671,35.66659230020101
1217,0.040790835849642916,74.63893021458024,74.66156106102112,74.70235189687077,35.67837112782007
1218,0.04967179991321946,74.71318997218691,74.71318997218691,74.76286177210012,35.659839750231356
1219,0.026779893125627095,74.82289137791643,74.82289137791643,74.84967127104206,35.75863451570578
1220,0.004823300565796527,75.10870930232312,75.10870930232312,75.11353260288892,36.02208222878266
1221,0.00534313423675646,75.3215871807743,75.3215871807743,75.32693031501105,36.232287094628674
1222,0.008755680393321728,75.3403528237919,75.3403528237919,75.34910850418522,36.20188687617443
1223,0.13439666770638656,75.38305313999624,75.38305313999624,75.71881630467298,36.57081541200817
1224,0.1029942864849243,75.41354876237317,75.41354876237317,75.5165430488581,36.34518398645522
1225,0.1569527578323564,75.48733953125372,75.72536715052047,76.03777666134205,36.801778368571966
1226,0.20705994138794054,75.49912620967186,79.55599071168453,79.90926277684248,40.69668758506806
1227,0.0449584810030563,75.50538331325846,75.5165430488581,75.56150152986115,36.27819757667744
1228,0.0006197045918682019,75.57654984998395,75.57654984998395,75.57716955457582,36.31917640681653
1229,0.015151377849812318,75.58734595637537,75.58734595637537,75.60249733422519,36.31794175891834
1230,0.03764264704069936,75.6230685956807,75.6230685956807,75.6607112427214,36.32432489399153
1231,0.006550845847491219,75.71260984381576,75.71881630467298,75.72536715052047,36.411789054706766
1232,0.0458566635100619,75.74721444876282,75.74721444876282,75.79307111227288,36.41910444736091
1233,0.10960008947915265,75.80836585162598,75.80836585162598,75.91796594110514,36.473107949350435
1234,0.16682592855408201,75.92465254602085,76.42346007172189,76.6732593880031,37.24899297364489
1235,0.09786562050094148,75.98125124786479,76.03777666134205,76.13564228184299,36.74029186522651
1236,0.16706140488484741,76.0090670700751,77.12207395878451,77.53845874311905,38.0341702781448
1237,0.1474474416809063,76.08375396036188,76.26908576064544,76.42346007172189,36.94805605322464
1238,0.13344347880244228,76.08949794299072,76.13564228184299,76.26908576064544,36.69331229400569
1239,0.0069268693955400005,76.36803073062248,76.36803073062248,76.37495760001802,36.90869996450335
1240,0.007660913678251313,76.42500935778183,76.42500935778183,76.43267027146008,36.91813071614726
1241,0.12665506769353585,76.49434302777154,76.6732593880031,76.80913050628965,37.28958802997758
1242,0.0712677636344972,76.50814341138518,76.50814341138518,76.57941117501967,36.909153464419354
1243,0.00404471041438609,76.58328304024823,76.58328304024823,76.58732775066262,36.942476348722174
1244,0.009216050593013588,76.72153571129994,76.72153571129994,76.73075176189295,37.03435732767838
1245,0.10522278953704954,76.80784005992926,76.80913050628965,77.05584025763994,37.32439528885334
1246,0.06770244930588686,76.83157586921304,76.83157586921304,76.89927831851892,37.051042026398754
1247,0.05509931826826529,76.84913278131913,76.89927831851892,76.95437763678719,37.096028919629326
1248,0.16960735287335119,76.98862484546648,78.66433116072352,78.8586162190098,38.99929750614142
1249,0.01868519423909231,77.00107007472317,77.00107007472317,77.01975526896227,37.1145606190733
1250,0.0392140288029699,77.02195675471565,77.05584025763994,77.12207395878451,37.1805665590375
1251,0.016074815540502333,77.07877021190126,77.07877021190126,77.09484502744176,37.12493743966442
1252,0.010944856801095066,77.08870269642948,77.09484502744176,77.10578988424285,37.10818124772377
1253,0.12460592555483013,77.1467865340766,77.1467865340766,77.27562109754668,37.22628754984316
1254,0.00422863791524646,77.15206974372954,77.15206974372954,77.15629838164479,37.09412118968451
1255,0.08911963438437784,77.22323847418298,77.27562109754668,77.36474073193105,37.250532338378555
1256,0.03136918159524129,77.33489936683348,77.36474073193105,77.39610991352629,37.242715982677716
1257,0.14303333174298155,77.40963608684395,77.53845874311905,77.85975569390432,37.64420783163448
1258,0.12988702928146675,77.54334910758797,77.54334910758797,77.69518266358344,37.44635744534678
1259,0.019776682058133464,77.56493463387943,77.56493463387943,77.58471131593757,37.31718431434449
1260,0.0021698446558679556,77.58396716919418,77.58471131593757,77.58688116059344,37.27342591277909
1261,0.16587899219115076,77.6291988716254,77.85975569390432,78.11287104394115,37.74883455566109
1262,0.026430063046822397,77.70479620553272,77.70479620553272,77.73122626857953,37.321480140502466
1263,0.2986770342088289,77.78004217309905,87.13145557134077,88.4872771164384,47.985602095285245
1264,0.06723075602324953,77.88607057403037,77.88607057403037,77.95543853395925,37.50148908589827
1265,0.0021372039056381936,77.94249326490485,77.94249326490485,77.94463046881049,37.4984016340893
1266,0.0016135683937714663,78.01545362654848,78.01545362654848,78.01706719494224,37.57084973921293
1267,0.060278250400977666,78.04308433797502,78.11287104394115,78.17314929434214,37.69226804116893
1268,0.016254829523038267,78.05364022740736,78.05364022740736,78.06989505693039,37.48732311005024
1269,0.0790344523307533,78.07573651180086,78.17314929434214,78.25488639288824,37.63519785517989
1270,0.09898445091002041,78.14773117233791,78.44252358613649,78.54150803704651,37.86749583013899
1271,0.0027026462153360723,78.1951431622075,78.1951431622075,78.19784580842284,37.607105446000205
1272,0.06638021217766525,78.20497828577398,78.25488639288824,78.35684378189188,37.684523014980634
1273,0.03557717682598808,78.2835776393757,78.2835776393757,78.31915481620167,37.640974584114446
1274,0.12282312367701556,78.3131053453847,78.54150803704651,78.66433116072352,37.88296743394032
1275,0.08567980424460608,78.320348735101,78.35684378189188,78.44252358613649,37.63837326342631
1276,0.2366680230002752,78.5693068616773,82.5441910519956,83.4850046862828,42.678266410842305
1277,0.02467770541292303,78.79323999388467,78.79323999388467,78.8179176992976,37.91191130573991
1278,0.050589410702393055,78.83051186743991,78.8586162190098,78.90920562971219,37.9683369309509
1279,0.008949874741968816,78.99588298964406,78.99588298964406,79.00483286438603,38.09095126509179
1280,0.05361773041294841,79.10731626739711,79.10731626739711,79.16316408716997,38.2364347083517
1281,0.03480021428845823,79.12769495098694,79.16316408716997,79.19796430145843,38.23748977695621
1282,0.0022300893599079903,79.14763548308582,79.14763548308582,79.14986557244573,38.12803190034341
1283,0.052798937039785505,79.16503754823074,79.25142233322092,79.3042212702607,38.226801281041084
1284,0.04330230032028514,79.17111072644965,79.19796430145843,79.24126660177872,38.161199372995405
1285,0.010155731442200507,79.23287867310076,79.24126660177872,79.25142233322092,38.159803365562794
1286,0.22150357235679863,79.38019345628751,81.67912208639532,81.90596965575082,40.73848359630343
1287,0.07821899508912715,79.4775686210629,79.4777717165954,79.55599071168453,38.37262386483867
1288,0.1276240093306155,79.56883443371005,79.56883443371005,79.69645844304067,38.569389309235454
1289,0.0053166041153592716,79.69385106168082,79.69645844304067,79.70177504715603,38.54097836432876
1290,0.013271510324029658,79.8050766413905,79.8050766413905,79.81834815171453,38.61220999132324
1291,0.08825640940990845,79.83457228586157,80.00827255423152,80.10405408803823,38.789402448589314
1292,0.06320827246929406,79.90450847344219,79.90926277684248,79.97247104931178,38.606695096212306
1293,0.03580150491974097,79.94975238770172,79.97247104931178,80.00827255423152,38.56186286798038
1294,0.0054722537975309135,80.01779962191513,80.01779962191513,80.02327187571267,38.60700022829756
1295,0.021971987039859392,80.087174603025,80.10405408803823,80.12602607507809,38.66400294364631
1296,0.00205287059926069,80.08765436169716,80.08765436169716,80.08970723229642,38.59250249800594
1297,0.051467667901343266,80.1236864816927,80.12602607507809,80.17749374297944,38.641940839240405
1298,0.04714921917252929,80.13982562583566,80.17749374297944,80.22464296215196,38.673226875201216
1299,0.06528519687666405,80.27587107192282,80.27587107192282,80.34115626879948,38.731304642026586
1300,0.0351263552157581,80.37786700017953,80.37786700017953,80.41299335539529,38.761811809645955
1301,0.022666171404620353,80.41719567314513,80.41719567314513,80.43986184454975,38.77368717635795
1302,0.03743686619443463,80.44406062981905,80.44406062981905,80.48149749601349,38.787453329770344
1303,0.027061955996648623,80.51033738319023,80.51033738319023,80.53739933918688,38.79182303390571
1304,0.016572619983335014,80.55238216599446,80.55238216599446,80.5689547859778,38.82284726593292
1305,0.04173204065813841,80.58613475605418,80.58613475605418,80.62786679671231,38.830671748935444
1306,0.11549220874651236,80.64813243285315,80.68578897809849,80.801281186845,38.907294103524045
1307,0.021405861904005296,80.89891962251171,80.89891962251171,80.92032548441571,39.11647935769956
1308,0.03146091872380009,81.00153782603844,81.00153782603844,81.03299874476224,39.21106794777895
1309,0.007433256222449552,81.09542068077961,81.09542068077961,81.10285393700207,39.288078743761304
1310,0.038015769302701514,81.13689740365119,81.13689740365119,81.1749131729539,39.293471084311726
1311,0.182153749615197,81.15908741003362,81.48423489799,81.67912208639532,39.71305328014392
1312,0.012056655375274339,81.19445464969095,81.19445464969095,81.20651130506623,39.15706359115004
1313,0.014478317003274462,81.26907422995339,81.26907422995339,81.28676903212789,39.148484952924804
1314,0.0032164851712287025,81.279293454159,81.279293454159,81.28250993933023,39.142332369428196
1315,0.08466260707525747,81.32993766570229,81.36144710848446,81.48423489799,39.27151933445518
1316,0.0038423661647716298,81.38284539438392,81.38284539438392,81.3866877605487,39.164581399458974
1317,0.03428281626551679,81.41107327740752,81.41107327740752,81.44535609367304,39.17231153773726
1318,0.3016476314162838,81.51969395861367,89.23914140778196,91.35217449750617,49.06625981779243
1319,0.012733438790126962,81.62912213205726,81.62912213205726,81.64185557084738,39.33903628262834
1320,0.005343996998700933,81.81000465343845,81.81000465343845,81.81534865043716,39.494070678050214
1321,0.13606445256461577,81.81621660227762,82.40127961304978,82.5441910519956,40.10893436258917
1322,0.06816857040231449,81.83980872809585,81.90596965575082,81.97413822615314,39.558602491480514
1323,0.11036025390199658,81.92608604635986,81.97413822615314,82.24634376919902,39.80740114614317
1324,0.059686003110160264,81.98776569931194,81.98776569931194,82.0474517024221,39.60321746485946
1325,0.11304422713398445,81.99590276532605,82.24634376919902,82.37297302201674,39.93858623822729
1326,0.004394316409401971,82.05010842672708,82.05010842672708,82.05450274313648,39.58296856444418
1327,0.01535022853298439,82.0577978308144,82.0577978308144,82.07314805934737,39.56416627644034
1328,0.04463085788817757,82.08558483719557,82.08558483719557,82.13021569508375,39.58757044037793
1329,0.03356244152813668,82.10097364515578,82.13021569508375,82.16377813661188,39.57306901123556
1330,0.004221441675012095,82.18352370257294,82.18352370257294,82.18774514424796,39.60680989200967
1331,0.013585025683737628,82.33296519036352,82.33296519036352,82.34655021604726,39.749365180307876
1332,0.02830659103305063,82.3431930156036,82.37297302201674,82.40127961304978,39.73004067941844
1333,0.006846986381209359,82.45414769614135,82.45414769614135,82.46099468252255,39.65944905253314
1334,0.09379885971119528,82.55468564529704,82.55468564529704,82.67017593624807,39.83998642291715
1335,0.021691431239824706,82.57861248178709,82.57861248178709,82.60030391302692,39.70795375277718
1336,0.1310716525103873,82.63660837107838,82.67017593624807,82.82041846202085,39.83604182638649
1337,0.006735095932507924,82.67104640868868,82.67104640868868,82.6777815046212,39.7457271119
1338,0.007068385726071795,82.67848191498854,82.67848191498854,82.68555030071461,39.717431412172076
1339,0.005367391603811442,82.68653704481024,82.68653704481024,82.69190443641405,39.71472437616377
1340,0.09971856099796844,82.73200559794144,83.01856754375905,83.11828610475702,40.08605328246398
1341,0.09193300486810117,82.75692078203774,82.82041846202085,82.94438572315289,39.96052844361757
1342,0.032034256263944856,82.86852280326185,82.86852280326185,82.9005570595258,39.83804329489978
1343,0.019251426392690164,82.92715893814544,82.94438572315289,82.96363714954558,39.86956953893632
1344,0.05493039421346642,82.93716855540661,82.96363714954558,83.01856754375905,39.887471003852234
1345,0.11305344424121477,83.05818859741102,83.11828610475702,83.23265671651698,40.03777610633339
1346,0.0013171675187427863,83.14949082393332,83.14949082393332,83.15080799145207,40.025822343049896
1347,0.026174540066992404,83.34913610077595,83.34913610077595,83.37531064084294,40.21891659865971
1348,0.24635512029415182,83.40546104047303,83.77214559627939,84.5676016956472,41.43516627853535
1349,0.1305764112349258,83.43379037726653,83.4850046862828,83.6401440982951,40.4793305853818
1350,0.00579282852345458,83.50133114219483,83.50133114219483,83.50712397071828,40.341680327407325
1351,0.018770172253905152,83.58035685399076,83.58035685399076,83.59912702624467,40.380835207627264
1352,0.04248356078179424,83.61458491879502,83.6401440982951,83.68262765907689,40.36781597985613
1353,0.0487586522842712,83.66578362214145,83.68262765907689,83.73138631136116,40.38645612126789
1354,0.030731462692573066,83.70173336180392,83.73138631136116,83.77214559627939,40.399044532125984
1355,0.010027822225653491,83.73894256131557,83.73894256131557,83.74897038354122,40.15942825933193
1356,0.17849168155642992,83.80577911538806,83.80577911538806,84.02299795086743,40.21010141480102
1357,0.01920326361067758,83.8066330151223,83.8066330151223,83.82583627873298,40.15857329706802
1358,0.019523890312274462,83.83104885090097,83.83104885090097,83.85057274121324,40.18244649072972
1359,0.01293139366449039,84.0917511004616,84.0917511004616,84.10468249412608,40.44148568308248
1360,0.008321481704334173,84.10067081990539,84.10468249412608,84.11300397583041,40.34081070507248
1361,0.05511860079988501,84.11963680714577,84.11963680714577,84.19612170137219,40.38901832850815
1362,0.01983023136970489,84.12910687909157,84.12910687909157,84.14893711046128,40.325815373832995
1363,0.05238313053224276,84.15900031037623,84.19612170137219,84.29829566569937,40.43874201692128
1364,0.0015360620568306053,84.18363636639167,84.18363636639167,84.1851724284485,40.27642043655833
1365,0.011036704755508128,84.21097082654117,84.21097082654117,84.22200753129668,40.268089983658164
1366,0.03312258095766675,84.22572027593559,84.22572027593559,84.264474404975,40.294589806204925
1367,0.005631548081758043,84.24767739667968,84.24767739667968,84.25330894476143,40.28651614244719
1368,0.012682763865371243,84.29170175395456,84.29829566569937,84.31097842956474,40.32761284647548
1369,0.06127072626231805,84.36430952294806,84.36430952294806,84.42558024921038,40.36061520493454
1370,0.013908355610793559,84.42660031437671,84.42660031437671,84.44050866998751,40.38726818252739
1371,0.1576523893703075,84.42702244460855,84.73333144312181,86.2716480283148,42.15527617075228
1372,0.10817136523452546,84.44502858337265,84.62516007788729,84.73333144312181,40.53296227763905
1373,0.04410856393337822,84.47702698756015,84.47702698756015,84.52113555149353,40.33791936721322
1374,0.057558382240093846,84.53306291301882,84.5676016956472,84.62516007788729,40.41996601462793
1375,0.20801319753831038,84.5667997780793,86.67910757264158,86.9866021957868,42.79063114463947
1376,0.024001802432070323,84.75648224800966,84.75648224800966,84.78048405044173,40.5293119206113
1377,0.10355424050289273,84.77636446298126,84.78048405044173,84.88403829094462,40.60954256891795
1378,0.056777576433306456,84.84534746529964,84.93509347975875,84.99187105619205,40.642052386737305
1379,0.05105518881413202,84.86066113935183,84.88403829094462,84.93509347975875,40.56742915994417
1380,0.11379076259095154,84.88773714230564,84.99187105619205,85.12822312207682,40.76816702991483
1381,0.13355855759484872,84.99554200526188,85.92690456731091,86.07757007522304,41.6341901731418
1382,0.0075788687173305065,85.04352267129367,85.04352267129367,85.051101540011,40.642237326992316
1383,0.005226564537453083,85.06484299508087,85.06484299508087,85.07006955961832,40.43084671376934
1384,0.009755870039036087,85.06910950028228,85.07006955961832,85.07982542965735,40.389200478008874
1385,0.10986866817284331,85.12707958770055,85.12822312207682,85.4968617543931,40.75717032662412
1386,0.08926629065941796,85.14262374865139,85.14262374865139,85.30998608134229,40.56984966765598
1387,0.013936023548654723,85.16469031432109,85.16469031432109,85.17862633786974,40.39327964131025
1388,0.04579139269312726,85.18936757427338,85.18936757427338,85.23515896696651,40.309755524080565
1389,0.14700952510498244,85.19185529412266,86.529449811065,86.67910757264158,41.69556684232365
1390,0.018368625789696006,85.25736059843732,85.25736059843732,85.275729224227,40.29002422672103
1391,0.07673440093654608,85.29535447502013,85.30998608134229,85.38672048227883,40.38690899617677
1392,0.10336759997208739,85.36823590012348,85.58615342810623,85.69675340801797,40.59950959230541
1393,0.014673230515992945,85.39473608108877,85.39473608108877,85.40940931160476,40.36507621025652
1394,0.12719261769396006,85.4465948339536,85.69675340801797,85.92690456731091,40.84025073283874
1395,0.08156951534351058,85.47388705458583,85.4968617543931,85.58615342810623,40.508693134590665
1396,0.004538257506419323,85.56059680083281,85.56059680083281,85.56513505833924,40.48685609828883
1397,0.003183900863197404,85.57195959000668,85.57195959000668,85.57514349086988,40.49092845025939
1398,0.007232379939648156,85.61206333800212,85.61206333800212,85.61929571794177,40.5186508894991
1399,0.08742940321237426,85.72309610477384,85.72309610477384,85.82006688113178,40.64226663623698
1400,0.009541373145565803,85.75569359377566,85.75569359377566,85.76523496692123,40.556851692597476
1401,0.00598776524105088,85.86579242715142,85.86579242715142,85.87178019239246,40.59249937160035
1402,0.014211868512220371,85.98852318146481,85.98852318146481,86.00273504997703,40.69341793791751
1403,0.0028950818050560473,86.0226009455906,86.0226009455906,86.02549602739565,40.70300646925056
1404,0.007218696147858059,86.09426042199077,86.09426042199077,86.10147911813863,40.7135334617282
1405,0.041364190276113426,86.1241732846129,86.1241732846129,86.165537474889,40.72136775242932
1406,0.010993482185324416,86.18495842734754,86.18495842734754,86.19595190953287,40.67672402347076
1407,0.14152778156515858,86.23499876942965,86.2716480283148,86.41317580987996,40.86404720281621
1408,0.1006952788556308,86.37797347693883,86.41317580987996,86.529449811065,40.902652298260186
1409,0.01406922543835863,86.4194299871483,86.4194299871483,86.43500870947773,40.87176190692881
1410,0.0015094968910577882,86.41972852376523,86.41972852376523,86.42123802065629,40.828245620605514
1411,0.0026482364715952607,86.60632373552633,86.60632373552633,86.60897197199793,40.93170646000121
1412,0.3094915043534231,86.75263620791009,91.73424350541053,92.9927622912428,46.9872326347809
1413,0.0007081287236565833,86.75703472876944,86.75703472876944,86.7577428574931,41.03232702005532
1414,0.02848339225227787,86.79523417844311,86.79523417844311,86.8237175706954,41.06041014143494
1415,0.05589147977899574,86.85136353696429,86.85136353696429,86.92165344159525,41.10741404834325
1416,0.014398424851979211,86.87208204320976,86.87208204320976,86.88648046806173,41.07678088259892
1417,0.060457461494184,86.94435566815281,86.9866021957868,87.04705965728098,41.152514718238834
1418,0.08439591405978321,86.98009642545229,87.04705965728098,87.13145557134077,41.198841457862
1419,0.0601062392764911,87.2611114302059,87.2611114302059,87.3212176694824,41.45416832120863
1420,0.07144177644970942,87.26421084470104,87.3212176694824,87.3926594459321,41.38266926740185
1421,0.13593903899429405,87.31210153583297,87.3926594459321,87.53724643778824,41.5536192996473
1422,0.00864795286184882,87.40678500348298,87.40678500348298,87.41543295634483,41.41805166264529
1423,0.28201817036404564,87.44348017822983,88.76255535828291,89.14580113875903,43.051848234945616
1424,0.0816250171610023,87.50886042849133,87.53724643778824,87.61887145494924,41.54229016877749
1425,0.08268232485321615,87.56831493337312,87.61887145494924,87.70155377980245,41.663779585551474
1426,0.0884638634130307,87.65682041172732,87.74343152271172,87.83189538612474,41.663407389840785
1427,0.0329844316501229,87.6991920343468,87.70155377980245,87.74343152271172,41.59758750410995
1428,0.008893311259146582,87.72073873512959,87.72073873512959,87.72963204638873,41.57798570239768
1429,0.09379422174910426,87.87407687011621,87.87407687011621,88.05677025443998,41.8503417588759
1430,0.046932854031075215,87.89138470551292,87.89138470551292,87.93831755954399,41.69077409674305
1431,0.011898786184477787,87.94844905075335,87.94844905075335,87.96034783693783,41.63622813773088
1432,0.030067522359118918,87.98564294755174,87.98564294755174,88.01571046991086,41.677450523159706
1433,0.10546085600855262,88.00188186848429,88.05677025443998,88.25615094914652,41.888636356234656
1434,0.08052461242462894,88.07905565914848,88.07905565914848,88.1595802715731,41.7924800057654
1435,0.013395226273363692,88.15839741963751,88.1595802715731,88.17297549784647,41.734720092789594
1436,0.13431129696224514,88.25455377010675,88.62824406132067,88.76255535828291,42.20338388253719
1437,0.10428647593966653,88.27848532639574,88.27848532639574,88.38277180233541,41.81990848417632
1438,0.11777904535788415,88.38821518755253,88.4872771164384,88.62824406132067,42.088030757997686
1439,0.02318789952439293,88.52630308742415,88.52630308742415,88.54949098694854,42.06191910820571
1440,0.04699453552137314,88.80009370463632,88.80009370463632,88.8470882401577,42.3357097254179
1441,0.09334026902293109,89.01457064066021,89.14580113875903,89.23914140778196,42.67600793972852
1442,0.025995533855995748,89.02164379268214,89.02164379268214,89.04763932653813,42.54887424639079
1443,0.0282375407347031,89.03555987264953,89.04763932653813,89.07587686727284,42.55716967285987
1444,0.07386069022554605,89.26871462379927,89.26871462379927,89.34257531402481,42.82842711034593
1445,0.018777751475127544,89.33557206075577,89.34257531402481,89.36135306549994,42.791818363207085
1446,0.139871623673422,89.35002400244389,89.36135306549994,89.57480493049127,42.980592265400375
1447,0.13010759079685524,89.3815154781549,89.57480493049127,89.70661985725785,43.016690097407036
1448,0.06043071412767277,89.41507764005279,89.41507764005279,89.47550835418046,42.76568011878152
1449,0.1496257186406502,89.47661991687455,90.05191617591336,90.20154189455401,43.34031399458239
1450,0.013149527190219541,89.48867108665573,89.48867108665573,89.50182061384595,42.765379134315694
1451,0.1518107695270601,89.51864299360825,90.20154189455401,90.35335266408107,43.5041621341249
1452,0.13438820238951274,89.56206839871336,89.70661985725785,89.86234044986281,43.008566844049405
1453,0.0017073359697215755,89.65450476100898,89.65450476100898,89.6562120969787,42.809662013304724
1454,0.02133239021545452,89.76282438440184,89.76282438440184,89.78415677461729,42.90245485193685
1455,0.09337664696121403,89.79405036354417,89.91951206889536,90.05191617591336,43.07673113782598
1456,0.05717161903254251,89.84756275587623,89.86234044986281,89.91951206889536,42.92708729028008
1457,0.007381229202692115,89.93466116127601,89.93466116127601,89.9420423904787,42.99527936619233
1458,0.03164623085409291,89.94125773741607,89.9420423904787,89.9736886213328,42.97704501410768
1459,0.08389967845129279,90.34199833087781,90.35335266408107,90.43725234253236,43.37618122672909
1460,0.015379852451283376,90.45697975257443,90.45697975257443,90.47235960502572,43.43977325540414
1461,0.0288157192558841,90.52683610000612,90.52683610000612,90.55565181926201,43.51224648103084
1462,0.14311871360902173,90.54384000069928,90.67161890105211,90.81473761466114,43.76765781740805
1463,0.06659438324063952,90.54813696505441,90.55565181926201,90.62224620250265,43.541782416636316
1464,0.046552249540587176,90.59016721145777,90.62224620250265,90.67161890105211,43.40826499573617
1465,0.0028204490088784722,90.62493394175047,90.62493394175047,90.62775439075935,43.40438964605459
1466,0.14209287157452696,90.70343321352632,90.83804416534713,91.03580810784014,43.72420429558318
1467,0.023306550685986405,90.81461564907849,90.81473761466114,90.83804416534713,43.53195559570336
1468,0.02034661895374232,90.91174113447806,90.91174113447806,90.9320877534318,43.62894911570125
1469,0.004526082291773786,90.93400337198928,90.93400337198928,90.93852945428105,43.62876605444595
1470,0.019566472373938413,90.95163963797525,90.95163963797525,90.97120611034919,43.601707427334986
1471,0.011231897299024247,90.97596487598668,90.97596487598668,90.9871967732857,43.61013639804092
1472,0.14658289464108068,91.14746471608467,91.52936669905422,91.73424350541053,44.28613131393085
1473,0.06676131707931493,91.15515251780015,91.15515251780015,91.22191383487946,43.625150782446674
1474,0.03478310757683855,91.19418828129908,91.22191383487946,91.2566969424563,43.65005280604489
1475,0.00018484348006194163,91.29517129057459,91.29517129057459,91.29535613405464,43.708321640284666
1476,0.008191672601907226,91.31192662100835,91.31192662100835,91.32011829361026,43.717362692263926
1477,0.03417022074884681,91.31263107832424,91.40418764695337,91.43835786770222,43.80958288687097
1478,0.007110915293383373,91.32191091801738,91.32191091801738,91.32902183331076,43.64949592106418
1479,0.0014640232580295288,91.34742817897451,91.34742817897451,91.34889220223253,43.623670039758544
1480,0.02830497884062426,91.34807574670093,91.35217449750617,91.38047947634679,43.633116931465594
1481,0.023708170606583225,91.37080273137552,91.38047947634679,91.40418764695337,43.64095357508904
1482,0.09100883135200047,91.42297822925907,91.43835786770222,91.52936669905422,43.64818672657263
1483,0.05829391171522193,91.60986772700869,91.60986772700869,91.66816163872392,43.70903505601157
1484,0.03744110229762067,91.7370029040622,91.7370029040622,91.77790497603662,43.86386263980229
1485,0.09352839063023814,91.75047442702777,91.77790497603662,91.92835633177657,44.00592592969509
1486,0.0034609696768139486,91.7640621854592,91.7640621854592,91.767523155136,43.842702868492005
1487,0.023063449826143965,91.77990663403958,91.77990663403958,91.80297008386572,43.85021257973702
1488,0.08039896413553839,91.83198049691654,92.15990657579326,92.28866288879534,44.27814886421861
1489,0.01691171490910561,91.87108470329616,91.87108470329616,91.88799641820526,43.90808935879944
1490,0.016947800374461405,91.88654642590087,91.88799641820526,91.90494421857973,43.89436799271171
1491,0.06777071980217782,91.91907317692782,91.92835633177657,91.99612705157875,43.97307571583375
1492,0.06501322177069838,91.96729674703663,92.09489335402256,92.15990657579326,44.11019200013426
1493,0.04561022997691447,91.99118408642164,91.99612705157875,92.04173728155567,43.95462514968142
1494,0.04709394906824777,92.01021362834949,92.04173728155567,92.08883123062391,43.998429094085196
1495,0.006062123398655992,92.08283408940854,92.08883123062391,92.09489335402256,43.911050074040936
1496,0.0837019239174216,92.14245076782635,92.39854213077753,92.49947116257809,44.22439996626809
1497,0.013483953417931712,92.1747450594335,92.1747450594335,92.18822901285144,43.89855612444222
1498,0.09434914624393519,92.20345635871864,92.49947116257809,92.68603018554104,44.32442849301658
1499,0.03487339544861122,92.211740851809,92.211740851809,92.24661424725761,43.89595759951129
1500,0.07073073650093155,92.25078424419543,92.28866288879534,92.35939362529628,44.03155021319573
1501,0.03914850548125491,92.35305432260552,92.35939362529628,92.39854213077753,44.02636219314395
1502,0.0172271078831463,92.45834810066738,92.45834810066738,92.47557520855052,44.086901493298136
1503,0.044268252094151944,92.53860439716372,92.53860439716372,92.58287264925788,44.11179560671914
1504,0.007423199881104242,92.58468376836785,92.58468376836785,92.59210696824896,44.10145830662554
1505,0.032714534202001426,92.59826977842441,92.59826977842441,92.63878820316818,44.128052995285444
1506,0.007803890541771775,92.6058313648819,92.6058313648819,92.61363525542366,44.0463120994909
1507,0.0975950785457742,93.10382470202988,93.10382470202988,93.20141978057566,44.53458180893023
1508,0.28947184362364164,93.1181416262244,94.30251456225629,96.15413212839498,47.5153409677498
1509,0.08195231789248476,93.2709936249578,93.2709936249578,93.35294594285028,44.629056410981455
1510,0.11002931562777402,93.4220515844007,93.4220515844007,93.53208090002848,44.74636675280282
1511,0.04047513774619561,93.5653663347685,93.5653663347685,93.6058414725147,44.882297540308286
1512,0.1552108155329706,93.56826985477568,93.73014435944214,94.15884866793398,45.40805508174287
1513,0.01544841785551699,93.677016356128,93.677016356128,93.69246477398352,44.88738925954405
1514,0.13406476450953694,93.74451965544456,93.74451965544456,93.8785844199541,45.07689674909528
1515,0.022486748064401103,93.8721912518478,93.8785844199541,93.90107116801849,45.02428394651681
1516,0.0596342659102605,93.9330800088572,93.9330800088572,93.99271427476747,45.045778546471055
1517,0.00681623467854798,94.02830912700264,94.02830912700264,94.0351253616812,45.13810233862564
1518,0.04063021337679805,94.03054512334847,94.0351253616812,94.075755575058,45.11949399809021
1519,0.12518270631663014,94.12553383472167,94.15884866793398,94.30251456225629,45.299087793909614
1520,0.009861266419329207,94.13427452142156,94.13427452142156,94.1441357878409,45.18389251851752
1521,0.018483188005680364,94.22373094948719,94.22373094948719,94.24221413749287,45.24913454007661
1522,0.09851936233589141,94.30683790455127,94.30683790455127,94.4248310979996,45.38206034239093
1523,0.019473831112436727,94.36306280924151,94.36306280924151,94.38253664035395,45.3140460295365
1524,0.05383795269083303,94.37320956324687,94.4248310979996,94.47866905069043,45.3153254057717
1525,0.07802789557031976,94.3791968923479,94.47866905069043,94.55669694626074,45.36394659956179
1526,0.06988085877151783,94.56804866174396,94.56804866174396,94.63792952051547,45.44325532516572
1527,0.05373885693658906,94.65482742491506,94.65482742491506,94.70856628185165,45.5207858485166
1528,0.010195774550881472,94.72572591340992,94.72572591340992,94.7359216879608,45.52358075277312
1529,0.05054368696858066,94.74127079187326,94.74127079187326,94.79181447884184,45.552816736167976
1530,0.24546490488937076,94.75521746094785,130.52687766289569,132.20154096856461,82.95471562796341
1531,0.010342594838719408,94.81962116111612,94.81962116111612,94.82996375595484,45.57598521933384
1532,0.09293018881959998,94.86147008136663,94.86147008136663,94.96042071224721,45.6355334427288
1533,0.21629804195146246,94.88105191072773,105.24779614136963,105.4640941833211,56.158854796276664
1534,0.006020442060991657,94.90337073530313,94.90337073530313,94.90939117736411,45.59605139467529
1535,0.007268030180728286,94.96774779568453,94.96774779568453,94.97501582586526,45.618198767331926
1536,0.09759842669146801,94.99222038921309,94.99222038921309,95.14748628143545,45.741397964709826
1537,0.04702784657258601,94.99474120300378,94.99474120300378,95.04176904957637,45.57316317237876
1538,0.010639618958313557,95.089780600184,95.089780600184,95.10042021914231,45.53490764378223
1539,0.1392031113357162,95.11095502147774,95.14748628143545,95.29445430817859,45.687221067086476
1540,0.007764915407414455,95.15065815488191,95.15065815488191,95.15842307028933,45.58032963473018
1541,0.14288878054689647,95.18437450147847,95.29445430817859,95.46262863642517,45.86112024142164
1542,0.16705062956477768,95.2557575155496,96.48181081269148,96.67148696615286,47.05836924282698
1543,0.02230982225412461,95.3378619741137,95.3378619741137,95.36017179636782,45.72867620696608
1544,0.12392673654335055,95.43995916810294,95.46262863642517,95.60930316712466,45.99406632833373
1545,0.002975725445545803,95.44377965308774,95.44377965308774,95.4467553785333,45.82872844763915
1546,0.02274779415615189,95.485801389238,95.485801389238,95.50854918339415,45.84930115261391
1547,0.06928569833347842,95.54280772154289,95.69514387042848,95.78005671719582,46.08896968613582
1548,0.0654826171861223,95.6052267195974,95.60930316712466,95.69514387042848,46.01305141692333
1549,0.00468274120547021,95.62780463899306,95.62780463899306,95.63248738019853,45.95603458207002
1550,0.00377504065708897,95.63086918431837,95.63248738019853,95.63626242085562,45.90436051370766
1551,0.1226719185088863,95.65040206511271,95.78005671719582,95.94372340606836,46.10500831714671
1552,0.011900304255133476,95.67123304439161,95.67123304439161,95.68313334864675,45.80941023361697
1553,0.0156271484338683,95.73645607219632,95.73645607219632,95.75208322063018,45.87058209847646
1554,0.040994770363656695,95.79654401304964,95.79654401304964,95.8375387834133,45.919698873472115
1555,0.19049050511540966,95.89780119077386,96.70692115884279,98.31541772503739,48.3595003009147
1556,0.004755362373501128,95.95307545055132,95.95307545055132,95.95783081292483,46.003844135620895
1557,0.14742981332830413,95.97949624425102,96.15413212839498,96.30393897266653,46.25987856163682
1558,0.05030700304017541,96.04581511807238,96.04581511807238,96.1009229865216,46.04602232350741
1559,0.004800865409031205,96.05269714729071,96.05269714729071,96.05749801269975,45.93381301046881
1560,0.15401811124793854,96.12347047574119,96.30393897266653,96.48181081269148,46.32250971244786
1561,0.0023770309432506647,96.22728654351856,96.22728654351856,96.22966357446181,46.06576312142139
1562,0.023853728777009545,96.42415317927248,96.42415317927248,96.44800690804949,46.238744236951455
1563,0.29088219001683807,96.55344202046419,151.21308747522428,152.23216003604296,102.03214056179488
1564,0.19557245259206074,96.55420743426802,101.97379786691867,102.29883661447998,52.03551516639377
1565,0.0017701251524583604,96.6112384319531,96.6112384319531,96.61300855710556,46.396777769047354
1566,0.020855398744129186,96.61292428427635,96.61300855710556,96.63386395584969,46.39631099777933
1567,0.035434192689929464,96.65183877377913,96.67148696615286,96.70692115884279,46.37442932639836
1568,0.08918613990717791,96.71656620729718,96.71656620729718,96.80575234720436,46.41991214957596
1569,0.049868927475077665,96.7745944368323,96.80575234720436,96.88966479836529,46.452332951732856
1570,0.06635758617203696,96.78715664291154,97.06934565435931,97.13570324053134,46.73172683632428
1571,0.02677483285233142,96.80665917158623,96.80665917158623,96.83998480055168,46.42928043303074
1572,0.06181415792146387,96.81187463514557,97.00753149643785,97.06934565435931,46.5621821423674
1573,0.0065507961131199164,96.81263297456077,96.81263297456077,96.81918377067389,46.229969755534384
1574,0.05850741228528211,96.82720537888778,96.88966479836529,96.94817221065057,46.31006432407038
1575,0.0007178947204047911,96.84220558807749,96.84220558807749,96.8429234827979,46.20243573404422
1576,0.05821843319845134,96.90458688145843,96.94817221065057,97.00753149643785,46.30692565680027
1577,0.0011408525888270825,96.97024816822334,96.97024816822334,96.97138902081217,46.211230582003125
1578,0.16788514761401163,97.01695129462678,97.47276562784693,97.89054289062462,47.090002116230615
1579,0.14744208965854738,97.10461040623125,97.14996594226514,97.2974080319237,46.39337546210995
1580,0.014262701733792021,97.12512548328516,97.13570324053134,97.14996594226514,46.277457582354955
1581,0.10652663129238471,97.2391375759185,97.2974080319237,97.40393466321608,46.48365180587011
1582,0.06883096463084605,97.39885288857522,97.40393466321608,97.47276562784693,46.48764331039742
1583,0.08446483549249373,97.47565514656358,97.47565514656358,97.58651445713843,46.53964681943846
1584,0.0015334644185123736,97.48812819048696,97.48812819048696,97.48966165490548,46.461759559326026
1585,0.08634643252137847,97.52018643918926,97.58651445713843,97.67286088965982,46.557835554825346
1586,0.024861010663844118,97.52188051274716,97.52188051274716,97.546741523411,46.457612387618894
1587,0.206954740973223,97.59030643028852,104.28609588478783,104.52970549659543,53.30385503890873
1588,0.05148432679650516,97.69191694737611,97.69191694737611,97.74458299447937,46.59823910792842
1589,0.0011817203067435746,97.69625298789971,97.69625298789971,97.69743470820646,46.5712995143209
1590,0.16783497098606076,97.71861249924125,97.89054289062462,98.09525340361034,46.89394547112798
1591,2.03249641837081e-05,97.86408575392636,97.86408575392636,97.86410607889054,46.60874923416194
1592,0.03687554199966569,97.99639583846857,97.99639583846857,98.03327138046824,46.77135009430407
1593,0.18202249589334848,98.02829666527423,100.30528303700308,100.79330420294059,49.49400401849128
1594,0.03931886476603198,98.13979709866217,98.13979709866217,98.1791159634282,46.84334952247826
1595,0.16684896898815196,98.26543218805654,98.31541772503739,98.8395210328975,47.4326608053912
1596,0.02928106045200259,98.31901180720811,98.31901180720811,98.34829286766012,46.92422957218546
1597,0.07163870958691568,98.32033420938953,98.34829286766012,98.41993157724704,46.99430142462168
1598,0.07143022644700538,98.4049162295358,98.41993157724704,98.51219073753829,47.020452032766514
1599,0.020828933844236407,98.43832046033208,98.43832046033208,98.45914939417632,46.976334208021306
1600,0.0008646368736742185,98.52886092628502,98.52886092628502,98.52972556315869,47.063557869880796
1601,0.24789547303015194,98.58410599954748,133.6151417885909,133.86303726162106,82.13263700212336
1602,0.040249351407274855,98.60565814444843,98.60565814444843,98.66710182379664,47.1507430109542
1603,0.07285947271896222,98.6129692863804,99.00107641999789,99.25902176094397,47.68621872606837
1604,0.021194327940950237,98.62115757853037,98.62115757853037,98.64235190647132,47.07988916221328
1605,0.04517736566139462,98.6627664067208,98.66710182379664,98.71227918945803,47.10435566642945
1606,0.05658972665850616,98.68930976441168,98.71227918945803,98.76886891611653,47.10345964994056
1607,0.09598550169054425,98.77538184782483,99.42134221639151,99.52525219071646,47.910172704949304
1608,0.07271537764138743,98.77910811718814,98.8954700280405,99.00107641999789,47.31904325183996
1609,0.05594899514301466,98.81711636777274,98.8395210328975,98.8954700280405,47.16248142322725
1610,0.1259423748344441,98.9053839753416,100.07978071233505,100.20572308716949,48.41528628538832
1611,0.032891014315991014,98.91739823806923,98.91739823806923,98.95028925238522,47.15175506553045
1612,0.006020216941711674,99.00750845967603,99.00750845967603,99.01352867661774,47.20942683503978
1613,0.06390764225162647,99.00962268239083,99.01352867661774,99.13296733814168,47.13120165244017
1614,0.0354305038499924,99.03935233366381,99.03935233366381,99.07478283751381,46.95498948822259
1615,0.020100515422323464,99.06950472091712,99.07478283751381,99.09488335293614,46.941982565269136
1616,0.08553482102189211,99.13174131328235,99.33580739536961,99.42134221639151,47.19079565269143
1617,0.023539918671280427,99.14284036647526,99.14284036647526,99.17227811810919,46.962074378031154
1618,0.005897832962660787,99.15670789257581,99.15670789257581,99.16260572553847,46.85764069224613
1619,0.030189238127537578,99.16934164399468,99.17227811810919,99.20246735623672,46.852956370714054
1620,0.07678563442564686,99.22333638722444,99.25902176094397,99.33580739536961,46.915656186157456
1621,0.1160676457423828,99.3180297114766,99.6053003536826,99.73312691126162,47.269269744734295
1622,0.007924472634405898,99.45773918865468,99.45773918865468,99.46566366128908,47.00022893887431
1623,0.08004816296613672,99.52506154035973,99.52525219071646,99.6053003536826,47.0571725651019
1624,0.09467742699124976,99.63001339460386,99.73312691126162,99.92327165552128,47.40984294405158
1625,0.011758911836648797,99.67481593416484,99.67481593416484,99.68657484600149,47.10675323306406
1626,0.08788611302957697,99.73880780739981,99.73880780739981,99.82669392042939,47.07101110119008
1627,0.08323235387721076,99.85533427062195,99.92327165552128,100.00650400939848,47.274843900468454
1628,0.00758120423881892,99.89533262640792,99.89533262640792,99.90291383064674,47.183479672532066
1629,0.07218069700588495,99.96819920122518,100.00650400939848,100.07868470640437,47.31290252962772
1630,0.001096005930681028,100.07762410074938,100.07868470640437,100.07978071233505,47.30985966698045
1631,0.05480267757266249,100.15826788521328,100.20572308716949,100.26052576474216,47.48824658917767
1632,0.04475727226092705,100.2578677469306,100.26052576474216,100.30528303700308,47.48842474946463
1633,0.10712209094598177,100.32769259530218,100.32769259530218,100.4650182785465,47.63173106530387
1634,0.03020359229833241,100.38368187854665,100.38368187854665,100.41388547084499,47.59619074860308
1635,0.13201886681478214,100.48229172243963,100.48229172243963,100.61431058925442,47.69181556300299
1636,0.16051189383780562,100.61522627680668,100.79330420294059,101.00792159307437,48.1561040476281
1637,0.010209367329105669,100.66531646250769,100.66531646250769,100.6755258298368,47.85342306392176
1638,0.19112490896212164,100.70320730271446,101.37277775250904,101.83462990469928,48.91060968141273
1639,0.026444752655944658,100.711666920185,100.711666920185,100.73811167284094,47.842108503460906
1640,0.17763427482502236,100.77013829272641,101.15907011873259,101.37277775250904,48.41322023148148
1641,0.049578167489189987,100.79642168079997,100.79642168079997,100.84599984828915,47.90101292970748
1642,0.004527328806783189,100.8668392011581,100.8668392011581,100.87136652996489,47.965095227065476
1643,0.13644468645446164,100.95346407623171,101.00792159307437,101.15907011873259,48.19192211130912
1644,0.014703839203750155,101.09841796139237,101.09841796139237,101.11312180059612,48.17710573145735
1645,0.03607335895143251,101.25112623091977,101.25112623091977,101.2871995898712,48.31277471742901
1646,0.12588249414962885,101.40589471960921,101.40589471960921,101.58135375087069,48.57943706535055
1647,0.03188272000648037,101.40794690987752,101.40794690987752,101.439829629884,48.41072826179671
1648,0.017693817105363104,101.48736178159442,101.48736178159442,101.50505559869978,48.48270647674335
1649,0.23181069275457852,101.54499066594927,129.451544555587,130.0156810392748,76.9855336853273
1650,0.021591849034093485,101.61211553773572,101.61211553773572,101.63370738676981,48.55137063801475
1651,0.13916796221938865,101.62045648421258,101.83462990469928,101.97379786691867,48.72143480091989
1652,0.07367636293254366,101.65375527909207,101.65375527909207,101.72743164202461,48.49303316882264
1653,0.08258817999732963,102.06431756442319,102.06431756442319,102.14690574442052,48.979004102119795
1654,0.2739644080736768,102.07625435163482,137.10990807806476,137.41543307648593,84.18007926399373
1655,0.13614742034226857,102.12296238728281,102.43484928358787,102.9639716767335,49.72614176785617
1656,0.13601266910788593,102.14553204011426,102.29883661447998,102.43484928358787,49.067429796305454
1657,0.04598494573195305,102.19232325722035,102.19232325722035,102.23920137219227,48.97975578237555
1658,0.0008931692399524947,102.21748221276583,102.21748221276583,102.21837538200579,48.93407522462987
1659,0.07665767582313171,102.43967601824372,102.43967601824372,102.57041224417789,49.247844964801345
1660,0.054078550111036905,102.443234777166,102.443234777166,102.49731332727704,49.13904596758535
1661,0.1754969488195475,102.46627529050288,103.04119294351736,103.35928882524165,49.842350603199634
1662,0.04907286292614701,102.52670775406928,102.57041224417789,102.61948510710404,49.21131493241622
1663,0.18456847935325366,102.54791661354128,103.70491607537478,103.89612510146473,50.34321625458404
1664,0.06388144167664792,102.57402245175618,102.61948510710404,102.72241095588083,49.216430997308514
1665,0.09945898085798104,102.5790173850486,102.72241095588083,102.8218699367388,49.25874572995872
1666,0.03584060140254839,102.62201605295202,102.62201605295202,102.66106046005217,49.162638415983096
1667,0.0032038056975974847,102.65250916170145,102.65250916170145,102.65571296739904,49.13899315071541
1668,0.010781054308265882,102.92393586206965,102.92393586206965,102.93471691637792,49.397218897283075
1669,0.06975864088711561,102.925369398146,102.9639716767335,103.04119294351736,49.425207693044065
1670,0.0074626258967508685,102.97012872386212,102.97012872386212,102.97759134975887,49.386626424920046
1671,0.2132356966502916,102.97471686255514,104.52970549659543,105.2150068392818,51.570558970151886
1672,0.13724975433893963,103.06745412292727,103.06745412292727,103.21005305583202,49.55723488827121
1673,0.005349178565801204,103.06891105267954,103.06891105267954,103.07426023124535,49.42549646099291
1674,0.16693589612291942,103.1193053230967,103.35928882524165,103.70491607537478,49.86041985055021
1675,0.21905065948261437,103.17825370750393,105.49424085791658,106.00857364136458,52.18552171888916
1676,0.09075956965570821,103.3630808411846,103.3630808411846,103.54177219519481,49.71665144746582
1677,0.041515909887266764,103.37494472177185,103.37494472177185,103.41646063165912,49.48883706626312
1678,0.039718194729646855,103.43076922998485,103.43076922998485,103.47718510445209,49.55703891679893
1679,0.006697679737593052,103.45728631212347,103.45728631212347,103.46398399186107,49.539730560197945
1680,0.18927442909823253,103.73658887054847,103.89612510146473,104.09464192701004,50.16226314320987
1681,0.006640546736692823,103.781205170591,103.781205170591,103.78784571732768,49.83295351421908
1682,0.00924239644707691,104.05090385636979,104.05090385636979,104.06014625281686,50.03819755065415
1683,0.10549154962350829,104.0890946337731,104.09464192701004,104.20013347663355,50.06354108666764
1684,0.08596240815427028,104.16971027192766,104.20013347663355,104.28609588478783,50.0392458641773
1685,0.016604374910660673,104.35525756880746,104.35525756880746,104.37186194371812,50.1463745291034
1686,0.3584499903839697,104.37918478154451,154.5805471075099,155.65547617091426,101.28108431677587
1687,0.020050495923724362,104.39453206854363,104.39453206854363,104.41458256446735,50.02116416691893
1688,0.011424058991714902,104.55027281882177,104.55027281882177,104.56169687781349,50.17107036053319
1689,0.03365674769466817,104.56248998643711,104.56248998643711,104.59614673413178,50.19769450506734
1690,0.07326398461718371,104.58406246598432,104.59614673413178,104.66941071874896,50.2568996055479
1691,0.013496473199671056,104.65861017747046,104.66941071874896,104.68290719194863,50.25633230535472
1692,0.0058143098888299265,104.68064710582429,104.68290719194863,104.68872150183746,50.25434616434777
1693,0.022208335438658224,104.69959921498909,104.69959921498909,104.72964660464106,50.22029264557461
1694,0.06583891183289728,104.70396930782371,104.72964660464106,104.79548551647396,50.252281572061406
1695,0.007839054213299484,104.7102135460884,104.7102135460884,104.7180526003017,50.1289846940672
1696,0.04854599540591908,104.75349255760251,104.79548551647396,104.84403151187988,50.23158326992905
1697,0.04654942767553879,104.80016842884059,104.84403151187988,104.89058093955542,50.27873911498469
1698,0.22702669150442106,104.81887680945307,106.00857364136458,106.29565949626532,51.57887143597558
1699,0.138381993153009,104.86616311911406,104.89058093955542,105.02896293270842,50.24577530902881
1700,0.00012409228527369867,105.07024546094286,105.07024546094286,105.07036955322813,50.409570790360604
1701,0.004922261639402286,105.1174207021866,105.1174207021866,105.12234296382601,50.44235281877651
1702,0.032789302087840734,105.18802340656357,105.2150068392818,105.24779614136963,50.516456282989736
1703,0.029379186553707266,105.45127211914128,105.4640941833211,105.49424085791658,50.70311766915222
1704,0.000767488041769351,105.47581995874808,105.47581995874808,105.47658744678985,50.69058148436972
1705,0.03617062034134622,105.53580915175603,105.53580915175603,105.57197977209738,50.74488258952119
1706,0.07205872767517985,105.55649400314977,105.57197977209738,105.64403849977256,50.71721830046869
1707,0.03069349027780215,105.64598668298977,105.64598668298977,105.67668017326757,50.79081435607146
1708,0.0029129130195332934,105.68222915322976,105.68222915322976,105.68514206624928,50.786633974246755
1709,0.06109786891851273,105.69220786980193,105.69220786980193,105.75330573872044,50.7928976090734
1710,0.06000900813518465,105.69429288367152,105.75330573872044,105.81331474685562,50.82050889043718
1711,0.03233949559782216,105.90449989335106,105.90449989335106,105.93683938894888,50.94392073575621
1712,0.19115005004813565,106.07513573789302,107.32612807416122,109.88427438793015,54.883340283937315
1713,0.05795264349856652,106.09945658478844,106.09945658478844,106.15951574818476,51.17973530621051
1714,0.16942933490706766,106.14105427132228,106.62894042893014,106.89233888517471,51.847245706176636
1715,0.002106519897748122,106.15381415195576,106.15381415195576,106.15592067185351,51.121751875887675
1716,0.1479195996575645,106.17374525945912,106.29565949626532,106.47078975918902,51.41308628499843
1717,0.01482775820903518,106.30700480228383,106.30700480228383,106.32183256049287,51.25032350733714
1718,0.012382905057087844,106.42419181515487,106.42419181515487,106.43657472021196,51.34911623982731
1719,0.08012244383889654,106.45867739928293,106.47078975918902,106.62894042893014,51.49080577253586
1720,0.03698928592187275,106.50173935650666,106.50173935650666,106.53872864242854,51.422528158162244
1721,0.04103893998034616,106.53325778608185,106.53872864242854,106.57976758240888,51.370960109727775
1722,0.09396912133751094,106.69448646639611,106.69448646639611,106.78845558773362,51.60911963293836
1723,0.22442011456074362,106.77366685638027,122.42887671917798,126.10849022830818,70.82693864656221
1724,0.13721384221586472,106.77780285728468,107.00444038644983,107.1416542286657,51.785861448280144
1725,0.11210150127511677,106.85985853993745,106.89233888517471,107.00444038644983,51.74744648588363
1726,0.1501292407116748,106.9728033942467,107.1416542286657,107.32612807416122,52.05364293402073
1727,0.029969350646863305,107.24466278282152,107.24466278282152,107.27900738760536,52.023064520229056
1728,0.004375254136967131,107.2588398134718,107.2588398134718,107.26321506760877,52.01455622355845
1729,0.053951726557286084,107.32726013730458,107.32726013730458,107.38121186386186,52.073813106108496
1730,0.0010107453890298534,107.38140070674152,107.38140070674152,107.38241145213054,52.10873858002742
1731,0.08654217893335385,107.41163092798612,107.41163092798612,107.49817310691948,52.128050004986484
1732,0.08038604793988446,107.42018987732295,107.49817310691948,107.57855915485936,52.232688760913405
1733,0.11095589603892658,107.57629618536718,107.57855915485936,107.6895150508983,52.18786300422448
1734,0.09142253762920759,107.60513338672149,107.6895150508983,107.79787666246614,52.32889379837544
1735,0.08406275817324041,107.7198526793005,107.83389454819721,107.97973361961036,52.440445525269446
1736,0.0169390739386275,107.72973249501061,107.72973249501061,107.74667156894924,52.09816410086126
1737,0.08475109123469379,107.74967853099167,108.07968495349198,108.20165352505592,52.538253862084865
1738,0.02474138515256472,107.79161869173628,107.79787666246614,107.83389454819721,52.17444982156981
1739,0.011276500578498003,107.8033258726093,107.8033258726093,107.81460237318781,52.15906483498286
1740,0.06177631323989713,107.84952682347074,107.84952682347074,107.91130313671064,52.14033435493945
1741,0.1761528335340355,107.86862714236531,117.63514253610145,117.93007623029912,62.10146133465657
1742,0.04954973922787872,107.93708928323692,107.97973361961036,108.02928335883824,52.190443298717675
1743,0.050401594653732604,107.97574436279538,108.02928335883824,108.07968495349198,52.23962456328365
1744,0.10208637193085406,108.10549147610807,108.48577232202035,108.68744621117423,52.78200184712206
1745,0.164632871357906,108.11276600484534,109.96626558458303,110.17071274521176,54.31915447867457
1746,0.1177114269387902,108.11518424867319,108.68744621117423,109.07848947656937,53.1289830769959
1747,0.06786077776381522,108.13402455721177,108.20165352505592,108.30169505090561,52.43597634493879
1748,0.025174681076452397,108.1376053335718,108.1376053335718,108.16278001464825,52.26068068536901
1749,0.012042799252789938,108.16314596642654,108.16314596642654,108.17518876567934,52.26181852343602
1750,0.13234247592055415,108.21981619884808,109.07848947656937,109.27292393558932,53.117447481731
1751,0.032180748085883004,108.22924972266574,108.22924972266574,108.26143047075162,52.13884988571183
1752,0.052762709312996106,108.22950746624676,108.30169505090561,108.35445776021861,52.12848580908062
1753,0.09060918397956845,108.2972972027289,108.35445776021861,108.48577232202035,52.23997341732075
1754,0.01320687515480476,108.37592236912315,108.37592236912315,108.38912924427795,52.17577349616552
1755,0.027498502667373012,108.40657722033944,108.40657722033944,108.43407572300681,52.1640516015321
1756,0.008916226053070632,108.49020600390507,108.49020600390507,108.49912222995815,52.23673817047403
1757,0.05229702584932868,108.51038344280893,108.51038344280893,108.56268046865826,52.23494675422561
1758,0.0383742653206335,108.53112269700755,108.56268046865826,108.60105473397888,52.2545231127764
1759,0.08490399099647354,108.69470338126399,108.69470338126399,108.77960737226047,52.45726013872394
1760,0.07477669509948451,108.71375184898403,108.85574857040338,108.93052526550287,52.46692320288834
1761,0.05378650906134807,108.7296857322673,108.80196206134202,108.85574857040338,52.40188167327423
1762,0.022354689081558948,108.77372123408547,108.77960737226047,108.80196206134202,52.364744207262746
1763,0.03562441267173652,108.94357417391612,108.94357417391612,108.98108412813359,52.51693302139025
1764,0.0018855415457254443,108.9481495313228,108.9481495313228,108.95003507286853,52.445952207476374
1765,0.16048889759224608,109.07883137941737,109.27292393558932,109.50071552157861,52.99497889444147
1766,0.2086163527035395,109.08147389385496,120.99390286663736,121.45592890395955,64.79209012560109
1767,0.030378254544830924,109.10291901314703,109.10291901314703,109.13329726769186,52.47913817529148
1768,0.03171372855457059,109.1207690750932,109.13329726769186,109.16501099624642,52.4840859079011
1769,0.05572560804275103,109.27368736912001,109.27368736912001,109.32941297716276,52.548846965481054
1770,0.011577080354298032,109.47421746893303,109.47421746893303,109.48579454928733,52.7474296273923
1771,0.015687316553109325,109.49964768192773,109.50071552157861,109.51640283813173,52.71291760151037
1772,0.022461327360672415,109.53028980927392,109.53028980927392,109.5527511366346,52.72034319923712
1773,0.022661598158349727,109.5959982305177,109.5959982305177,109.61865982867604,52.771606991547316
1774,0.023243486871363624,109.63178526677639,109.63178526677639,109.65502875364776,52.73601190597344
1775,0.08015572907507497,109.64715781007732,109.65502875364776,109.75598457436422,52.80394641919537
1776,0.020800091641389615,109.70559983148647,109.70559983148647,109.72639992312786,52.76866782144542
1777,0.037939648522032875,109.76189433477875,109.76189433477875,109.79983398330077,52.78232114617131
1778,0.08199119665288274,109.84717194542849,109.88427438793015,109.96626558458303,52.8919147204766
1779,0.14515902687481305,110.00147360041294,110.26007485311086,110.44424507428992,53.41080894297426
1780,0.039814289270828106,110.07277831827143,110.07277831827143,110.11259260754225,53.03473260906124
1781,0.02983926971290916,110.15453604530586,110.17071274521176,110.21636783715259,53.125511541623204
1782,0.015815822227922438,110.17132978408068,110.17132978408068,110.1871456063086,53.05525712570082
1783,0.04370701595827512,110.18903708215493,110.21636783715259,110.26007485311086,53.13273818011272
1784,0.22565789689863422,110.24704335361031,126.68795805114794,126.92667512534065,69.77144583037902
1785,0.1509478374794501,110.25621082541335,110.9212762515889,111.07222408906836,53.84489443738897
1786,0.1153910195211923,110.29679418597773,110.61755211825465,110.73878692269227,53.46678884654943
1787,0.03901119430424663,110.36316456280406,110.36316456280406,110.40217575710831,53.20516866642656
1788,0.057221722690179486,110.37643839522798,110.50067348279318,110.55789520548335,53.35993618156533
1789,0.054619467217681385,110.41430146255756,110.44424507428992,110.50067348279318,53.274066663483595
1790,0.12163293311102186,110.43610845282751,110.73878692269227,110.9212762515889,53.65396382367464
1791,0.1585569090972221,110.46553918792873,114.56438265670278,115.07282899850905,57.79168434402648
1792,0.001808941285577549,110.46810632512016,110.46810632512016,110.46991526640574,53.21642823966603
1793,0.05965691277129711,110.54584306667533,110.55789520548335,110.61755211825465,53.30029440010241
1794,0.005843784916426355,110.62243003493673,110.62243003493673,110.62827381985315,53.363922076449924
1795,0.06085639578562647,110.79938399831747,110.79938399831747,110.86024039410309,53.46783992694956
1796,0.15505067908566195,110.98371259748257,111.4736456104641,111.62869628954977,54.246342090396716
1797,0.09993260401354356,110.98807390787094,111.07222408906836,111.26747512970593,53.89907988417557
1798,0.07270429670960223,111.07373424065744,111.07373424065744,111.15364389451959,53.763112304861984
1799,0.007205357152536258,111.12824953435201,111.12824953435201,111.13545489150455,53.74153413602368
1800,0.015408782761882572,111.16737049680303,111.16737049680303,111.18277927956491,53.7783266463851
1801,0.1182010158528996,111.2279450334578,111.29550460779737,111.46796606280716,54.06942588848201
1802,0.028029478091435765,111.25757807690695,111.26747512970593,111.29550460779737,53.83919641859839
1803,0.054260439156895574,111.3170340105161,111.3170340105161,111.37129444967299,53.84679099615162
1804,0.005679547656932286,111.4671157567828,111.46796606280716,111.4736456104641,53.933088451834706
1805,0.08313905479829113,111.57367491978522,112.47878163682319,112.56192069162148,54.92115270670105
1806,0.08142247488280178,111.58991014439138,112.05895738257327,112.14037985745607,54.536726709465206
1807,0.05313566825447677,111.59611599872225,111.62869628954977,111.68300092802039,54.04068564731745
1808,0.06270304626402885,111.63518149014,111.99625433630924,112.05895738257327,54.421496954134525
1809,0.049294594069607185,111.64082442913579,111.68300092802039,111.73229552209,54.04844893161699
1810,0.053311024793991905,111.64749149903116,111.81184713489206,111.90119977694849,54.19963737667109
1811,0.22251615559203117,111.65023253011289,121.68543299261101,122.249265199133,64.49765726442148
1812,0.0011689702161513515,111.65093978399298,111.65093978399298,111.65210875420914,53.83211668065002
1813,0.13427095893391516,111.65470214379279,113.42537368217063,113.5609872409047,55.68204601467419
1814,0.14398083605461837,111.65905424184426,113.77193938298464,113.95249622916441,55.909261197635445
1815,0.049418249467950516,111.69042441765332,111.73229552209,111.81184713489206,53.816827943907235
1816,0.03013336333411049,111.73452732263583,111.73452732263583,111.76466068596994,53.78271383428639
1817,0.1132046154851213,111.73630531555989,112.70017569784109,112.82245911897894,54.78295494141758
1818,0.031026261265894185,111.81982102281493,111.81982102281493,111.85586264007736,53.86191730037624
1819,0.05789439233470054,111.82105777635557,111.90119977694849,111.99625433630924,53.90129584727206
1820,0.005015355996529101,111.83269286796195,111.83269286796195,111.83770822395849,53.734820626400484
1821,0.03716016702603975,111.90814590235786,111.90814590235786,111.9453060693839,53.815411552593154
1822,0.12092026146934809,111.91888471003318,112.94290234479993,113.08532861861254,54.928999208664656
1823,0.09595210087678736,112.05151546543154,112.56192069162148,112.65787279249827,54.47221584165353
1824,0.057297862858851,112.12076529956398,112.23169572362245,112.2889935864813,54.045561319609256
1825,0.02498041445317032,112.12896678518753,112.14037985745607,112.16536027190924,53.8379739974925
1826,0.027579212252754934,112.14535595555611,112.17169223370513,112.19927144595789,53.710568026536066
1827,0.006331961795890342,112.16310164748442,112.16536027190924,112.17169223370513,53.59176427191708
1828,0.03242427766456647,112.17959427054434,112.19927144595789,112.23169572362245,53.61572805403395
1829,0.07105151609134056,112.19189298317785,112.2889935864813,112.40909554141946,53.788394883964
1830,0.04905043884681341,112.30409518414695,112.30409518414695,112.35314562299376,53.65637629398557
1831,0.04079224284154846,112.39401308935155,112.40909554141946,112.44988778426101,53.766821157197974
1832,0.1775772538068846,112.40685554997262,117.93007623029912,118.78618457923812,60.07430836945141
1833,0.028893852562181795,112.4253491202512,112.44988778426101,112.47878163682319,53.75518718078068
1834,0.12044322582099384,112.49601482799673,112.82245911897894,112.94290234479993,54.19392538261227
1835,0.12585710153978985,112.62216265503065,113.20127841081374,113.34788038079023,54.6184656930957
1836,0.0423029053428166,112.63542527128922,112.65787279249827,112.70017569784109,53.90424221319929
1837,0.009078805652728509,112.73811544240765,112.73811544240765,112.74719424806038,53.940344071983574
1838,0.16105023445383781,112.89173344071786,116.913354545378,117.21975609328298,58.3526912870513
1839,0.021506012343252813,112.94974954270242,112.94974954270242,112.97125555504567,54.104089204099154
1840,0.06386427754355521,113.02726286783805,113.12491744590073,113.20127841081374,54.31167587166129
1841,0.17897460584726277,113.03137450531678,118.78618457923812,119.23950844380492,60.29290342618088
1842,0.039588827288200165,113.06940803198145,113.08532861861254,113.12491744590073,54.08951277432847
1843,0.15791755337510702,113.08518120037358,114.3243424714509,114.56438265670278,55.47900669408023
1844,0.01195471163827961,113.13701684685842,113.13701684685842,113.1489715584967,54.11237254061504
1845,0.0005419757311653472,113.16261419217179,113.16261419217179,113.16315616790295,54.088652116285736
1846,0.07749330138040415,113.2915825405004,113.34788038079023,113.42537368217063,54.273108146863635
1847,0.020744868436700394,113.2976323959666,113.2976323959666,113.3183772644033,54.22283363465024
1848,0.0013425998001539172,113.49095371094693,113.49095371094693,113.49229631074708,54.407773737767
1849,0.1219233281258985,113.5584608896537,113.5609872409047,113.7587592561083,54.65445665992678
1850,0.18542359408448306,113.56098489749628,120.61704203769244,120.99390286663736,61.851993755489495
1851,0.005777617731153187,113.56626339317387,113.56626339317387,113.57204101090502,54.456209536890476
1852,0.018399518959654384,113.60412161962387,113.60412161962387,113.62252113858352,54.432879005212065
1853,0.014176026048818591,113.66788327804848,113.66788327804848,113.6820593040973,54.492676999863015
1854,0.03749552433808861,113.67871658431156,113.6820593040973,113.71955482843538,54.482711692351984
1855,0.013180126876335912,113.75513779643144,113.7587592561083,113.77193938298464,54.55742277914574
1856,0.036576010125139335,113.8132050304953,113.8132050304953,113.84978104062044,54.59892394340303
1857,0.1522061601381085,113.82071927709771,113.95249622916441,114.15333298727137,54.834402322488074
1858,0.047897051488704614,113.95630345773607,113.95630345773607,114.00420050922477,54.69486946940816
1859,0.12453393149872637,114.0667499669583,114.15333298727137,114.3243424714509,54.95922730024119
1860,0.000733546480147467,114.09058502067218,114.09058502067218,114.09131856715233,54.777909781143784
1861,0.16012986428615358,114.15990330027955,116.2016888035102,116.913354545378,57.39495197318894
1862,0.03637403180276977,114.18740571380462,114.18740571380462,114.23388126648543,54.626227062539016
1863,0.010101520878039217,114.21065024308294,114.21065024308294,114.22075176396098,54.57243218851211
1864,0.01134905434620427,114.3291049000865,114.3291049000865,114.3404539544327,54.6847498228189
1865,0.04213980208345051,114.36382033605364,114.36382033605364,114.40596013813709,54.714909412544834
1866,0.018966924623212762,114.43198963793685,114.43198963793685,114.45095656256007,54.710492151417725
1867,0.009666850823890944,114.48219526808266,114.48219526808266,114.49186211890655,54.72994878909561
1868,0.05434650958434657,114.59405360203822,114.59405360203822,114.64840011162256,54.848638577371354
1869,0.05149997254544396,114.61525869003096,114.64840011162256,114.69990008416801,54.918293231108485
1870,0.021117404199550195,114.69635544984024,114.71320902337054,114.73432642757008,54.891754531616776
1871,0.013308939202534982,114.69839358057138,114.69990008416801,114.71320902337054,54.84438449486029
1872,0.07565773633934385,114.7204703676394,114.73432642757008,114.80998416390942,54.90120858161837
1873,0.16558389900388934,114.770838606571,117.46955863709756,117.63514253610145,57.539739827845345
1874,0.06289787680441768,114.83722585078382,114.83722585078382,114.9041113987761,54.93262864590125
1875,0.003987671187862542,114.8775353751132,114.8775353751132,114.88152304630106,54.91082859542147
1876,0.033569057761445475,114.95181983276647,114.95181983276647,114.98538889052791,54.9372183651275
1877,0.033504265084137425,114.95685505345612,114.98538889052791,115.01889315561205,54.94767265587669
1878,0.056914239177626766,114.96460302061098,115.07282899850905,115.12974323768668,55.033000602047906
1879,0.07217378405991379,115.02735474119669,115.18842099284795,115.26059477690787,55.18890813182297
1880,0.05867775516126284,115.04325243120647,115.12974323768668,115.18842099284795,55.07999301490232
1881,0.11983812834319682,115.08449407654032,115.66022244647615,115.78006057481934,55.56753036392526
1882,0.07663248945964053,115.16268836771947,115.44549852671774,115.559689933829,55.354835801184656
1883,0.06693597325862666,115.1974460942996,115.27095636750911,115.38289232255117,55.209191603444644
1884,0.1005325126471531,115.20896437924816,115.559689933829,115.66022244647615,55.458071352003245
1885,0.010361590601254519,115.25651839304443,115.26059477690787,115.27095636750911,55.04023519754091
1886,0.04499998178343775,115.27629213564396,115.27629213564396,115.32129211742739,55.044763154405466
1887,0.06260620416656952,115.36777101412278,115.38289232255117,115.44549852671774,55.19754138219907
1888,0.11993247626594435,115.43615110625598,115.78006057481934,115.89999305108529,55.613463031170205
1889,0.0375589176516232,115.46982023287421,115.46982023287421,115.50737915052584,55.20129270414151
1890,0.1593703774483831,115.58632788503465,115.94100875702988,116.11650398037676,55.76670444724234
1891,0.20952389601445254,115.64291790958407,121.45592890395955,121.68543299261101,61.30197323782895
1892,0.3227199899026816,115.84164848242379,152.78270669180432,153.63603776024993,93.26677410315688
1893,0.04101570594458211,115.86041577032681,115.89999305108529,115.94100875702988,55.52202153076488
1894,0.016124845898505834,116.07249476137395,116.07249476137395,116.08861960727245,55.62636790388986
1895,0.06704633090790878,116.08317731892966,116.11650398037676,116.18355031128468,55.71355287664881
1896,0.01813849222551248,116.18099491180106,116.18355031128468,116.2016888035102,55.703410958884064
1897,0.036622433162443874,116.21714788390041,116.21714788390041,116.25377031706286,55.64863872057022
1898,0.05078595414636186,116.22136874977996,116.25377031706286,116.30455627120922,55.70557196308602
1899,0.11947718991387032,116.29571502301533,116.30455627120922,116.42403346112309,55.74631559755015
1900,0.13896446116560673,116.35862184913114,116.42403346112309,116.60605071447976,55.85171364370723
1901,0.04305279219105813,116.46117505137961,116.46117505137961,116.50422784357067,55.79634186111617
1902,0.023138585001054417,116.6801226651279,116.6801226651279,116.70326125012895,56.03162364000007
1903,0.03495099188546365,116.68016131967988,116.70326125012895,116.74503705936549,55.96397461298923
1904,0.04963572896162078,116.70208289244984,116.78451662108796,116.83415235004958,56.05205386738291
1905,0.03947956172247793,116.71275591824447,116.74503705936549,116.78451662108796,55.954627204563856
1906,0.006824817351070445,116.73010966872737,116.73010966872737,116.73693448607844,55.9252444358268
1907,0.008603362080613422,116.82858738907211,116.83415235004958,116.8427557121302,56.02803627448577
1908,0.05519039537055933,116.95808162485356,116.95808162485356,117.01327202022412,56.15008091602542
1909,0.06930590450231024,116.95869268319554,117.01327202022412,117.1034329383047,56.075164845384286
1910,0.02085501357827495,117.03191052986466,117.03191052986466,117.05276554344293,56.03409854672971
1911,0.14646495057579823,117.15270841479474,117.30975287600798,117.46955863709756,56.34468372433266
1912,0.0843321340459318,117.17264175726571,117.21975609328298,117.30975287600798,56.19686180663633
1913,0.005664648679051261,117.22891368501244,117.22891368501244,117.2345783336915,56.182661924930386
1914,0.001900000942576235,117.31007389006871,117.31007389006871,117.31197389101128,56.17949725088929
1915,0.011440809571208726,117.33456810731447,117.33456810731447,117.34600891688568,56.10034577108706
1916,0.001503056952960118,117.63528217339615,117.63528217339615,117.6367852303491,56.370996225028456
1917,0.08686520861726585,117.63655295362598,117.6367852303491,117.75110349196116,56.37753856910222
1918,0.027453052994791758,117.68788469492702,117.68788469492702,117.71533774792181,56.34829815949718
1919,0.00295954209862527,117.83867052498327,117.83867052498327,117.8416300670819,56.48843598537768
1920,0.0958098847525783,117.96180789646951,117.96180789646951,118.09800248501352,56.664446579008484
1921,0.0189539574008515,117.99231744318207,117.99231744318207,118.01127140058293,56.58975677049949
1922,0.1030708536490146,117.99964493997928,118.36209233227805,118.49290930996516,56.994937632647186
1923,0.021430746390571524,118.01771217183331,118.01771217183331,118.03914291822389,56.578737133513954
1924,0.08233409445645269,118.0372147242239,118.09800248501352,118.18033657946998,56.653495270061015
1925,0.06771361576186248,118.13392862013778,118.21935531911991,118.36209233227805,56.82363879183022
1926,0.039018739649925874,118.15754558785667,118.18033657946998,118.21935531911991,56.64386556679479
1927,0.05895466626471434,118.22777133938449,118.22777133938449,118.30279473678077,56.7098328862395
1928,0.016068731131571284,118.24173126711015,118.24173126711015,118.25779999824172,56.67527250468159
1929,0.13154930886979882,118.33802463968249,118.49290930996516,118.62445861883495,56.9209474652681
1930,0.027746124038085653,118.41117459698617,118.41117459698617,118.43892072102426,56.832142746650305
1931,0.0016985709369250195,118.69270109048996,118.69270109048996,118.69439966142689,57.06364767277062
1932,0.014181801829745514,118.72219511251733,118.72219511251733,118.73637691434708,57.07877972619824
1933,0.14728788307352542,118.80042713221775,118.80042713221775,119.07477639093729,57.31577495097557
1934,0.006422512819071352,118.84548850707246,118.84548850707246,118.85191101989153,57.09315960878882
1935,0.021526101766520925,118.85078601902849,118.85191101989153,118.87343712165806,57.083010372156735
1936,8.129270728988231e-05,118.878307565041,118.878307565041,118.87838885774829,57.08853943722881
1937,0.024594479092530222,118.88774417877707,118.88774417877707,118.9123386578696,57.09879756552609
1938,0.03291383439301725,118.90378691114094,118.9123386578696,118.94525249226261,57.08957780483267
1939,0.041523154867569634,118.95788509714438,118.95788509714438,118.99940825201196,57.12134925697294
1940,0.09068123757567607,119.19905927618484,119.55187869684983,119.6425599344255,57.77714221089291
1941,0.05913962222791559,119.20142251404349,119.23950844380492,119.29864806603284,57.44388052280313
1942,0.09149792203294663,119.23302261961739,119.6425599344255,119.73405785645845,57.78816317350493
1943,0.05324029772497922,119.27815098080538,119.29864806603284,119.35188836375782,57.487992661316
1944,0.08360383972058791,119.29288863148615,119.46827485712924,119.55187869684983,57.57618737587354
1945,0.04940537876667243,119.34659248307955,119.35188836375782,119.4012937425245,57.4205142589489
1946,0.018757717305434088,119.39633554366058,119.4012937425245,119.42005145982993,57.43721557093917
1947,0.048223397299309426,119.41735046912143,119.42005145982993,119.46827485712924,57.43588972753459
1948,0.1315406883312621,119.59307928095662,120.44630213840365,120.61704203769244,58.552021212814
1949,0.09263519411758113,119.62114572352975,119.73405785645845,119.91356070889366,57.74703517269016
1950,0.032937419522028825,119.74145672465059,119.74145672465059,119.77439414417262,57.61919337584389
1951,0.01623687764243475,119.76676064686353,119.77439414417262,119.79063102181506,57.63884141816558
1952,0.03769336115315597,119.7890679003499,119.79063102181506,119.82832438296822,57.63557322363992
1953,0.09553443689846496,119.80461210573351,119.91356070889366,120.00909514579212,57.72546377292784
1954,0.1081913336309712,119.9144701206397,120.00909514579212,120.16220760150875,57.90559053260054
1955,0.27669859394739443,120.01867960662467,147.121828078845,147.70907844757525,85.41014341384535
1956,0.012637974481878271,120.03696529510826,120.03696529510826,120.04960326959014,57.820516588783796
1957,0.011891156139539828,120.04468945482819,120.04960326959014,120.06149442572968,57.77128002492221
1958,0.08196784209217242,120.05373591178416,120.23256118366587,120.35258884379829,57.97606322615367
1959,0.020391991464245387,120.08669168560553,120.08669168560553,120.10708367706978,57.72281434659876
1960,0.07035358215710405,120.09064252788781,120.16220760150875,120.23256118366587,57.83567953193471
1961,0.08762322158124429,120.22301403636095,120.35258884379829,120.44630213840365,58.03606944921741
1962,0.03475354708573609,120.27917463455833,120.27917463455833,120.31392818164407,57.86744999338788
1963,0.003306270954515549,120.32201057186491,120.32201057186491,120.32531684281942,57.78913078749654
1964,0.00609007302413062,120.42028136174461,120.42028136174461,120.42637143476874,57.88421357277024
1965,0.03919921095753932,120.50715833091347,120.50715833091347,120.546357541871,57.91525209509928
1966,0.1646547792440666,120.63632845151939,120.63632845151939,120.82290300585537,58.11874823807239
1967,0.021919775091915183,120.7105152325795,120.7105152325795,120.73243500767141,57.92259266315366
1968,0.004862680524460522,120.95042251196698,120.95042251196698,120.95528519249143,58.154795001989534
1969,0.08941376476634956,121.09094338420358,121.09094338420358,121.18035714896993,58.30611959299072
1970,0.09793870870355173,121.12815142239174,121.18035714896993,121.27829585767348,58.33243093481915
1971,0.06605721114874982,121.28311070166596,121.28311070166596,121.3491679128147,58.40548093683283
1972,0.019793102733361163,121.48170426214935,121.48170426214935,121.50149736488271,58.588079311674534
1973,0.0001870899036647327,121.66874069366297,121.66874069366297,121.66892778356663,58.74310579764313
1974,0.025918219413097035,121.68576145973196,121.68576145973196,121.71167967914506,58.71693955992182
1975,0.07763678718479342,121.74184383645378,121.74184383645378,121.81963332656416,58.753556513654516
1976,0.07965699138822953,121.74399592939466,121.81963332656416,121.89929031795239,58.80027397839297
1977,0.00015270292559141517,121.75607314199003,121.75607314199003,121.75622584491562,58.66423843708232
1978,0.09091921929296716,121.82753931741959,121.89929031795239,121.99020953724536,58.787660531422546
1979,0.026227476868918728,122.06475190464803,122.06475190464803,122.09097938151696,58.887643821317205
1980,0.040804653856361145,122.15374774697244,122.15374774697244,122.1945524008288,58.972711566395375
1981,0.05404137342253637,122.19956402225955,122.249265199133,122.30518048801406,59.06866552728906
1982,0.08287430723796017,122.2687707680567,122.30518048801406,122.38805479525202,59.09544124660654
1983,0.0018739154585215288,122.29229390643194,122.29229390643194,122.29416782189045,59.015924544915855
1984,0.04082192392596733,122.3627334303466,122.38805479525202,122.42887671917798,59.05871537980456
1985,0.08563487653882706,122.4316407768504,122.4316407768504,122.57504053565323,59.19564972461795
1986,0.21948673475170036,122.43873525819839,122.74584241029814,123.32741655259741,59.928703026765405
1987,0.038176229225549294,122.44278343278238,122.44278343278238,122.48095966200793,59.03233121465736
1988,0.17080187464491342,122.50198303819212,122.57504053565323,122.74584241029814,59.14284190918352
1989,0.019588653038438347,122.51811743858171,122.51811743858171,122.53770609162015,59.05737689188367
1990,0.04560115350801639,122.75567599359837,122.75567599359837,122.8070547705607,59.30835126828356
1991,0.004961335121705014,122.78857910576056,122.78857910576056,122.79354044088227,59.290862829984846
1992,0.0008162883326044333,122.79606773464664,122.79606773464664,122.79688402297924,59.29780200826115
1993,0.07484567705338574,122.92022562999935,122.92022562999935,123.00737557150612,59.469072191515636
1994,0.012304264453382747,122.96614625613408,122.96614625613408,122.97845052058746,59.45042987318045
1995,0.042496779936822604,123.02932737446558,123.02932737446558,123.07827316676563,59.54779466732683
1996,0.03924956524899575,123.04313991153562,123.07827316676563,123.11752273201462,59.54977599952527
1997,0.006449012363224283,123.05530734803963,123.05530734803963,123.06175636040285,59.51651037629525
1998,0.06784116561721779,123.0706648104048,123.11752273201462,123.18536389763185,59.55412163167529
1999,0.019307482231038703,123.20791686068019,123.20791686068019,123.22722434291123,59.576017978537735
2000,0.06114921028335009,123.22055115938149,123.42977915152213,123.50286117410442,59.71763628220785
2001,0.048214683681176485,123.22744702547519,123.22744702547519,123.27566170915637,59.49964508190128
2002,0.11144726040195901,123.23669796263823,123.68191175880213,123.80237666379654,59.97014868981124
2003,0.06659950301427274,123.25944934333906,123.50286117410442,123.5694606771187,59.769729996266406
2004,0.044842947029663405,123.32080332133853,123.32741655259741,123.37225949962708,59.51193679670722
2005,0.05517204858401962,123.3367340787938,123.37225949962708,123.42977915152213,59.5418973136464
2006,0.002347603311018833,123.40419138171019,123.40419138171019,123.40653898502121,59.53487054014661
2007,0.011932812298955172,123.43781281231664,123.43781281231664,123.44974562461559,59.51326048474271
2008,0.06894689464178722,123.52747272215478,123.61296486416035,123.68191175880213,59.68447043997211
2009,0.04350418704165271,123.56857667245913,123.5694606771187,123.61296486416035,59.637925504340735
2010,0.00901764459244171,123.73371601937427,123.73371601937427,123.74273366396672,59.71244516879486
2011,0.15839816554499833,123.83372607933934,123.83372607933934,123.99212424488434,59.926081650284836
2012,0.13237930222677347,123.88780529750157,124.6449146052395,124.99084556387888,60.93850080767544
2013,0.09274787775771376,123.95296510225643,123.99212424488434,124.08487212264205,59.99145667610133
2014,0.1007647741308945,124.0124176342724,124.1320671864602,124.2861806626477,60.17199230317478
2015,0.0471950638181534,124.04963897792422,124.08487212264205,124.1320671864602,59.977480200193305
2016,0.053348702056593374,124.17879646768654,124.17879646768654,124.23214516974313,60.05143070651376
2017,0.0714109278622301,124.25195900795083,124.2861806626477,124.42892383511192,60.2744383014147
2018,0.03898651732058855,124.29592474767576,124.29592474767576,124.35971949258719,60.17207913884838
2019,0.024808227590839463,124.29907236365192,124.29907236365192,124.32388059124276,60.0953398782062
2020,0.007537499690550175,124.36481539231794,124.36481539231794,124.3723528920085,60.10783961838408
2021,0.04465315936707893,124.41160332925928,124.42892383511192,124.47357699447899,60.156870422845394
2022,0.0433238149913868,124.44619241529779,124.47357699447899,124.5415486583847,60.19532966573985
2023,0.09754373458798712,124.45476775379777,124.5415486583847,124.6449146052395,60.28268679445922
2024,0.1384746883398338,124.4841946577049,125.47370411543754,125.62596595169762,61.167591345796815
2025,0.024647848914326545,124.4902602701035,124.4902602701035,124.51490811901783,60.03496657218729
2026,0.005822212266821065,124.55282032042689,124.55282032042689,124.55864253269371,60.07802159259983
2027,0.13494358314123653,124.63346213741501,125.28455117458742,125.47370411543754,60.87848712430118
2028,0.04706870659843059,124.65074450025982,124.65074450025982,124.69781320685824,60.20262580464355
2029,0.040724617963425254,124.6625319006975,124.69781320685824,124.73853782482166,60.19165701566597
2030,0.048374047551934425,124.69529825060658,124.73853782482166,124.7869118723736,60.225076482494195
2031,0.07320605211801504,124.80536799048605,124.80536799048605,124.88275227478488,60.28960791039506
2032,0.004178232180815635,124.80656516436292,124.80656516436292,124.81074339654374,60.27808474503511
2033,0.10253932714263003,124.98209699065754,125.02277204886047,125.12531137600311,60.56521325769876
2034,0.03192648498159652,124.9840852962271,124.99084556387888,125.02277204886047,60.45469238948456
2035,0.0879480116799366,125.05561532658812,125.17938654480619,125.28455117458742,60.72281002209582
2036,0.04270800985489228,125.0967852635984,125.12531137600311,125.17938654480619,60.57903095447191
2037,0.011367158948194,125.13885787178152,125.13885787178152,125.15022503072971,60.53923183654028
2038,0.2115542230622871,125.22183278946895,126.45356921869374,126.68795805114794,62.04311853439037
2039,0.013695764436114172,125.22279313520427,125.22279313520427,125.23648889964038,60.592530829768116
2040,0.0035208536651826234,125.2697412522335,125.2697412522335,125.27326210589868,60.62702028114941
2041,0.05420935770889131,125.299177152312,125.299177152312,125.35338651002088,60.64892258488751
2042,0.01378714792024017,125.50501314577004,125.50501314577004,125.51880029369028,60.85306055364058
2043,0.04443176259061108,125.58259313353363,125.62596595169762,125.67039771428823,60.95257801907748
2044,0.18845443348286045,125.70989455049211,126.10849022830818,126.40061776285107,61.64697093121864
2045,0.009577221580897894,125.73558550608843,125.73558550608843,125.74516272766932,60.98145985648923
2046,0.03160082575684431,125.73902523952485,125.74516272766932,125.77676355342616,60.984617749918534
2047,0.06851885816640044,125.82671909054797,125.82671909054797,125.962052543912,61.13544523290422
2048,0.03485238122856363,125.8468334522035,125.8468334522035,125.88168583343206,61.03350571952324
2049,0.03196221396906135,125.89358349906051,125.89358349906051,125.92554571302958,61.099132316860356
2050,0.06843749028480889,125.92377880903919,125.962052543912,126.03332691588467,61.143180975352436
2051,0.0028368816878745575,126.02676988836987,126.02676988836987,126.02960677005774,61.12739304007243
2052,0.06471436307667415,126.14138638778056,126.14138638778056,126.20610075085723,61.22612168050217
2053,0.03895873798335605,126.30535888523875,126.30535888523875,126.3443176232221,61.37888195521766
2054,0.05295145584266994,126.36340692302188,126.40061776285107,126.45356921869374,61.46974471296989
2055,0.008345671644158129,126.5751696501034,126.5751696501034,126.58351532174757,61.63164231615917
2056,0.01448893774774581,126.65525993773184,126.65525993773184,126.66974887547958,61.666700597429625
2057,0.004859522251639365,126.83802720335802,126.83802720335802,126.84288672560966,61.844575496595326
2058,0.008199655042438941,126.84503072869073,126.84503072869073,126.85323038373316,61.74599324814173
2059,0.17909749187186635,126.90775460775306,126.92667512534065,127.464658133574,62.28102175869082
2060,0.03675316372738419,126.93418655426507,126.93418655426507,126.97093971799245,61.82777036897603
2061,0.05217218186950512,126.94394560945597,126.97093971799245,127.02311189986196,61.87683827551251
2062,0.04185556408440406,126.98442203314829,127.02311189986196,127.07442435542377,61.89727441841184
2063,0.08856537645728019,127.01387397192352,127.07442435542377,127.23339705848265,62.00895856841043
2064,0.1771815843712685,127.03663851205206,127.464658133574,127.78211092868143,62.48370289915085
2065,0.009456891477418333,127.0443769597187,127.0443769597187,127.05383385119612,61.80578276937076
2066,0.0008762757250972355,127.09925817049339,127.09925817049339,127.10013444621848,61.80646027756241
2067,0.03713631013260659,127.10939723260441,127.10939723260441,127.17892828348091,61.84652024179985
2068,0.027510523585801538,127.1138265674364,127.1138265674364,127.14133709102221,61.82721786977183
2069,0.004884217158086343,127.13998963288711,127.14133709102221,127.1462213081803,61.815078874375
2070,0.04167021251598868,127.21957644571715,127.23339705848265,127.27506727099865,61.88467594185762
2071,0.018004799627904113,127.36999293951322,127.36999293951322,127.38799773914113,61.99616410076487
2072,0.16658584754010317,127.47739542528892,127.78211092868143,128.72726991983944,63.28457703513535
2073,0.08145129375885092,127.51109082364961,127.51109082364961,127.59254211740846,62.05275587957164
2074,0.05881991697731772,127.63615303557262,127.63615303557262,127.69497295254993,62.15805747101512
2075,0.13147393544308417,127.81096929107152,127.81096929107152,128.20159319362517,62.58107649152832
2076,0.06165851799351768,127.84208880727113,127.84208880727113,127.90374732526465,62.2090806244753
2077,0.07182586276009803,127.85559274619142,127.94870727597143,128.02053313873154,62.26299092811405
2078,0.0805425589651586,127.87286128215781,128.02053313873154,128.1012387743817,62.32320211362411
2079,0.04495995070677601,127.89993029998061,127.90374732526465,127.94870727597143,62.0446735959832
2080,0.27899244621358166,127.96291486864456,147.70907844757525,148.4452964135432,82.56317593016324
2081,0.00016307668498655476,128.06280152641324,128.06280152641324,128.06296460309824,62.14117345430899
2082,0.16406847523477874,128.14568964095622,128.72726991983944,129.23015113007727,63.226710588133045
2083,0.08976848876870507,128.15243539050897,128.20159319362517,128.40785068189848,62.40752629189215
2084,0.07209262449095678,128.21772369087543,128.21772369087543,128.28981631536638,62.25654106095261
2085,0.09140320032398537,128.2907363405418,128.40785068189848,128.49925388222246,62.48462285978382
2086,0.03144397148087736,128.2999392395259,128.2999392395259,128.34433561453957,62.33157002690243
2087,0.012952403532766135,128.30494103043918,128.30494103043918,128.31789343397196,62.291953012409756
2088,0.18453998796213014,128.45463827670403,129.23015113007727,129.451544555587,63.35496324112124
2089,0.061655056333319885,128.53299873315586,128.53299873315586,128.59465378948917,62.4988267920357
2090,0.027882289399019534,128.65430160628242,128.65430160628242,128.68293510241608,62.608332185437014
2091,0.000751206734640194,128.67095695509258,128.67095695509258,128.6717081618272,62.57871567834178
2092,0.03840827053085077,128.74002464533712,128.74002464533712,128.77843291586797,62.645398254635275
2093,0.12176778864879731,128.80736885928297,128.80736885928297,128.9584871936991,62.788313461832686
2094,0.027519365225247745,128.85739527144312,128.85739527144312,128.88674581721045,62.72697965538268
2095,0.0018311805420790877,128.85951946851105,128.85951946851105,128.86135064905312,62.716705889276014
2096,0.0721708906539375,129.00436495963933,129.00436495963933,129.1007277974132,62.917981885993555
2097,0.05292329228216224,129.0350473953073,129.1007277974132,129.1536510896954,62.941182269602706
2098,0.024191947119937045,129.04314135531231,129.04314135531231,129.06733330243225,62.86371256746715
2099,0.03685343754757784,129.33831483137752,129.33831483137752,129.3751682689251,63.129956305573785
2100,0.23520149067801588,129.38714036277884,130.12535687339886,130.49015562287258,64.2561225423223
2101,0.14323626929600553,129.47768112837676,129.47768112837676,129.67232103904172,63.43651263310017
2102,0.013868151056301022,129.49540823695372,129.49540823695372,129.50927638801002,63.23263560728588
2103,0.016153256312273843,129.55387290297483,129.55387290297483,129.5700261592871,63.23215702756924
2104,0.021382234000395916,129.5852627229494,129.5852627229494,129.6066449569498,63.26034154667727
2105,0.03883609344356423,129.64098855538734,129.68341073042942,129.72224682387298,63.34501999693393
2106,0.011089691387685459,129.66274672101022,129.67232103904172,129.68341073042942,63.3287336243428
2107,0.023526080606227823,129.77287419197,129.77287419197,129.79640027257622,63.40170954329877
2108,0.025323474454841784,129.87207439411782,129.87207439411782,129.89739786857265,63.48694740500786
2109,0.038910540375965426,129.88344778262493,129.89739786857265,129.9363084089486,63.465387596018566
2110,0.10967583412406683,129.96021604815948,130.0156810392748,130.12535687339886,63.535879203644825
2111,0.2721878312327811,130.01462758172576,133.86303726162106,134.5652965774987,68.036890505601
2112,0.013150461717793962,130.1373360064253,130.1373360064253,130.1504864681431,63.58174823634808
2113,0.06295125513676518,130.22242645678114,130.22242645678114,130.2853777119179,63.64331046947771
2114,0.2906293503539913,130.32121960973922,150.50454347071852,151.21308747522428,84.62061320549986
2115,0.033366994294298694,130.34747771726225,130.34747771726225,130.38084471155656,63.61331053260115
2116,0.020128547646835915,130.43619629373796,130.43619629373796,130.4563248413848,63.68720812372488
2117,0.03672204002311082,130.46858849941594,130.49015562287258,130.52687766289569,63.72405426741227
2118,0.11684486493243927,130.5836078725138,130.5836078725138,131.02074275002175,64.23391489002657
2119,0.045645499867189326,130.5956177914122,130.5956177914122,130.67613928560675,63.85597456353002
2120,0.03487599432737319,130.6020807313055,130.6020807313055,130.63695672563287,63.80388563097776
2121,0.010396366292953946,130.67704027304822,130.67704027304822,130.68743663934117,63.870369612567124
2122,0.057487879290782334,130.67971226904402,130.7149534719794,130.7724413512702,63.893089815053685
2123,0.027516832638228017,130.68182278710873,130.68743663934117,130.7149534719794,63.86320657232334
2124,0.07521256077446413,130.6879069248155,130.83952265311947,130.91473521389395,63.950226754652626
2125,0.06708130184926506,130.71430069044717,130.7724413512702,130.83952265311947,63.82815399497598
2126,0.11583747211368353,130.84660199942178,131.40573399108686,131.52157146320056,64.30330717201197
2127,8.823645754447303e-05,130.9433436303514,130.9433436303514,130.94343186680894,63.78251150903016
2128,0.001985341077694752,130.97284530750596,130.97284530750596,130.97483064858366,63.79142816102742
2129,0.09967168995543624,130.98791463700985,131.07239121277277,131.32837473869645,64.09530565886354
2130,0.023032761355143684,131.0016409028488,131.02074275002175,131.0437755113769,63.77263275067631
2131,0.028615701395877838,131.03256197381825,131.0437755113769,131.07239121277277,63.721116056710734
2132,0.05597708458624658,131.07883066708254,131.07883066708254,131.1348077516688,63.765402571797544
2133,0.1411856121251151,131.0867899709017,131.52157146320056,131.6740831984479,64.31835513321174
2134,0.07364989482623167,131.0891415054378,131.1348077516688,131.2233476128131,63.803601379824975
2135,0.012650771820295805,131.13709057507154,131.13709057507154,131.14974134689183,63.744045610637464
2136,0.0022391944977801547,131.15765355618328,131.15765355618328,131.15989275068105,63.75296230052318
2137,0.01179489023769308,131.24740132556911,131.24740132556911,131.2591962158068,63.818947874969204
2138,0.04199569922617685,131.29984806504845,131.32837473869645,131.37734747590005,63.875758564073635
2139,0.028386515186815016,131.35831813755678,131.37734747590005,131.40573399108686,63.75069183735564
2140,0.006977037977444377,131.35857962511324,131.35857962511324,131.36555666309067,63.70850299463936
2141,0.11211041424455039,131.60136535451255,131.6740831984479,131.78619361269244,64.09254309686546
2142,0.011326123122231007,131.63925073163395,131.63925073163395,131.65057685475617,63.97433358477778
2143,0.126898059681413,131.75064965504535,131.78619361269244,131.91309167237387,64.09981508002183
2144,0.1895545382658331,131.7867403459465,132.73473781519425,132.96660699640697,65.187485366812
2145,0.0703707792573967,131.95056576529538,131.95056576529538,132.02271510172932,64.2176151198477
2146,0.0017785571765504091,131.9642183657915,131.9642183657915,131.96599692296806,64.21436080990654
2147,0.00975027916854334,132.02910966677607,132.02910966677607,132.0388599459446,64.23218011629892
2148,0.017814985317008106,132.05590816309976,132.05590816309976,132.07372314841678,64.25068564415469
2149,0.11262320885448757,132.162121095424,132.20154096856461,132.3829537080963,64.5533383234569
2150,0.11772714712062089,132.20209451601127,132.3829537080963,132.53496541147513,64.61283992652332
2151,0.040580743758030946,132.21351882660667,132.21351882660667,132.2621137267205,64.36283850381975
2152,0.008014156355780214,132.23251674157,132.23251674157,132.2405308979258,64.26699435039042
2153,0.16494513778297862,132.28285174069003,132.53496541147513,132.73473781519425,64.59130402289657
2154,0.02019463056337775,132.34052434799267,132.34052434799267,132.36071897855604,64.31557897556691
2155,0.03428455625819032,132.3871925498077,132.3871925498077,132.4214771060659,64.29775596547911
2156,0.009998934568119495,132.56175371086107,132.56175371086107,132.5717526454292,64.45070426758768
2157,0.02482833136802164,132.58757338617463,132.58757338617463,132.61240171754264,64.4703072819276
2158,0.018143457670108873,132.74816974004773,132.74816974004773,132.76631319771784,64.61527971178377
2159,0.19149185943282684,132.82179247923173,132.96660699640697,133.47196246107828,65.23296743264325
2160,0.024171185276767763,132.883437536475,132.883437536475,132.90760872175176,64.630789040931
2161,0.10643405362428597,132.98968822252527,132.98968822252527,133.13534945749345,64.84690170836505
2162,0.014939778560574381,133.01384512825155,133.01384512825155,133.02878490681212,64.75527374879792
2163,0.012581895691826876,133.02321062425068,133.02878490681212,133.04136680250394,64.70218547750596
2164,0.06758662606615007,133.06676549727058,133.13534945749345,133.21914843586555,64.77646169244446
2165,0.0770493053539178,133.08482437615044,133.21914843586555,133.30355182776375,64.86351849304613
2166,0.011705507091490827,133.0982370920648,133.0982370920648,133.10994259915628,64.58482551935764
2167,0.01621235230595447,133.1538944639812,133.1538944639812,133.17010681628716,64.59197915407233
2168,0.007354086544303331,133.2620436843128,133.2620436843128,133.2693977708571,64.6451077215265
2169,0.1431793275126274,133.41282892873352,133.47196246107828,133.6151417885909,64.83936000486975
2170,0.28712278699532834,133.5740793304222,148.823394483784,149.8980575085765,81.12848888618647
2171,0.05012098164666218,133.87244454916072,133.87244454916072,133.93460587989583,65.16257748001188
2172,0.012040349088432762,133.9098171741058,133.9098171741058,133.92185752319423,65.09621918310448
2173,0.0652087647270606,133.92820365328154,133.93460587989583,133.9998146446229,65.08022525151334
2174,0.03094240165648851,134.00334613833306,134.00334613833306,134.03428853998955,65.1242486529325
2175,0.010300929535898383,134.14314111863263,134.14314111863263,134.15344204816853,65.20774195266128
2176,0.17300631760416318,134.1918632518158,134.5917285040711,134.92893850482,65.9337057602536
2177,0.24043635050557838,134.20772545655126,135.70360208586817,136.077128962521,67.05394609038306
2178,0.03418693395502916,134.21865707479796,134.21865707479796,134.252844008753,65.18459672055138
2179,0.06496813859286008,134.27283396283065,134.27283396283065,134.3652796333764,65.32495249325285
2180,0.02747753195289682,134.30651183111567,134.30651183111567,134.33398936306855,65.23444972081833
2181,0.03667427875818508,134.3634800523686,134.3833762932115,134.4223713756763,65.34169535393326
2182,0.018096659835111006,134.364733518567,134.3652796333764,134.3833762932115,65.2904800181466
2183,0.0023208037065868357,134.39984702276988,134.39984702276988,134.40216782647647,65.32033385071614
2184,0.0637003034375028,134.41614154450286,134.4223713756763,134.50010508686594,65.3644439610381
2185,0.01403340775211248,134.43289646547188,134.43289646547188,134.446929873224,65.29153717212719
2186,0.026431926572396337,134.54504811339083,134.5652965774987,134.5917285040711,65.3652405360561
2187,0.23590341988345928,134.600673984226,135.31124596025484,135.70360208586817,66.34063990335557
2188,0.05629904296130425,134.62966970658965,134.62966970658965,134.68596874955097,65.4059440861947
2189,0.13501522265155336,134.70533815478944,135.0590995275796,135.31124596025484,66.04030866890523
2190,0.011630597502594996,134.7333953940449,134.7333953940449,134.7450259915475,65.49310717658328
2191,0.03932939184116304,134.74393801381936,134.7450259915475,134.7856229679291,65.50002483866855
2192,0.0012675845404442234,134.75118588524833,134.75118588524833,134.75245346978878,65.4558693474622
2193,0.032482458109543144,134.7995992209374,134.7995992209374,134.83208167904695,65.4892704094757
2194,0.023194608189642522,134.84683349376024,134.84683349376024,134.87002810194988,65.53125595408446
2195,0.06275978136016364,134.88352289382377,134.92893850482,134.99169828618017,65.60773730326356
2196,0.059274033394937926,134.95717099674934,134.99169828618017,135.0590995275796,65.68593074609426
2197,0.008127208004519978,135.04263877411654,135.04263877411654,135.05076598212105,65.67107513419435
2198,0.04000587435774453,135.0625722881294,135.0625722881294,135.10257816248713,65.6486261939042
2199,0.008744055293872705,135.1088713417797,135.1088713417797,135.11761539707356,65.67980115444108
2200,0.05314356230898795,135.18281830342661,135.18281830342661,135.2359618657356,65.73172513239845
2201,0.010723405588492878,135.25041004618745,135.25041004618745,135.26113345177595,65.77572049601484
2202,0.004514312474579223,135.27595006585653,135.27595006585653,135.28046437833112,65.79139047839585
2203,0.07109687762680336,135.3216175385313,135.3216175385313,135.39271441615813,65.8065496637958
2204,0.011968300661212985,135.42319831198822,135.42319831198822,135.43516661264943,65.89343669036863
2205,0.025028805200650976,135.4728147756004,135.4728147756004,135.50553027489204,65.96560825541809
2206,0.007686694090963936,135.488673074003,135.488673074003,135.49635976809398,65.92518872884952
2207,0.011565314997661464,135.50187248384677,135.50553027489204,135.5170955898897,65.91316820270828
2208,0.029106713152554548,135.52455432258074,135.52455432258074,135.55366103573328,65.93094856728491
2209,0.007577161285029165,135.7877913002709,135.7877913002709,135.79536846155594,66.16853683391403
2210,0.01808414290425359,135.81204753271183,135.81204753271183,135.8301316756161,66.16753387676171
2211,0.0362947546643839,135.91990750998715,135.91990750998715,135.95620226465155,66.2695320190138
2212,0.026306660011443963,135.9627336335999,135.9627336335999,135.98904029361134,66.32191069716401
2213,0.025139429081723518,135.97692338385562,136.00872867181172,136.03386810089344,66.35177703846107
2214,0.019688378200382814,135.97741141081588,135.98904029361134,136.00872867181172,66.3384563119532
2215,0.11822969080927,136.00577156082025,136.077128962521,136.24504398091702,66.53381295814314
2216,0.13876742151830757,136.06233020300957,136.39035154480283,136.71736667944415,66.875786062828
2217,0.049685327586751156,136.08308718516125,136.08308718516125,136.132772512748,66.27388893809929
2218,0.10828833647859389,136.2282636846514,136.24504398091702,136.3533323173956,66.49965237540688
2219,0.037019227407236587,136.32241300988272,136.3533323173956,136.39035154480283,66.5305209264487
2220,0.08961039318434456,136.39947487390884,136.39947487390884,136.4890852670932,66.52057826138993
2221,0.038612139434122936,136.50861665676487,136.50861665676487,136.547228796199,66.62940542994879
2222,0.12719294277025012,136.5132348708879,136.89772896319423,137.10990807806476,67.14970409663076
2223,0.055919036687201495,136.58959335289094,136.58959335289094,136.64961853339548,66.72143019218419
2224,0.004039799224198168,136.6090850492065,136.6090850492065,136.6131248484307,66.64873560576906
2225,6.634459312638732e-05,136.6164051647572,136.6164051647572,136.61647150935033,66.6316168549889
2226,0.05649999693049469,136.66665968674351,136.71736667944415,136.77386667637464,66.74569879136442
2227,0.09736527362758608,136.76129714717317,136.77386667637464,136.89772896319423,66.81056201275172
2228,0.02649701319198842,136.82710171349711,136.82710171349711,136.8535987266891,66.73924491431394
2229,0.04642084666552662,136.9221892585906,136.9221892585906,136.96861010525615,66.78874500157914
2230,0.03539373925258654,136.9960075424486,136.9960075424486,137.0314012817012,66.84921251864402
2231,0.0031715861821705396,137.0312632131311,137.0314012817012,137.03457286788336,66.84470151815998
2232,0.0254889880039272,137.15227959201053,137.15227959201053,137.17776858001446,66.91277955289974
2233,0.006071602343567318,137.36246596731993,137.36246596731993,137.3685375696635,67.11483282847566
2234,0.10490967964151884,137.37829235373655,137.41543307648593,137.52034275612743,67.23301966369408
2235,0.13155806256382171,137.4579557804059,137.9102510406232,138.041809103187,67.71040312879623
2236,0.07933192376642254,137.48078408680334,137.52034275612743,137.82099268413467,67.45010226206503
2237,0.038031237583490675,137.53402135160806,137.53402135160806,137.57205258919154,67.20809969600445
2238,0.05562225139912149,137.54146791592768,137.62480845494864,137.68043070634775,67.27059818843466
2239,0.0611271827140483,137.55891884531803,137.68043070634775,137.75533935584886,67.33330769089274
2240,0.04914208809654287,137.5615049246267,137.57205258919154,137.62480845494864,67.23749913327678
2241,0.07581537168564789,137.58938786684615,137.82099268413467,137.9102510406232,67.51462988606879
2242,0.0036137776605424015,137.60401969701024,137.60401969701024,137.6076334746708,67.22740541443297
2243,0.013781466787078544,137.68508929991606,137.68508929991606,137.69887076670312,67.30615414922218
2244,0.18158405532842253,137.69605714873657,142.38541964585593,142.61877925134908,72.171196034096
2245,0.1629881970369159,137.76108530234723,138.2523671404621,138.4661634224302,68.0182501105086
2246,0.013442984802877337,137.8757133233461,137.8757133233461,137.88915630814898,67.40019544950631
2247,0.06332240162835981,137.9874667804298,138.041809103187,138.11524729486405,67.63089476450534
2248,0.08131061976964074,138.06594345210226,138.17105652069245,138.2523671404621,67.71983532351416
2249,0.01011579004867845,138.09409207971495,138.09409207971495,138.10420786976363,67.59960520211854
2250,0.05580922582839543,138.11502859617846,138.11524729486405,138.17105652069245,67.61267128024069
2251,0.1770934195777509,138.20869386931557,141.091252073452,141.33488993471764,70.75261008284231
2252,0.020152633754655824,138.25511568477233,138.25511568477233,138.275268318527,67.6970322590247
2253,0.19771297623340658,138.2880534942483,142.6924885926889,142.8934801486188,72.2657266796427
2254,0.01856882428021564,138.3811769824846,138.3811769824846,138.3997458067648,67.81479856538778
2255,0.10488726386368045,138.40694844102512,138.4661634224302,138.60879146471316,67.95627538797866
2256,0.012086626896320837,138.42578710610394,138.42578710610394,138.43787373300026,67.82362225380372
2257,0.03774077841928669,138.50127540410105,138.50127540410105,138.53901618252033,67.88897840484647
2258,0.11452021647721874,138.5355559533077,138.60879146471316,138.74347391847166,68.00401669918597
2259,0.020162237281271048,138.62027162446054,138.62027162446054,138.64043386174183,67.96439200155939
2260,0.1333116961963772,138.6563631914607,138.74347391847166,138.99662109005953,68.33534731573687
2261,0.2721528350214626,138.76155734346352,144.03083466554043,145.41795194235036,74.73142125140826
2262,0.09299883056489992,138.77474246795242,138.77474246795242,138.89238507707842,68.13692975111772
2263,0.012750962358026217,138.77945050157396,138.77945050157396,138.79220146393197,68.09077274501796
2264,0.1250899438551003,138.7847114594449,139.87020482253803,140.06425210520393,69.27971670606141
2265,0.011892816203078202,138.80767897454757,138.80767897454757,138.81957179075064,68.04404007107125
2266,0.08107780206922158,138.9461142389637,139.15528407412563,139.25297490763737,68.40390010017583
2267,0.0021928662654860545,138.94715327549184,138.94715327549184,138.94934614175733,68.05179354794998
2268,0.05279390089564967,138.9561750546579,138.99662109005953,139.04941499095517,68.05828497591978
2269,0.05616475544441118,138.99153287382728,139.04941499095517,139.15528407412563,68.15096360289085
2270,0.032898750236755175,139.0621537141279,139.0621537141279,139.11185804185396,68.08454027549465
2271,0.1323882162376024,139.06894202380195,140.7689448838956,140.93034026970744,69.86150361235843
2272,0.016805577489297084,139.07201645570652,139.07201645570652,139.0888220331958,68.02275942783926
2273,0.12919121971432354,139.15747242950482,140.40951587752238,140.5387070972367,69.43843114122143
2274,0.045889120745136486,139.19321823223692,139.25297490763737,139.2988640283825,68.17398533275255
2275,0.01661303144251793,139.20917171425722,139.20917171425722,139.22578474569974,68.09548370650535
2276,0.11563076984595941,139.27161721413358,139.2988640283825,139.66221183768832,68.53811644725218
2277,0.07013748223717854,139.29988789933947,139.29988789933947,139.37002538157665,68.22243647051191
2278,0.022136673240826358,139.35988326397657,139.37002538157665,139.39216205481748,68.20935511473355
2279,0.0660310211921497,139.39811226465278,139.39811226465278,139.46414328584493,68.26745575590222
2280,0.08941186278971154,139.43129261434785,139.46414328584493,139.55355514863464,68.26806113940786
2281,0.10379240988818081,139.5745562094263,139.75290161402395,139.87020482253803,68.59827954736188
2282,0.07120515351572704,139.65484115352294,139.66221183768832,139.75290161402395,68.45488612259457
2283,0.01948462281990726,139.67222624530308,139.67222624530308,139.69171086812298,68.43318445458179
2284,0.013510798625887357,139.8123270203191,139.8123270203191,139.825837818945,68.57066528516596
2285,0.10283414107984791,139.89765609270913,140.06425210520393,140.32533633490695,68.96789528491844
2286,0.037455421131776453,139.90002168349818,139.90002168349818,139.93747710462995,68.61508766458917
2287,0.02268415287165226,139.9421874299891,139.9421874299891,139.96487158286075,68.65129780481233
2288,0.008817764807397,139.98408661945476,139.98408661945476,139.99290438426215,68.68299608556167
2289,0.06303442502143719,140.07512221626425,140.07512221626425,140.16545240752222,68.81612307065622
2290,0.23453612502487514,140.09949869098514,142.97765522229992,143.38533075483315,71.89803586909154
2291,0.02729576623653718,140.09974980234688,140.09974980234688,140.1270455685834,68.73511191395097
2292,0.06791989736517585,140.10946391107888,140.16545240752222,140.2333723048874,68.78242884484784
2293,0.082779510269189,140.2458163496608,140.32533633490695,140.40951587752238,68.93952386759362
2294,0.0014000323462614202,140.3417364788137,140.3417364788137,140.34313651115994,68.86174479218553
2295,0.1609118037445579,140.42720514499197,140.93034026970744,141.091252073452,69.42189177124988
2296,0.08380689557383812,140.47915166109382,140.68513798832177,140.7689448838956,69.12220919346662
2297,0.05878800448808915,140.510360620109,140.5387070972367,140.63238664651777,68.99909260475378
2298,0.034891544792964496,140.55881410318062,140.55881410318062,140.5937056479736,68.91621165433753
2299,0.05275134180398413,140.56000804368261,140.63238664651777,140.68513798832177,68.97157647572497
2300,0.02900716957420406,140.85375825242446,140.85375825242446,140.88276542199867,69.18411340956425
2301,0.1174248984200424,141.17307740530617,141.33488993471764,141.6452839800607,69.8694659389156
2302,0.05967148996270994,141.2019612969934,141.2019612969934,141.26850573868128,69.50639640144507
2303,0.006872951725178019,141.21094636938537,141.21094636938537,141.21781932111054,69.49306058016874
2304,0.14217170239005728,141.2792050732438,142.16566861064092,142.30784031303097,70.51444897619928
2305,0.10169697260460568,141.36151563804893,141.6452839800607,141.7749263324899,69.97061431078768
2306,0.07743880911795427,141.37347564603255,141.37347564603255,141.4509144551505,69.6451362871849
2307,0.05254011216593503,141.41902743381047,141.51053543855988,141.56644479295556,69.7121029223696
2308,0.03504431644920669,141.45074668471213,141.4509144551505,141.4859587715997,69.65517202509125
2309,0.024576666960175814,141.482471368793,141.4859587715997,141.51053543855988,69.62660197242661
2310,0.0033692422297484617,141.51593287205583,141.51593287205583,141.51930211428558,69.61497983796305
2311,0.021610533280493734,141.6795641336831,141.6795641336831,141.7011746669636,69.72108503566793
2312,0.006334846544113511,141.7348822884401,141.7348822884401,141.74121713498423,69.772074573912
2313,0.056313134465960875,141.77015867449384,141.7749263324899,141.83123946695588,69.78358510407587
2314,0.09590512882421913,141.78238438554104,141.9228475749273,142.16566861064092,70.07597045413875
2315,0.06911649465380101,141.78777042132006,141.83123946695588,141.90035596160968,69.8213004418233
2316,0.02249161331761554,141.88414428476196,141.90035596160968,141.9228475749273,69.74646717465102
2317,0.049704792025899135,141.94076258094583,141.94076258094583,142.00521306444685,69.83382171627166
2318,0.014745691475120698,141.9545626443957,141.9545626443957,141.96930833587083,69.78155165260635
2319,0.02615047422255162,141.99825344550922,142.00521306444685,142.0313635386694,69.80091265678631
2320,0.027254193490554912,142.0723437766636,142.0723437766636,142.09959797015415,69.873971277593
2321,0.029060755675263037,142.09292835736096,142.09959797015415,142.1286587258294,69.86047071365856
2322,0.07757933282497735,142.26115850385355,142.30784031303097,142.38541964585593,70.04394958701324
2323,0.041364501606860705,142.50591717183804,142.50591717183804,142.5472816734449,70.24645916065812
2324,0.010411048557882354,142.54024635178868,142.5472816734449,142.55769272200277,70.2085329298895
2325,0.059728836667381345,142.57656530307904,142.61877925134908,142.68047372620967,70.32420106191384
2326,0.012014866479223084,142.66717616146735,142.68047372620967,142.6924885926889,70.33167523853895
2327,0.0019656381932156154,142.66968242825303,142.66968242825303,142.67164806644624,70.32059931703776
2328,0.0032785796964835846,142.74381962954783,142.74381962954783,142.7470982092443,70.38693483628562
2329,0.07699668877351194,142.82892893240074,142.8934801486188,142.97765522229992,70.57140305382727
2330,0.005936608957526787,142.89441073052393,142.89441073052393,142.90034733948147,70.50111790120954
2331,0.0012417759500705434,142.95924728108562,142.95924728108562,142.9604890570357,70.5607528198375
2332,0.06136756548048839,143.04574983599755,143.04574983599755,143.10711740147804,70.59944001218726
2333,0.111771842027891,143.0689937772922,143.10711740147804,143.2188892435059,70.66536989371879
2334,0.2202846643027657,143.1500121283473,143.38533075483315,143.64861425613344,71.09189928424188
2335,0.24181357198961342,143.24888075786058,143.64861425613344,143.89548504589334,71.3336387208097
2336,0.002226514615051312,143.53068705087531,143.53068705087531,143.53291356549036,70.9920311122085
2337,0.040772322382468654,143.5374394695855,143.5374394695855,143.578211791968,70.96478016945204
2338,0.0007215102011793883,143.74121113191148,143.74121113191148,143.74193264211266,71.11546702052622
2339,0.06642375956807244,143.82774816394706,143.89548504589334,143.9619088054614,71.27944663821211
2340,0.004335707569105933,143.8434951793101,143.8434951793101,143.84783088687922,71.18469734517808
2341,0.06260006249719124,143.9091572614403,143.9619088054614,144.03083466554043,71.26198463001366
2342,0.006325797581838676,143.97084136263842,143.97084136263842,143.97716716022026,71.23339431960166
2343,0.018174901344343387,144.09450178837517,144.09450178837517,144.1126766897195,71.35554046897555
2344,0.06042256009272856,144.15471260151446,144.15471260151446,144.23517787005963,71.42579764863058
2345,0.020042708452462716,144.18447530869565,144.18447530869565,144.2045180171481,71.37364551507177
2346,0.10700227104880013,144.19230558540508,144.23517787005963,144.45771034710876,71.63710122638405
2347,0.058536453615670024,144.28125767397657,144.28125767397657,144.33979412759223,71.40114749048912
2348,0.039071830326640224,144.34311719604312,144.34311719604312,144.38218902636976,71.4093217040494
2349,0.017921922058038643,144.39460795028612,144.39460795028612,144.41252987234415,71.45928997968413
2350,0.08697448627656901,144.43268515645408,144.45771034710876,144.54468483338533,71.51870561532958
2351,0.12877514329014694,144.4572281016119,144.54468483338533,144.67345997667547,71.53796000997086
2352,0.05147389509768674,144.68561795730113,144.68561795730113,144.73709185239883,71.62127359587097
2353,0.08951342087851,144.71409498536826,144.90546588854738,144.99995842679982,71.77244573954745
2354,0.051730920882245165,144.71853204110695,144.73709185239883,144.90546588854738,71.6988314213584
2355,0.034632491848811474,144.74180888260653,144.74180888260653,144.7805437008006,71.56589264088416
2356,0.09927208221253073,144.76396392763152,144.99995842679982,145.09923050901236,71.87593941169345
2357,0.004102326345256472,144.76602332577605,144.76602332577605,144.7701256521213,71.50744191298267
2358,0.1668479904243909,144.774407935466,145.87531771488906,146.09473512387527,72.7765758258015
2359,0.03467085386721247,144.77590887102187,144.7805437008006,144.8206399312496,71.52399774753604
2360,0.005425376581758309,144.79685239740346,144.79685239740346,144.80227777398522,71.51203490886373
2361,0.16525594281137496,144.80497075820765,145.7100617720777,145.87531771488906,72.42335538845747
2362,0.03781206662324816,144.82376137287744,144.82376137287744,144.8615734395007,71.52306491508226
2363,0.004979117373908296,144.92315241735278,144.92315241735278,144.9281315347267,71.57303128226599
2364,0.12391517478432074,145.0024957003107,145.12143141646396,145.24534659124828,71.73954105369445
2365,0.022200907451616694,145.09029912105976,145.09923050901236,145.12143141646396,71.67584698793287
2366,0.018313531335972782,145.37477133859122,145.37477133859122,145.39308486992718,71.87612796229267
2367,0.14165003643339796,145.3903755211755,145.41795194235036,145.7100617720777,72.08734868680024
2368,0.09911300438092033,145.43744431396544,145.43744431396544,145.57827447069346,72.0031530542235
2369,0.0054768556809244775,145.44954746868717,145.44954746868717,145.45502432436808,71.86291461203683
2370,0.02675836059347029,145.49777437743685,145.49777437743685,145.52453273803033,71.88183132779156
2371,0.009481936072706459,145.53229443421165,145.53229443421165,145.54177637028437,71.91499752773794
2372,0.009629636565930966,145.61092985893714,145.61092985893714,145.62055949550307,71.98239161304443
2373,0.01285170289046888,145.878871639133,145.878871639133,145.89172334202345,72.24857835788653
2374,0.022555644364797546,145.96223049729898,145.96223049729898,145.98478614166376,72.33959857355234
2375,0.01716207130655489,145.97461798220388,145.98478614166376,146.00194821297032,72.33215476574487
2376,0.2503246958806273,146.05628117584644,146.09473512387527,147.121828078845,73.29461452548288
2377,0.1151554361865296,146.14612880846013,146.14612880846013,146.26128424464667,72.50327315872887
2378,0.049473112758730585,146.2266911321394,146.26128424464667,146.33909903648126,72.57940965416277
2379,0.014218412559016057,146.26554998656354,146.26554998656354,146.27976839912256,72.52769410868896
2380,0.014123266516833688,146.2682917294524,146.27976839912256,146.2938916656394,72.52795359664935
2381,0.10002701247547299,146.3108322406441,146.33909903648126,146.43912604895672,72.54418080454191
2382,0.19833059582138549,146.34736036570402,146.43912604895672,146.8197504557422,72.87278621012375
2383,0.15161769960679,146.45145976454825,146.45145976454825,146.6159994600188,72.72364710694873
2384,0.012921995863776556,146.56658874731727,146.56658874731727,146.57951074318103,72.70802509129764
2385,0.01704404374259035,146.66971775690928,146.66971775690928,146.68676180065188,72.79552111069214
2386,0.0007100717509515793,146.7210408501611,146.7210408501611,146.72175092191205,72.84526211196012
2387,0.05958851325460441,146.90603033943728,146.90603033943728,146.96561885269188,73.08392948692433
2388,0.04355809855243519,146.9640278800064,146.96561885269188,147.0091769512443,73.08540125526336
2389,0.002630033650117909,147.13391509556058,147.13391509556058,147.1365451292107,73.25008625022797
2390,0.07910349548198721,147.26088188707908,147.26088188707908,147.33998538256105,73.39095191919817
2391,0.025332874822447195,147.32148009937512,147.33998538256105,147.3653182573835,73.35847152500402
2392,0.09807253753601032,147.36143051790458,147.3653182573835,147.46339079491952,73.34865733341378
2393,0.03366185586364042,147.46421997327647,147.46421997327647,147.4978818291401,73.4456539854388
2394,0.010563058330550995,147.5606089698502,147.5606089698502,147.57117202818074,73.53359578415981
2395,0.06118791909811685,147.56249701212624,147.57117202818074,147.63235994727884,73.53045861542776
2396,0.12404353836583425,147.7647506717222,147.7647506717222,147.88879421008804,73.68328616982775
2397,0.03599709635508993,147.91434607885793,147.91434607885793,147.9539350728641,73.82841490511474
2398,0.0035918976510907704,147.91773047647027,147.91773047647027,147.92132237412136,73.80687457893973
2399,0.05775657619005312,147.95634169345462,147.95634169345462,148.01409826964468,73.85062224117826
2400,0.07452285326704639,147.96525201952005,148.01409826964468,148.08862112291172,73.89395253312095
2401,0.09626605055915108,148.02032161617146,148.08862112291172,148.20279569122476,74.03553058598578
2402,0.017908517753915304,148.15318314702304,148.15318314702304,148.17109166477695,73.99987685343258
2403,0.04713898961219993,148.29405148501664,148.29405148501664,148.34119047462883,74.14061327577032
2404,0.16452755438350425,148.42620154067347,148.49801316886288,148.823394483784,74.58866953217228
2405,0.04711089972192227,148.42679529949055,148.4452964135432,148.49801316886288,74.23460013945983
2406,0.005605855597764818,148.4541012614483,148.4541012614483,148.45970711704607,74.1503571094053
2407,0.04032236871738474,148.50423425914258,148.50423425914258,148.54455662785998,74.18060283976205
2408,0.05241723630440226,148.52205545085928,148.54455662785998,148.59697386416437,74.19509693631208
2409,0.020977520562976592,148.60298549231328,148.60298549231328,148.62396301287626,74.21309630441328
2410,0.04713663495283999,148.72795234813125,148.72795234813125,148.7750889830841,74.33623118824133
2411,0.04048470561509488,148.82887729933674,148.82887729933674,148.86936200495182,74.43506057862365
2412,0.2555987848646464,148.89653665415818,149.9259986035987,150.49228163872348,76.08433472323479
2413,0.05014585390016694,148.91985306101589,148.91985306101589,148.96999891491606,74.51326973238535
2414,0.03655428465583324,148.9724233151612,148.9724233151612,149.00897759981703,74.54980749689437
2415,0.02650111428817503,149.04427794669786,149.04427794669786,149.07077906098604,74.57055411018978
2416,0.1767921470864604,149.06466620107594,149.07077906098604,149.37501181765563,74.80424053289099
2417,0.04261911882793997,149.0864217707959,149.0864217707959,149.12904088962384,74.54428273906969
2418,0.08482149075519621,149.15660432680897,149.15660432680897,149.24142581756416,74.59842633912254
2419,0.06217886544376852,149.33369326487247,149.37501181765563,149.4371906830994,74.78872187129035
2420,0.13177377457289266,149.4605067286199,149.4605067286199,149.60517382683602,74.95987688250234
2421,0.08865183877608232,149.53759970059522,149.60517382683602,149.6938256656121,74.9662436122556
2422,0.01289332364323696,149.57878190761363,149.57878190761363,149.59167523125686,74.93756248219672
2423,0.03412372023232984,149.76320335865438,149.76320335865438,149.7973270788867,75.10164229763308
2424,0.027941095022203606,149.8730075107411,149.8980575085765,149.9259986035987,75.19570561170556
2425,0.011034324833475,149.98084603827434,149.98084603827434,149.9918803631078,75.26765606608724
2426,0.0235412392898007,150.00814427594443,150.00814427594443,150.03168551523424,75.24528250384411
2427,0.07487439994939248,150.07268084198793,150.07268084198793,150.1475552419373,75.31048435002191
2428,0.04590620746533698,150.13337572793853,150.1475552419373,150.19346144940266,75.29788397089507
2429,0.09002925164987452,150.2133426595734,150.2133426595734,150.36867073829552,75.40451631576529
2430,0.030701925241323133,150.23268718930098,150.23268718930098,150.2633891145423,75.2204287542373
2431,0.021822720935272457,150.25346191625562,150.2633891145423,150.28521183547755,75.17471320894921
2432,0.012774180895667684,150.2834225112725,150.28521183547755,150.29798601637322,75.17167923258847
2433,0.012261831995038079,150.48844713271276,150.49228163872348,150.50454347071852,75.29897495923966
2434,0.08789188061348692,150.57697687990017,150.57697687990017,150.66486876051366,75.25538969912574
2435,0.00031283895057064126,150.68501879997362,150.68501879997362,150.6853316389242,75.35808848496242
2436,0.04841524114516464,150.69567878854542,150.69567878854542,150.7440940296906,75.35780830203461
2437,0.04647361470901614,150.69816112582666,150.7440940296906,150.7905676443996,75.3949855255052
2438,0.03825445269684419,150.8304928072106,150.8304928072106,150.86874725990742,75.4515710934924
2439,0.10784546564459666,150.87169803710287,150.87169803710287,150.97954350274748,75.48864489710651
2440,0.054018123271873386,150.9932163557213,150.9932163557213,151.04723447899318,75.579667593348
2441,0.03189878378424871,151.0607743101939,151.0607743101939,151.09267309397814,75.57343477894005
2442,0.0028042533360049643,151.2002297975119,151.2002297975119,151.2030340508479,75.70110358783991
2443,0.009009305854982948,151.22486413163702,151.22486413163702,151.233873437492,75.71948081837846
2444,0.07941474789116648,151.28303917599519,151.28303917599519,151.4017218155968,75.8371308851366
2445,0.03926789171042909,151.31440604228436,151.31440604228436,151.3536739339948,75.75290451242311
2446,0.05538701605988288,151.42377101184763,151.42377101184763,151.50178710807324,75.89790136267654
2447,0.022629080165717772,151.4518221324949,151.4518221324949,151.47445121266063,75.8802171185284
2448,0.11929087354301024,151.45738667310434,151.50178710807324,151.62107798161625,75.95761234614356
2449,0.16915780741565076,151.54495830251906,151.62107798161625,151.81176877400412,76.18384656092778
2450,0.021532984972231915,151.7162967751461,151.7162967751461,151.73782976011833,76.09322817946527
2451,0.054823309774225164,151.7863438951531,151.81176877400412,151.86659208377836,76.15425754119914
2452,0.08979517441791669,151.81496878392068,151.86659208377836,151.9856851822071,76.2272162448831
2453,0.029297924010814762,151.91052816468817,151.91052816468817,151.939826088699,76.19171186001505
2454,0.09609211994401877,152.11343807467404,152.23216003604296,152.32825215598697,76.50679288552232
2455,0.018965873289204287,152.11945603429453,152.11945603429453,152.13842190758373,76.37224158553154
2456,0.1100747696674943,152.15982310854255,152.32825215598697,152.43832692565448,76.61496129185088
2457,0.019618381696536326,152.17262853695317,152.17262853695317,152.19224691864972,76.36426268532703
2458,0.1299909846330075,152.22072549214295,152.65098025999734,152.78270669180432,76.84812658952123
2459,0.09357208322904956,152.40803240412393,152.43832692565448,152.54586650642125,76.60702399913856
2460,0.07456438064651559,152.48674457934234,152.54586650642125,152.65098025999734,76.63411133522739
2461,0.013967497537720652,152.51770904762188,152.51770904762188,152.5316765451596,76.50864197754659
2462,0.010807078607329159,152.58138653644315,152.58138653644315,152.5921936150505,76.54360987510091
2463,0.019742294322241873,152.59562028877014,152.59562028877014,152.61536258309238,76.51186632840805
2464,0.001735447173997472,152.76435708345255,152.76435708345255,152.76609253062654,76.67485914046163
2465,0.12483942539269037,152.84246943798675,152.84246943798675,152.96917701294848,76.7354442228884
2466,0.001868149569062607,152.8692183551625,152.8692183551625,152.87108650473155,76.60013259451691
2467,0.012849679991421439,152.9768379673533,152.9768379673533,152.98968764734474,76.60880723673068
2468,0.0061604666525542405,153.00069703958314,153.00069703958314,153.0068575062357,76.62573943956497
2469,0.00062277410053584,153.04976538996476,153.04976538996476,153.0503881640653,76.62630531824274
2470,0.055990129935700246,153.0811226085363,153.0811226085363,153.1737319181062,76.70791198705624
2471,0.03661917963417633,153.09630216520404,153.09630216520404,153.13292134483822,76.6879121643829
2472,0.09269009908719926,153.12058243584312,153.1737319181062,153.2664220171934,76.76478992806192
2473,0.07295762739453725,153.25913295583362,153.2664220171934,153.33937964458795,76.82725651576209
2474,0.05021793100633239,153.33539992714745,153.33937964458795,153.38959757559428,76.75996846956808
2475,0.052380292384780175,153.44439141176994,153.44439141176994,153.49677170415472,76.86110837152151
2476,0.023415323393911426,153.55163323835228,153.55163323835228,153.5750485617462,76.96430548768946
2477,0.12760801265769536,153.63496611046165,153.63603776024993,153.76364577290764,77.08429517600273
2478,0.09827873685979542,153.75755456400606,153.76364577290764,153.9520389898743,77.19928087542435
2479,0.0008796687327171487,153.7736715840614,153.7736715840614,153.7745512527941,77.0429198221682
2480,0.07533078742560201,153.78098204642595,153.78098204642595,153.85631283385155,76.99593778002077
2481,0.18818096070339593,153.80377783995027,153.9520389898743,154.1402199505777,77.29314628387783
2482,0.013904023948561089,153.90691256277597,153.90691256277597,153.92081658672453,77.07533669356268
2483,0.04529116311236285,154.09550643607886,154.1402199505777,154.18551111369004,77.29108716925833
2484,0.07273028859229398,154.1022767901677,154.18551111369004,154.25824140228232,77.34772811965796
2485,0.07597788509688519,154.2470064381771,154.25824140228232,154.35300706970241,77.38881572613066
2486,0.018787782323227913,154.27468932968227,154.27468932968227,154.2934771120055,77.2860644842156
2487,0.1241257691308335,154.34319336291804,154.35300706970241,154.51408460784978,77.47450536579001
2488,0.06646249966010857,154.41576917360524,154.51408460784978,154.5805471075099,77.49432933888733
2489,0.03039029241955637,154.43657698479345,154.43657698479345,154.466967277213,77.41462023007763
2490,0.0065614765969649385,154.46901396391638,154.46901396391638,154.47557544051335,77.41317370627627
2491,0.05414187258992138,154.62994520977023,154.62994520977023,154.68408708236015,77.55117499786878
2492,0.12944658985455418,154.70054392713874,154.70054392713874,155.18516647214176,78.08568159984516
2493,0.09763288755368048,154.7063512534875,154.7063512534875,154.80398414104118,77.6775267888564
2494,0.054375309949944904,154.77237181629835,154.80398414104118,154.8683442621437,77.74562375819978
2495,0.009984811152579647,154.8156389816447,154.8156389816447,154.82562379279727,77.69356502286001
2496,0.03716134302523304,154.85141364244282,154.8683442621437,154.90550560516894,77.72155772806694
2497,0.07299676420279502,154.91574789375358,154.91574789375358,154.98874465795637,77.80935746760994
2498,0.08302483926423844,154.96142721133967,154.98874465795637,155.0717694972206,77.8324462763114
2499,0.0948245029075755,155.1743842962748,155.18516647214176,155.27999097504934,78.03952503186822
2500,0.06028990639924307,155.26276350605136,155.27999097504934,155.3402808814486,78.00436987750251
2501,0.02260024612061636,155.4868420726739,155.4868420726739,155.50944231879453,78.15194270584027
2502,0.009872297550850746,155.90465796839277,155.90465796839277,155.91453026594363,78.54404738563832
2503,0.02541839004987774,155.90878811756954,155.91453026594363,155.9399486559935,78.51842035241717
2504,0.04233391933493665,155.97608211561342,155.97608211561342,156.01841603494836,78.56644602876932
2505,0.1433381834983571,156.12840308465346,156.1747908805527,156.35685402501855,78.80285034048983
2506,0.017230819108725166,156.1936554077337,156.1936554077337,156.21088622684243,78.65030630014559
2507,0.007316081868522545,156.31981494175025,156.31981494175025,156.32713102361876,78.75995403869429
2508,0.014178059990259883,156.32488867257388,156.32713102361876,156.34130908360902,78.74316385442445
2509,0.07571465080970798,156.42034758579797,156.42034758579797,156.49606223660768,78.81250838570753
2510,0.15087455042701386,156.46071326242463,156.49606223660768,156.81608283061306,79.09547396758146
2511,0.09973815020646137,156.4972294214185,156.4972294214185,156.59696757162496,78.80453698901356
2512,0.00425886564050941,156.64130315430853,156.64130315430853,156.64556201994904,78.88262692994554
2513,0.04332323269330724,156.65609125206993,156.65609125206993,156.71782769251072,78.91535915512694
2514,0.01841320774749259,156.66523571369171,156.66523571369171,156.68364892143921,78.87051588433263
2515,0.08466295053334072,156.7350554977595,156.81608283061306,156.90074578114638,79.05202857689576
2516,0.003412587290601158,156.74243610166383,156.74243610166383,156.74584868895442,78.81918684697996
2517,0.08581866452315465,156.86616432640318,156.90074578114638,156.99483090958768,78.98905118010215
2518,0.20588952685218692,156.89556431077435,157.12819378956317,157.39797699805646,79.34752829997221
2519,0.13336287997549418,156.902379739669,156.99483090958768,157.12819378956317,78.98670687999768
2520,0.00826646391814682,156.93034885099388,156.93034885099388,156.93861531491203,78.91141675625511
2521,0.007845326844584966,157.20910091719145,157.20910091719145,157.21694624403602,79.13538623378449
2522,0.02146031212443392,157.21433342111246,157.21694624403602,157.23840655616047,79.1409305928594
2523,0.15578221813824866,157.22149134858114,157.48527448469451,157.66258339747108,79.44910594253521
2524,0.01360850895736227,157.30531374766818,157.30531374766818,157.31892225662554,79.18817995948132
2525,0.019122902377008744,157.32111799845532,157.32111799845532,157.34209753217004,79.19230697610125
2526,0.0018566313377244392,157.32383896247342,157.32383896247342,157.32569559381113,79.18460888989306
2527,0.08712295531548446,157.35351512565654,157.39797699805646,157.48527448469451,79.23652356147703
2528,0.00017453132254306294,157.41097409506438,157.41097409506438,157.41114862638693,79.19974936194699
2529,0.19428295915305543,157.4128881661977,157.66258339747108,157.96386226500738,79.71340660986402
2530,0.021526694638312322,157.53415714665144,157.53415714665144,157.55568384128975,79.27552042366443
2531,0.0921566898799421,157.73270326500005,157.73270326500005,157.82485995488,79.47136389579771
2532,0.06593073142382005,157.908464274642,157.96386226500738,158.0297929964312,79.73619060712484
2533,0.011517923468068127,157.9320877001614,157.9320877001614,157.94360562362945,79.61370774649365
2534,0.003321295035238091,157.94672816995043,157.94672816995043,157.95004946498568,79.59965696979523
2535,0.11075111109753459,157.9702134421509,158.28911285974664,158.5970729381974,80.19879100723598
2536,0.048557169278441344,157.9823323952474,158.0297929964312,158.07835016570965,79.64714461945
2537,0.09299043326575496,158.00466245367832,158.07835016570965,158.20987930268402,79.75531583951962
2538,0.03853870370862205,158.0813858996124,158.0813858996124,158.119924603321,79.66104855694098
2539,0.07923355706262189,158.13915813540015,158.20987930268402,158.28911285974664,79.70386215576801
2540,0.027192961048117935,158.31731681909937,158.31731681909937,158.3445097801475,79.71638447360908
2541,0.04062344428222173,158.32138607143511,158.3445097801475,158.38513322442972,79.74859315883515
2542,0.056751764678168296,158.38139358129197,158.38513322442972,158.4564096402319,79.70857511548331
2543,0.05811614622073591,158.38667866587448,158.4564096402319,158.51452578645262,79.59967608556765
2544,0.014524651123982773,158.4218751858624,158.4218751858624,158.4363998369864,79.54046392578526
2545,0.03046104490503589,158.57538991340022,158.5970729381974,158.62753398310244,79.70306750997796
2546,0.06517169083644285,158.67879515713827,158.67879515713827,158.74881936701348,79.7502989877825
2547,0.004852519038773783,158.7188174225689,158.7188174225689,158.72366994160765,79.69485705804134
2548,0.0254423974267951,158.86840717232465,158.86840717232465,158.90658100749627,79.65704650689767
2549,0.012731437744824102,158.87454059892343,158.87454059892343,158.88727203666826,79.63536519441088
2550,0.05127388309424012,158.93355683697033,158.93355683697033,158.98483072006456,79.62415802010412
2551,0.011615637581908448,158.97347920068188,158.98483072006456,158.99644635764648,79.61619608306688
2552,0.02466355344637665,158.981201959437,158.99644635764648,159.02110991109285,79.60743303705897
2553,0.18212409018438713,159.10711538012274,159.10711538012274,159.3604293667756,79.756692269707
2554,0.03131198370513971,159.1804616949548,159.1804616949548,159.21177367865994,79.71337872013783
2555,0.03987791276335924,159.21056813121402,159.21177367865994,159.2516515914233,79.71914947954586
2556,0.1691564790934284,159.2296374053463,159.3604293667756,159.52958584586904,79.84806797991442
2557,0.3062005665955498,159.55996319406276,159.55996319406276,160.16892637091004,80.61882605762987
2558,0.07765371675431429,159.69461778221822,159.69461778221822,159.77227149897254,80.17734695818528
2559,0.09727083889113093,159.72127594578072,159.83186458657343,159.98199311624853,80.28183209686509
2560,0.059593087600877614,159.7530124464679,159.77227149897254,159.83186458657343,80.15330371036966
2561,0.05285769078397734,159.83955426600608,159.83955426600608,159.89241195679006,80.21043074596096
2562,0.015387276221421333,159.99541096153385,159.99541096153385,160.01079823775527,80.31348850444897
2563,0.07735111149510604,160.1676379709037,160.16892637091004,160.24627748240516,80.41103172779833
2564,0.031813133287782944,160.2821815425405,160.2821815425405,160.3139946758283,80.39100767451805
2565,0.02896150838874007,160.38729256737568,160.38729256737568,160.4162540757644,80.42261771227334
2566,0.052597335034884236,160.4174117038853,160.4174117038853,160.47000903892018,80.37336022557297
2567,0.09153723108060362,160.58550245416197,160.58550245416197,160.73138696388583,80.49898779701608
2568,0.054347278643270054,160.61702913395246,160.61702913395246,160.67137641259572,80.31962389040207
2569,0.02275736511919628,160.85209044011813,160.85209044011813,160.87812881766658,80.43821458252378
2570,0.0032810124292488125,160.85564967123707,160.85564967123707,160.85893068366633,80.42961696597918
2571,0.07618729738649666,160.99570138928343,160.99570138928343,161.07188868666992,80.34879451817423
2572,0.08600022265084144,161.25074010816346,161.25074010816346,161.3367403308143,80.4117103052367
2573,0.07211900137994436,161.42775972513127,161.42775972513127,161.4998787265112,80.4814863937405
2574,0.054538809022913776,161.51392008230914,161.51392008230914,161.56845889133206,80.48366920753982
2575,0.26783075633922704,161.68266455969098,161.68266455969098,162.2449970192155,81.04011147322818
2576,0.007898293879190409,161.71310194080536,161.71310194080536,161.72100023468454,80.52340148341759
2577,0.02694317092050817,161.73840288835544,161.73840288835544,161.76534605927594,80.53929506084843
2578,0.07776548339077434,161.75171417984623,161.76534605927594,161.843979996684,80.59454232864807
2579,0.0008684540172686016,161.81976932079348,161.81976932079348,161.82063777481076,80.56202162919233
2580,0.12531882717155887,161.84276295256564,161.843979996684,161.96929882385555,80.5807600512853
2581,0.03475157300435094,162.0848481506689,162.0848481506689,162.11959972367325,80.75772547795786
2582,0.020757392462964507,162.15999191897436,162.15999191897436,162.18074931143732,80.83238948759117
2583,0.00019850833869501178,162.189123811418,162.189123811418,162.18932231975668,80.85946850943556
2584,0.15951898443674806,162.25803507908338,162.25803507908338,162.5371543356851,81.03625058751086
2585,0.06471283953200686,162.26282355140836,162.26282355140836,162.3321995961516,80.92709521222734
2586,0.004663205211248786,162.2991046182627,162.2991046182627,162.30376782347395,80.92009241363073
2587,0.032058475193679666,162.34306657768127,162.34306657768127,162.37512505287495,80.98043474620346
2588,0.018165752228049406,162.373246501593,162.37512505287495,162.393290805103,80.94464518034162
2589,0.3513526332363798,162.64093316103106,162.64093316103106,163.35488923840975,81.76373798980609
2590,0.006614632886636667,162.64400150385706,162.64400150385706,162.65061613674368,81.01136547703439
2591,0.06322109481973016,162.8143797600803,162.8143797600803,162.9184602909445,81.21361203528028
2592,0.04085943604446784,162.83078301318164,162.83078301318164,162.8716424492261,81.12625226958347
2593,0.08721248767920749,162.86088422466284,162.9467419536182,163.0854992863437,81.2992198999001
2594,0.028281662673693576,162.91153325897957,162.9184602909445,162.9467419536182,81.14449966289953
2595,0.028415465895229235,162.95966614808344,162.95966614808344,162.98808161397866,81.16303934863386
2596,0.023129379151081052,163.032360559627,163.032360559627,163.05548993877807,81.25033974233503
2597,0.060423735187599754,163.0511653270539,163.10994483614837,163.17036857133598,81.27168238523507
2598,0.024445549804668492,163.06897821019518,163.0854992863437,163.10994483614837,81.21839694825366
2599,0.011708861190118167,163.34514590685788,163.35488923840975,163.36659809959988,81.46170301138352
2600,0.040292354367795144,163.35586730547024,163.36659809959988,163.4068904539677,81.45745097870557
2601,0.012262056131583484,163.40724856929415,163.40724856929415,163.41951062542574,81.48117071309002
2602,0.006803426388314814,163.6890385327599,163.6890385327599,163.6958419591482,81.47625279914523
2603,0.05611740432402736,163.7346458053794,163.7346458053794,163.7907632097034,81.48462466148867
2604,0.10468627722139978,163.77794628199266,163.7907632097034,163.91469074121954,81.56474346033909
2605,0.019241254294752222,163.85908946268916,163.85908946268916,163.8783307169839,81.50784566079899
2606,0.11503913423885723,163.93108196720135,163.93108196720135,164.0461211014402,81.55204089362618
2607,0.020072926455169126,164.0268241113761,164.0461211014402,164.06619402789536,81.46535542915503
2608,0.02795496212669679,164.03516813024464,164.06619402789536,164.09414899002206,81.48331652355601
2609,0.11458032164224684,164.08548805774518,164.09414899002206,164.29348249571458,81.56208464707815
2610,0.013926786045853927,164.10232141347672,164.10232141347672,164.11624819952257,81.38747661894102
2611,0.030202824093487225,164.12005246069563,164.12005246069563,164.15025528478913,81.36817491610707
2612,0.03308597622389933,164.1600522646606,164.1600522646606,164.1931382408845,81.38278553410754
2613,0.12748388952100115,164.2374859948682,164.29348249571458,164.47653339235214,81.6173338447019
2614,0.007537597687009644,164.23793092520305,164.23793092520305,164.24546852289006,81.4191874717784
2615,0.030270275065305087,164.30028547479478,164.30028547479478,164.33055574986008,81.45935201498769
2616,0.02529673205126268,164.37673709942618,164.37673709942618,164.40203383147744,81.51997787669882
2617,0.2745835246303851,164.51552102291365,164.51552102291365,164.93539490035818,81.97484563977179
2618,0.13963466425612084,164.6368116444918,164.6368116444918,164.7764463087479,81.75550573085457
2619,0.15806970790291736,164.68285071625576,165.01357258253248,165.19083208369025,82.14725686945805
2620,0.0010888005199631166,164.83750156464097,164.83750156464097,164.83859036516094,81.83737443014702
2621,0.0045668880380880655,164.85814688651345,164.85814688651345,164.86271377455154,81.85480326684828
2622,0.07817768217430054,164.8901339697977,164.93539490035818,165.01357258253248,81.92779218789535
2623,0.019189793254869768,165.1179749864915,165.1179749864915,165.13716477974637,82.06720364045428
2624,0.07719406799225136,165.1977339328972,165.1977339328972,165.27492800088945,82.10855129487086
2625,0.012336944175804566,165.33798262120678,165.33798262120678,165.3503195653826,82.16434707696365
2626,0.10754515296399354,165.42338717523558,165.42338717523558,165.53093232819958,82.17284165497468
2627,0.01704365684104421,165.56589182284412,165.56589182284412,165.58293547968518,82.25600129107984
2628,0.025024632583944748,165.61407698353662,165.61407698353662,165.63910161612057,82.24635368595347
2629,0.039605832511148485,165.62166853783472,165.63910161612057,165.6787074486317,82.22490795992235
2630,0.012486652860901164,165.70145479537183,165.70145479537183,165.71394144823273,82.22905473180982
2631,0.06054135771025181,165.72824526487975,165.72824526487975,165.78878662259,82.13211321122711
2632,0.09776939072820288,165.820729342605,165.820729342605,165.9184987333332,82.23207694276026
2633,0.15117851012297048,165.87288515521803,165.9184987333332,166.10631891146497,82.39311951554356
2634,0.00927208091792841,166.01048783565085,166.01048783565085,166.01975991656877,82.20153054060202
2635,0.023198000516946263,166.02341460795702,166.02341460795702,166.04661260847396,82.2091133159095
2636,0.004171586573935985,166.06702265697533,166.06702265697533,166.07119424354926,82.25185341308735
2637,0.026909110594747074,166.13692488492575,166.13692488492575,166.16729141532764,82.29422438737724
2638,0.003457419807152647,166.14664921283904,166.14664921283904,166.15010663264619,82.21112094201708
2639,0.16925335402695083,166.16359173054423,166.16729141532764,166.4798591745073,82.51784640398175
2640,0.056964214931365574,166.19587856823404,166.19587856823404,166.2587699350132,82.20546985096362
2641,0.005927151847810499,166.2032395403401,166.2032395403401,166.2091666921879,82.185915225957
2642,0.014555732012279417,166.27214920814228,166.27214920814228,166.28670494015455,82.2466878277451
2643,0.16325210809934879,166.32820074365992,166.6660729952518,167.15022538628412,82.97064175983823
2644,0.1835477562920319,166.33094403343787,167.48217552902852,167.67939103766415,83.55622235567358
2645,0.06586730636128867,166.34500785151525,166.34500785151525,166.41087515787655,82.28390337514936
2646,0.07016157523627961,166.36796473335696,166.50200877358574,166.57217034882203,82.41465232770025
2647,0.0939026464297761,166.43607606103737,166.57217034882203,166.6660729952518,82.46946367440354
2648,0.022149599078442994,166.47349106541273,166.4798591745073,166.50200877358574,82.36471572224062
2649,0.06009921677342842,166.66628682883288,166.66628682883288,166.72891540245973,82.59215876160707
2650,0.08485501186407916,166.67749069966587,166.802875130077,166.9004782557183,82.70931197669512
2651,0.0390632144548544,166.70363962106134,166.72891540245973,166.76797861691458,82.5690283125202
2652,0.0025293568534170835,166.7201616649805,166.7201616649805,166.72269102183392,82.50707934733647
2653,0.034896513162441835,166.76236506420318,166.76797861691458,166.802875130077,82.55067485759554
2654,0.012748113777210307,166.85633817307274,166.85633817307274,166.86908628684995,82.58043578880265
2655,0.08670885604754638,166.91579633685143,166.91579633685143,167.00250519289898,82.55327253141682
2656,0.11991618717012538,167.0476520773314,167.15022538628412,167.29763705927581,82.85990962375243
2657,0.02749548582156834,167.1761399204878,167.1761399204878,167.20363540630936,82.80003108936944
2658,0.06597763035873759,167.23266125442711,167.29763705927581,167.36361468963455,82.92513336034469
2659,0.06174671884640126,167.3058930518274,167.42042881018213,167.48217552902852,82.98959058206125
2660,0.056814120547595506,167.32766499743252,167.36361468963455,167.42042881018213,82.88375478570917
2661,0.2132949024783628,167.36746109692163,170.13019257585125,170.34348747832962,85.80419669487544
2662,0.008762631289971304,167.5244387164602,167.5244387164602,167.53320134775018,82.9506890493935
2663,0.15921050858265284,167.56107201988956,168.40411808540105,168.5633285939837,83.81987382503287
2664,0.24923058008115018,167.5678380698723,175.64796962043673,176.4790643957772,91.8397773440006
2665,0.15124466733521008,167.5726892629158,168.23968288988613,168.40411808540105,83.71547251980773
2666,0.11325500006402552,167.62122184417566,167.67939103766415,167.87877945443176,83.15333983156856
2667,0.0049051210536056565,167.63098427641813,167.63098427641813,167.63588939747174,82.93124972509897
2668,0.0861334167036036,167.69413251970633,167.69413251970633,167.78026593640993,82.99352749594655
2669,0.09842720732222728,167.81950681771804,167.87877945443176,167.977206661754,83.24066339726915
2670,0.1445529598238653,167.94800351696142,167.977206661754,168.20486745746268,83.48828445908111
2671,0.010897989300461614,168.00708223191293,168.00708223191293,168.0179802212134,83.29197331612724
2672,0.0074166761969319,168.0390184973649,168.0390184973649,168.04643517356183,83.32292283748357
2673,0.04086235107188622,168.04687156783223,168.04687156783223,168.08773391890412,83.34194689881518
2674,0.1796983931342734,168.06340995030033,168.5633285939837,169.40097184220866,84.63176745020344
2675,0.01783671547749707,168.16281095706694,168.16281095706694,168.18674177638246,83.39103521379873
2676,0.0060941038380316346,168.16848842708777,168.16848842708777,168.1745825309258,83.31851134999582
2677,0.03481543242344873,168.17751461090756,168.20486745746268,168.23968288988613,83.30678603912975
2678,0.24506250206035346,168.19632498914075,173.9629200633665,174.91021334713702,89.94561452682963
2679,0.013190528179694464,168.33214451972606,168.33214451972606,168.34533504790576,83.37542696650952
2680,0.05261756834685599,168.58163071659752,168.58163071659752,168.63424828494436,83.63808753228592
2681,0.03666619948161681,168.60481470276366,168.63424828494436,168.670914484426,83.68803324402556
2682,0.050694969448975516,168.66197758224956,168.670914484426,168.72160945387498,83.67771871980928
2683,0.029624359542170593,168.7342360576802,168.7342360576802,168.77349008419782,83.71104189836588
2684,0.009629666975467596,168.7495383902206,168.7495383902206,168.75916805719606,83.66179117773844
2685,0.07669791113312736,168.7930999121319,168.7930999121319,168.86979782326503,83.71668383797328
2686,0.06144418598096496,168.8207563839832,168.86979782326503,168.931242009246,83.69074838426059
2687,0.10886578603146453,168.8297986121395,169.1396871681671,169.27181200342753,84.04226626565116
2688,0.10054648421096639,168.86452855780144,168.931242009246,169.04004496633388,83.72201379399458
2689,0.08256275250994814,168.95687683277214,169.04004496633388,169.12260771884382,83.73887340397154
2690,0.008256472876904297,168.9759726527058,168.9759726527058,168.9842291255827,83.5711033967917
2691,0.2047619917993531,169.11532450515494,169.68500884437734,170.0017371257363,84.56125958507512
2692,0.017079449323261997,169.11756811981863,169.12260771884382,169.1396871681671,83.65925872650614
2693,0.023259049228970076,169.1993738229454,169.1993738229454,169.2226328721744,83.68481052159144
2694,0.30503287908996657,169.32495144349832,181.19669455059235,181.5209308378405,95.72422711587154
2695,0.06270060556375806,169.39333166321603,169.40097184220866,169.4636724477724,83.92639770379054
2696,0.11201372833237164,169.4384973042347,169.57299511604495,169.68500884437734,83.96307964698302
2697,0.0688726776156614,169.46118912278376,169.50412243842928,169.57299511604495,83.87543679711345
2698,0.040449990656854645,169.46308028957998,169.4636724477724,169.50412243842928,83.81952891390625
2699,0.03222431731730177,169.79309308765585,169.79309308765585,169.82531740497316,84.14240231459677
2700,0.014390345925857992,169.81210502796304,169.82531740497316,169.839707750899,84.14036831176365
2701,0.012419729005576042,169.8357105489763,169.839707750899,169.8521274799046,84.12752147675094
2702,0.05293189731085143,169.8746995396157,169.8746995396157,169.92763143692656,84.14340756274058
2703,0.12845545011495121,169.99627924061934,170.0017371257363,170.13019257585125,84.24079219930394
2704,0.20701901991295615,170.1982127669813,170.44984098563074,170.78104352570872,84.97931097280708
2705,0.0611150812475179,170.29474999246918,170.34348747832962,170.42412483068227,84.62210252433832
2706,0.01952227110513039,170.3811092518456,170.3811092518456,170.40063152295073,84.58016946137397
2707,0.025716154948481063,170.38187367272457,170.42412483068227,170.44984098563074,84.58878710022302
2708,0.020770951249728456,170.4770430076399,170.4770430076399,170.49781395888962,84.64085137744642
2709,0.00015727796215319066,170.50087433277486,170.50087433277486,170.50103161073702,84.6454794389707
2710,0.04574217427023403,170.5166081526508,170.5166081526508,170.56444233463972,84.70167940497458
2711,0.0020920077187011193,170.5519303381431,170.5519303381431,170.5540223458618,84.67179898185869
2712,0.022821741351259462,170.5622868709467,170.56444233463972,170.587264075991,84.51188576870112
2713,0.016411143385616726,170.60135927312996,170.60135927312996,170.61777041651558,84.4800495575972
2714,0.01618822422734628,170.65143879082285,170.65143879082285,170.6676270150502,84.52120935584628
2715,0.2135971420478522,170.7478121491938,170.78104352570872,171.20089176093012,84.97475479021793
2716,0.12294901098667521,170.79840097969023,170.79840097969023,170.9213499906769,84.65583838878864
2717,0.021040882543702358,170.95904805327902,170.95904805327902,170.98008893582272,84.80985263106207
2718,0.06226119964315133,171.04673469977203,171.04673469977203,171.1089958994152,84.94188552053372
2719,0.16409088460685392,171.10055101469646,171.20089176093012,172.52621175514875,86.32843838468543
2720,0.07339972016146218,171.22012388151353,171.22012388151353,171.39074202104754,85.14087846296846
2721,0.05415763763936837,171.23221896904334,171.23221896904334,171.28637660668272,85.06869557832667
2722,0.043060781733174236,171.28189055978953,171.28637660668272,171.3294373884159,85.10935884961965
2723,0.1113783091719933,171.31937363516602,171.39074202104754,171.6488771618223,85.39655940109553
2724,0.14884642071400075,171.32408989313936,173.035687581518,173.26326873218107,86.99183950923306
2725,0.0687691983713513,171.4211776456699,171.4211776456699,171.56793447727267,85.27018386416631
2726,0.033522578912153184,171.43920493882095,171.43920493882095,171.4727275177331,85.20810343095258
2727,0.10293351711997657,171.44178173918593,172.01241238321714,172.1163895434565,85.78337465542087
2728,0.09166008286364491,171.46338232195936,171.67803655083563,171.76969663369928,85.48447110844543
2729,0.02010559651416071,171.4772849562149,171.4772849562149,171.49739055272906,85.18765761075683
2730,0.02435945780511967,171.48169063080303,171.49739055272906,171.5217500105342,85.17613018370331
2731,0.10815135512184723,171.59009235266444,172.1163895434565,172.28979209518548,85.94362271524986
2732,0.029159389013317067,171.62223971753892,171.6488771618223,171.67803655083563,85.32863993944363
2733,0.10090272863025927,171.66917698407954,171.9115096545869,172.01241238321714,85.51764151656761
2734,0.04827107977697266,171.7369852434198,171.77386619941402,171.822137279191,85.34064565889824
2735,0.004169565714721111,171.76733866827806,171.76969663369928,171.77386619941402,85.31353770425137
2736,0.08165248794273253,171.79578452317983,171.822137279191,171.9115096545869,85.39637592018896
2737,0.0077198874531658615,171.84523709241557,171.84523709241557,171.85295697986874,85.37516980735684
2738,0.0010436431194143564,172.05956702405234,172.05956702405234,172.06061066717174,85.58497982560849
2739,0.0067786898278837755,172.13649915510484,172.13649915510484,172.14327784493273,85.62991355247351
2740,0.013189546315349009,172.1504447621,172.1504447621,172.16363430841534,85.59975059553528
2741,0.04528296046392016,172.16575293993193,172.16575293993193,172.21103590039584,85.60313141184193
2742,0.042346132376319595,172.2714769960204,172.28979209518548,172.33213822756179,85.72709095125263
2743,0.041248254668833584,172.3234493444031,172.33213822756179,172.37338648223061,85.73497791684345
2744,0.0019154512929621254,172.4081234701799,172.4081234701799,172.41003892147288,85.75340477722146
2745,0.006051057601712856,172.43080650922107,172.43080650922107,172.4368575668228,85.66791645102809
2746,0.1472821804548896,172.50693411021788,172.52621175514875,172.6809693380275,85.87347032226953
2747,0.10631130130736458,172.57652116094025,172.87940287816093,173.035687581518,86.17073050484038
2748,0.007475402423864915,172.62215585645944,172.62215585645944,172.6296312588833,85.81544107695152
2749,0.103048471371487,172.62548374246444,172.77635440678944,172.87940287816093,85.9014483264186
2750,0.09538506876192986,172.65951118535037,172.6809693380275,172.77635440678944,85.79074958360448
2751,0.0282183985989192,172.9266801808431,172.9266801808431,172.95489857944202,86.02066420138688
2752,0.021755003450808077,172.9342611074027,172.95489857944202,172.97665358289282,86.03760282206518
2753,0.00647475330966818,173.09850126207107,173.09850126207107,173.10497601538074,86.13384916724114
2754,0.19406493608699885,173.11137863276159,173.41324937977922,173.70499955272788,86.65054232000561
2755,0.07225997663940924,173.11709362499454,173.11709362499454,173.18935360163394,86.12384243329707
2756,0.10905712421674495,173.14894305363015,173.30154955194374,173.41324937977922,86.27414429714916
2757,0.03828081976267087,173.23236895084537,173.26326873218107,173.30154955194374,86.18260857709889
2758,0.002642703618720737,173.34458287989528,173.34458287989528,173.34722558351402,86.25018126974325
2759,0.025880620658665723,173.50708484878695,173.50708484878695,173.54464704980782,86.44040237011356
2760,0.011681580362226477,173.51898906511676,173.51898906511676,173.53067064547898,86.41936089042726
2761,0.06012303584080592,173.53907048546702,173.54464704980782,173.60477008564862,86.43526300507929
2762,0.06520352425252728,173.64894320348418,173.70499955272788,173.7702030769804,86.54836134995617
2763,0.10983335264674542,173.67197199126883,173.7702030769804,173.88003642962715,86.69061863479831
2764,0.05249880026588729,173.8484003719463,173.88003642962715,173.9629200633665,86.74794650748798
2765,0.03038483347346303,173.88974403773707,173.88974403773707,173.92012887121055,86.69549510834483
2766,0.0999294740678563,173.97157034424782,173.97157034424782,174.0770667597583,86.83913202144332
2767,0.005566941442616422,174.0417500329416,174.0417500329416,174.04731697438422,86.82282384359706
2768,0.062424410046186284,174.12120844121358,174.12120844121358,174.18363285125977,86.93616126977334
2769,0.07912568820629676,174.15757517896716,174.18363285125977,174.26275853946606,86.96246395881262
2770,0.11374285775548613,174.2271815408503,174.26275853946606,174.39093924063295,87.05443215012282
2771,0.0005461723392146734,174.295714856712,174.295714856712,174.29626102905124,86.99042701741385
2772,0.06769783880505724,174.3185905663558,174.39093924063295,174.458637079438,87.06602615054165
2773,0.013891671072168207,174.32745969255913,174.32745969255913,174.3413513636313,86.98791499614568
2774,0.08676053648692461,174.47040678293257,174.47040678293257,174.5571673194195,87.07261226773794
2775,0.08737138598422517,174.58871222646255,174.58871222646255,174.7116963185512,87.23445566172636
2776,0.035612706104427884,174.61512205297194,174.61512205297194,174.65073475907636,87.190827356812
2777,0.04956109939964999,174.7391342965746,174.7391342965746,174.78869539597426,87.30016636989869
2778,0.12787843179855304,174.85953286220578,175.00203710233777,175.3742677558813,87.8302013430513
2779,0.08391504022511463,174.87573020142653,174.91021334713702,175.00203710233777,87.43939961359092
2780,0.007908714975619978,174.93493656827232,174.93493656827232,174.94284528324795,87.40851619880804
2781,0.029234715754394864,175.0209820570615,175.0209820570615,175.0502167728159,87.4385514076039
2782,0.03007374427027804,175.02870682350792,175.0502167728159,175.08029051708618,87.47416059212217
2783,0.08049142868219197,175.05365110658516,175.08029051708618,175.16078194576838,87.55609654130033
2784,0.10455233303809977,175.06885426553262,175.16078194576838,175.26533427880648,87.55607983982729
2785,0.12901516132638763,175.15761474637821,175.50003571299004,175.64796962043673,87.99517956844393
2786,0.1257679571087447,175.3063547920761,175.3742677558813,175.50003571299004,87.73264580280797
2787,0.01891874612029555,175.59197286550108,175.59197286550108,175.61089161162138,87.9431185324881
2788,0.13438722095106198,175.68528280309857,175.68528280309857,175.81967002404963,87.9589707800094
2789,0.11779635754706587,175.8351247028171,175.8351247028171,175.95633739254697,88.1645520870316
2790,0.0034163321828081543,175.86123572422284,175.86123572422284,175.86465205640565,88.07598351537597
2791,0.04480305766949784,175.91720680687666,175.95633739254697,176.00114045021647,88.16154381055452
2792,0.02240251363471132,176.0084763714275,176.0084763714275,176.0308788850622,88.16459044728742
2793,0.05969405645215151,176.01421594349043,176.0308788850622,176.09057294151435,88.19026061307102
2794,0.08654012897096432,176.08561165529366,176.09057294151435,176.17711307048532,88.27074820397773
2795,0.01792326993390807,176.17208701144142,176.17711307048532,176.19503634041922,88.22064988810318
2796,0.019249136059422592,176.21501207193288,176.21501207193288,176.2342612079923,88.19693027539685
2797,0.049080984763167156,176.26209884595383,176.26209884595383,176.311179830717,88.25269726085932
2798,0.22108442404757278,176.28499092590755,178.59157347377965,179.3874352831207,91.3040107565758
2799,0.005792594160061574,176.33251754506895,176.33251754506895,176.338310139229,88.27746290260208
2800,0.02077854293448846,176.36369876428606,176.36369876428606,176.38447730722055,88.25657007399181
2801,0.1222375814303008,176.3899626090349,176.59766963600103,176.75374075994088,88.60578294300592
2802,0.08355409144923202,176.44794844085885,176.4790643957772,176.59766963600103,88.4281748829802
2803,0.13773309814467255,176.5123564480048,176.96589727703773,177.12202013782425,88.96693032495662
2804,0.02264003469927737,176.5241614674154,176.5241614674154,176.54680150211468,88.349190330375
2805,0.012411114075362053,176.54428642033523,176.54680150211468,176.55921261619002,88.33228445969593
2806,0.14808657229283478,176.63853549315462,177.63446329290736,177.83516969057928,89.54773255574227
2807,0.033833542509548405,176.6714382080082,176.6714382080082,176.70527175051774,88.43333015280253
2808,0.0786131759356996,176.69788753730336,176.75374075994088,176.85124438533677,88.54033825445265
2809,0.07933698163405066,176.72960198006788,176.85124438533677,176.96589727703773,88.48584754896746
2810,0.21534742873903792,176.79410058434675,177.83516969057928,178.2083422994932,89.74469820094444
2811,0.006034562407738655,176.8094464125361,176.8094464125361,176.81548097494382,88.36621657745354
2812,0.012855887052454117,176.81520517967303,176.81548097494382,176.8283368619963,88.36619383610741
2813,0.14571971949091733,176.84154489783865,177.15770013516888,177.35474728715778,88.87486622178486
2814,0.03373239979091583,176.85806373091057,176.85806373091057,176.89337964097749,88.42468688476131
2815,0.0006356497511095793,176.86352127333924,176.86352127333924,176.86415692309035,88.30451284720307
2816,0.0009478605248770646,176.88830634878533,176.88830634878533,176.88925420931022,88.25242399818784
2817,0.01838976264183521,177.00920949567538,177.00920949567538,177.02759925831722,88.37067890860628
2818,0.03567999734463801,177.12066222464074,177.12202013782425,177.15770013516888,88.41335395011149
2819,0.0513274324979616,177.21938593050265,177.21938593050265,177.27071336300062,88.43719110752139
2820,0.08839002533741494,177.3117791831463,177.42834294919928,177.5167329745367,88.72986192907476
2821,0.07359566204149212,177.32566285751233,177.35474728715778,177.42834294919928,88.56744581459347
2822,0.08067396173385162,177.5164552729154,177.5167329745367,177.63446329290736,88.76491346495266
2823,0.03705635663681767,177.55264990183014,177.55264990183014,177.58970625846695,88.69937371606353
2824,0.03216745217368935,177.6957770568167,177.6957770568167,177.7279445089904,88.81485490478121
2825,0.02045237320537812,177.75279070714097,177.75279070714097,177.77324308034636,88.85115004886002
2826,0.07112836915221313,177.94997982875586,177.94997982875586,178.02110819790806,89.06098357153655
2827,0.16840908652414868,177.9770226546695,178.2083422994932,178.3934302153864,89.39588475875662
2828,0.012097170035476449,178.02498665521122,178.02498665521122,178.0370838252467,89.05107237198722
2829,0.025944944513972817,178.0419551856718,178.0419551856718,178.0679001301858,89.05808631366936
2830,0.013426418613267627,178.06774135419283,178.0679001301858,178.08132654879907,89.05173931932778
2831,0.029306546538945672,178.09545140110626,178.09545140110626,178.1247579476452,89.01883312875405
2832,0.005921731321006249,178.18151089457461,178.18151089457461,178.1874326258956,89.02049670816263
2833,0.13424874404931467,178.2573792619009,178.4499342282063,178.59157347377965,89.2988810377457
2834,0.01667882936902878,178.33041798605407,178.33041798605407,178.3470968154231,89.03876142088046
2835,0.04712268769058346,178.33253088065274,178.3934302153864,178.4499342282063,89.0660296108192
2836,0.009381325129348998,178.39830843659405,178.39830843659405,178.4076897617234,89.04753215204042
2837,0.005026049803870243,178.47328386964153,178.47328386964153,178.4783099194454,89.05106580863823
2838,0.002364451720185245,178.55763678617245,178.55763678617245,178.56000123789264,89.12129316761829
2839,0.24232605426655843,178.5895510830228,180.9045153262118,181.19669455059235,91.57395939477111
2840,0.08672882407921746,178.62041209155015,178.62041209155015,178.84049733345617,89.30045972470273
2841,0.03477592003206189,178.64014210017694,178.64014210017694,178.67491802020902,89.12530358231366
2842,0.053092440447707105,178.66372262587618,178.67491802020902,178.72801046065672,89.14427826179433
2843,0.04548805734703347,178.71108331465376,178.72801046065672,178.77349851800375,89.15379083176532
2844,0.12370835453433904,178.7516643802096,178.84049733345617,179.11670736347108,89.46413649876851
2845,0.021501654478756512,178.8679381321853,178.8679381321853,178.88943978666404,89.20165112157011
2846,0.09120140538934758,178.8880301483686,178.88943978666404,179.00829761910654,89.27601327118606
2847,0.027656427053157837,178.9200910986985,178.9200910986985,178.94774752575165,89.18897870382486
2848,0.005939438224151935,179.00476392060403,179.00829761910654,179.0142370573307,89.25800026890577
2849,0.006202750335180471,179.0989860217357,179.0989860217357,179.10518877207087,89.33979536027579
2850,0.05014620851000513,179.11256656878894,179.11670736347108,179.16685357198108,89.3891546647536
2851,0.20558138154075348,179.1621448025365,180.48530158141892,180.74375788523733,90.85906234865715
2852,0.16675193250206727,179.266206907372,179.52321310970194,179.68996504220402,89.72655218066097
2853,0.028335904862560976,179.327834412375,179.327834412375,179.35617031723757,89.42056281937766
2854,0.10898236682999783,179.34150613996175,179.3874352831207,179.52321310970194,89.52514656073936
2855,0.026795459751243905,179.46622727560327,179.46622727560327,179.49302273535451,89.48821960977875
2856,0.19421974072843837,179.52996551769047,179.89870408730474,180.27931834574105,90.27554797800767
2857,0.14480863235890132,179.63018766584835,179.68996504220402,179.89870408730474,89.7699861596486
2858,0.06393041274183568,179.72125730952968,179.72125730952968,179.7851877222715,89.68981682597419
2859,0.033658339576907316,180.0142346790082,180.0142346790082,180.0478930185851,89.9821880236483
2860,0.041018317240299904,180.02745710863033,180.0478930185851,180.0889113358254,89.99373302853851
2861,0.06980216466253233,180.08006189804965,180.0889113358254,180.15871350048792,89.98029706160577
2862,0.0388356412228327,180.16240648415956,180.16240648415956,180.2012421253824,89.99535662469941
2863,0.10268667155163767,180.18331265940805,180.27931834574105,180.38200501729267,90.13390643675628
2864,0.003080055005315889,180.26237437501132,180.26237437501132,180.26545443001663,90.0598402620937
2865,0.0916052389271379,180.32304532340052,180.38200501729267,180.4736102562198,90.1809059758654
2866,0.01169132519909594,180.4650183610433,180.4736102562198,180.48530158141892,90.18790069200216
2867,0.04330613673215686,180.56056069010177,180.56056069010177,180.60386682683392,90.25251674863487
2868,0.007003085792380646,180.60585835567656,180.60585835567656,180.61286144146894,90.19352793827
2869,0.0025656997531144595,180.66914553475752,180.66914553475752,180.67171123451064,90.25137173213383
2870,0.08344243386659239,180.70378910038195,180.8210728923452,180.9045153262118,90.30423716083561
2871,0.07604379666567292,180.72051634985303,180.74375788523733,180.8210728923452,90.23182466109756
2872,0.0012712104421788745,180.7864151531507,180.7864151531507,180.78768636359288,90.20736555113099
2873,0.04267420001747591,180.9590485241114,180.9590485241114,181.00172272412888,90.30124584771954
2874,0.0071789700965292505,181.01177199609054,181.01177199609054,181.01895096618708,90.21965802273643
2875,0.01920340815819071,181.2359134649793,181.2359134649793,181.25511687313747,90.40626114527176
2876,0.13302932790543148,181.6635547983557,181.6635547983557,181.81626674263632,90.78522861539282
2877,0.019682616375181657,181.74018833821384,181.74018833821384,181.75987095458902,90.55343512196723
2878,0.037811382501429326,181.80449943113692,181.81626674263632,181.85407812513773,90.62244037436777
2879,0.10313599727346891,182.10466106854648,182.10466106854648,182.20779706581993,90.64686221176329
2880,0.12011165474349295,182.10518760340796,182.20779706581993,182.3279087205634,90.82495618797627
2881,0.035485201589894405,182.29536103350952,182.3279087205634,182.3633939221533,90.82926633429547
2882,0.048757366740241025,182.490247946302,182.490247946302,182.53900531304222,90.79482726439919
2883,0.14363974948297958,182.55264704579932,182.55264704579932,182.71248110134636,90.88610110652677
2884,0.2608052016906591,182.65182210783695,182.71248110134636,183.23637423639656,91.38594741171855
2885,0.01619430606404536,182.67230948414553,182.67230948414553,182.68850379020958,90.7734761474889
2886,0.0757197734661699,182.80242416508347,182.80242416508347,182.87814393854964,90.96087070427488
2887,0.01915274868407559,182.86670729420055,182.87814393854964,182.8972966872337,90.9648586602049
2888,0.07801677800244493,182.91970455619403,182.91970455619403,182.99772133419648,90.99509021479325
2889,0.017190056882452214,183.00387378653517,183.00387378653517,183.0210638434176,91.05909703247943
2890,0.041780713756042545,183.0293909250644,183.0293909250644,183.07117163882046,91.05105200911079
2891,0.047803982987783496,183.16493424841192,183.25691824861082,183.3093766844057,91.22668227015414
2892,0.013945050701404917,183.16648144907862,183.16648144907862,183.18042649978003,91.13154675177745
2893,0.08876581121742227,183.17142794455285,183.3093766844057,183.41752986727298,91.36017788300862
2894,0.017282811866934984,183.20064049955172,183.20064049955172,183.21792331141867,91.14791780953341
2895,0.020544012214267396,183.2129996992802,183.23637423639656,183.25691824861082,91.168642322483
2896,0.2755422323220435,183.2505465919921,185.5315424845065,185.87030022387887,93.63065777901126
2897,0.004654452807113704,183.26079744742833,183.26079744742833,183.26545190023543,91.12273124103623
2898,0.019387371649842305,183.31114939572407,183.31114939572407,183.33053676737393,91.09338335881431
2899,0.048405780526691145,183.41211024556517,183.41752986727298,183.48312875460036,91.24534130798341
2900,0.11833591839499916,183.4192411929992,183.67101918700558,184.19703792455638,91.84719004394606
2901,0.06228538607496126,183.43235020896302,183.48312875460036,183.551958908591,91.19851870488968
2902,0.017193106800705415,183.44762157406223,183.44762157406223,183.46481468086293,91.11684017455708
2903,0.09611956181725963,183.46425822507518,183.551958908591,183.64807847040825,91.27184312778627
2904,0.006544767915677611,183.51805959727662,183.51805959727662,183.5246043651923,91.1072355654996
2905,0.15342693496993096,183.59728256016547,184.19703792455638,184.60895038301965,92.15293472384944
2906,0.022940716597340757,183.62915476723123,183.64807847040825,183.67101918700558,91.16530512561212
2907,0.05331741611613667,183.67379995460607,183.67379995460607,183.7271173707222,91.22392421985775
2908,0.05438089153497775,183.69792095863562,183.7271173707222,183.78149826225717,91.2597813940554
2909,0.05561931103861338,183.72184665703452,183.80743212812158,183.8630514391602,91.30212846174211
2910,0.08452529303602614,183.75270881793978,183.8630514391602,183.9475767321962,91.32610154192663
2911,0.02593386586440785,183.76430040737222,183.78149826225717,183.80743212812158,91.16632081044307
2912,0.0556291286370503,183.983165135539,183.983165135539,184.05754308536766,91.28110828443364
2913,0.01874882119162895,183.99544515024684,183.99544515024684,184.01419397143846,91.09018554346827
2914,0.032324887839015416,184.03293688564065,184.08474628926564,184.11707117710466,91.16813234928382
2915,0.02720320389797342,184.0459114548884,184.05754308536766,184.08474628926564,91.0571783071917
2916,0.17691847438385402,184.0576919256248,184.92368573798228,185.12820308511579,92.1055181054369
2917,0.12266790128151599,184.20496460073701,184.20496460073701,184.38709856126084,91.26911206906057
2918,0.05946605924231727,184.24526689074472,184.24526689074472,184.30473294998703,91.15516951483787
2919,0.26999420821691705,184.39130811463897,185.16968213188363,185.5315424845065,92.35976192249477
2920,0.008638188531383326,184.42151025781862,184.42151025781862,184.43014844635002,91.31011201686348
2921,0.033808386019127556,184.43558942232713,184.43558942232713,184.46939780834626,91.31667632716437
2922,0.03390498841897311,184.50142576352016,184.50142576352016,184.53533075193914,91.34799727616166
2923,0.16755731582074834,184.56705783189977,184.75612842216154,184.92368573798228,91.57062094375813
2924,0.1128210967919547,184.57853644961304,184.60895038301965,184.75612842216154,91.51215361082686
2925,0.013770977476458108,184.61718516233478,184.61718516233478,184.63095613981125,91.42616949567467
2926,0.02058596487347739,184.67976286360462,184.67976286360462,184.7003488284781,91.44488268665174
2927,0.027598872749636898,184.95736161296566,184.95736161296566,184.9849604857153,91.69066712353857
2928,0.04147904676784911,185.1257591339121,185.12820308511579,185.16968213188363,91.75032616013652
2929,0.003436158458645944,185.23060669641072,185.23060669641072,185.23404285486936,91.8526078058488
2930,0.013499459936880322,185.32049272335146,185.32049272335146,185.33399218328833,91.91918728210356
2931,0.02674312397818232,185.35002700754782,185.35002700754782,185.37989045015925,91.88311100495027
2932,0.003120318633248891,185.35499309669584,185.35499309669584,185.3581134153291,91.85964406736328
2933,0.045067083398999896,185.4217961156958,185.4217961156958,185.4668631990948,91.92453146780575
2934,0.015108856079226,185.62233523429137,185.62233523429137,185.6374440903706,92.12054450410955
2935,0.04810665097111088,185.70788080265433,185.70788080265433,185.75598745362544,92.1929798887783
2936,0.21847527876490486,185.97347580371795,185.97347580371795,186.3867463116296,92.74391804907376
2937,0.10941177815851244,186.0174733194866,186.0174733194866,186.12688509764513,92.37507158776008
2938,0.0011074763339522112,186.13278789316377,186.13278789316377,186.1338953694977,92.4791542641382
2939,0.034981382712336535,186.14461705992758,186.14461705992758,186.17959844263993,92.4423720963476
2940,0.04929459194194184,186.19909256531977,186.19909256531977,186.2483871572617,92.38519099349524
2941,0.05061454742987715,186.34136434084283,186.3867463116296,186.4723740933312,92.64674664077879
2942,0.13290144725251996,186.3815610151628,186.92249657084835,187.1310224417255,93.26625081204244
2943,0.035013234271733876,186.3966268416995,186.3966268416995,186.43164007597122,92.50827615108015
2944,0.011544541749933704,186.46639838734248,186.47771370509517,186.4892582468451,92.55457990689901
2945,0.00533961176396796,186.46715402536825,186.4723740933312,186.47771370509517,92.51076594701675
2946,0.09995951847578774,186.4683360143188,186.4892582468451,186.5892177653209,92.56045758556861
2947,0.11191359967971802,186.51840762632096,186.5892177653209,186.92249657084835,92.84365398535695
2948,0.1976541493281579,186.52225057536313,187.1814752114691,187.37912936079724,93.3652400859999
2949,0.0562622173206244,186.60065225625746,186.60065225625746,186.65789340140773,92.64997433878193
2950,0.0009789278296402227,186.6179334948247,186.6179334948247,186.61891242265435,92.62958572106744
2951,0.06723378394653083,186.63652948813208,186.65789340140773,186.76145480750034,92.72932583992909
2952,0.018351037862349054,186.67372981727416,186.67372981727416,186.6920808551365,92.65986478255975
2953,0.06056265460484486,186.6927430164254,186.76145480750034,186.82201746210518,92.74694220505953
2954,0.017976584283742384,186.706807944696,186.706807944696,186.72478452897974,92.69147888672357
2955,0.0752683058360874,186.97488251252767,186.97488251252767,187.0505069361523,93.0186933996379
2956,0.00035611778851604194,187.03694863509543,187.03694863509543,187.03730475288395,92.99970904798003
2957,0.0504527697436069,187.1268759490814,187.1310224417255,187.1814752114691,93.08410610963881
2958,0.10793824243424756,187.34430802006403,187.37912936079724,187.4978216216014,93.3823980113777
2959,0.010754018369917325,187.44226849570103,187.44226849570103,187.45302251407094,93.35285341070208
2960,0.007933242548087856,187.51194402087907,187.51194402087907,187.51987726342716,93.3930268981593
2961,0.10412102219408143,187.59724097085424,187.59724097085424,187.70136199304832,93.3811107005106
2962,0.06684318649757286,187.66840036200946,187.70136199304832,187.7682051795459,93.333571303595
2963,0.10042903063646666,188.03178891506616,188.03178891506616,188.13221794570262,93.40141221569596
2964,0.09309525731760547,188.09108055238477,188.13221794570262,188.22531320302022,93.37646774232721
2965,0.06748509116320241,188.27667692597655,188.27667692597655,188.35755555028797,93.53205469377123
2966,0.1996761618076832,188.3008314988795,188.35755555028797,188.86936170204132,94.03423039035673
2967,0.013393533148230068,188.3285344856064,188.3285344856064,188.34192801875463,93.49160187922601
2968,0.12446535135136966,188.3999863989745,188.3999863989745,188.69137102156148,93.73603493057101
2969,0.051441084103945704,188.40950923539262,188.40950923539262,188.46293012348139,93.60432874774925
2970,0.0019798039848144613,188.42253685942404,188.42253685942404,188.42451666340887,93.56975980446326
2971,0.09448870020674872,188.4551041447071,188.46293012348139,188.57642850662822,93.65318108538148
2972,0.019009682940094207,188.51001190722832,188.51001190722832,188.5290215901684,93.60516098939055
2973,0.02074536735870915,188.80156343177936,188.80156343177936,188.82230879913806,93.85760830756199
2974,0.08969730569146574,188.85757523830569,188.86936170204132,188.95905900773278,93.90994485521927
2975,0.034795221585981945,188.96672114092462,188.96672114092462,189.0015163625106,93.99819216860634
2976,0.00033973045514936855,189.02138480666014,189.02138480666014,189.0217245371153,94.01603958981784
2977,0.002209590188808972,189.06256723540704,189.06256723540704,189.06477682559586,94.0022503619249
2978,0.05630379758110067,189.06843942525902,189.06843942525902,189.12474322284012,93.99517679726496
2979,0.008008265900912647,189.23034791233212,189.23034791233212,189.23835617823303,94.012540179586
2980,0.04594250309240924,189.26972958107132,189.26972958107132,189.31567208416374,93.99666110610191
2981,0.05873051898646585,189.3599558298566,189.3599558298566,189.41868634884307,94.0788435145559
2982,0.028350560994008872,189.4011387003753,189.41868634884307,189.44703690983707,94.10130079925868
2983,0.0746717353560048,189.43768256184882,189.44703690983707,189.59962372691322,94.1986475789298
2984,0.0517278935011595,189.45561384009793,189.45561384009793,189.50734173359908,94.04661161644876
2985,0.026187188218998677,189.54036580650708,189.54036580650708,189.5665529947261,94.12536644164254
2986,0.044295696675678016,189.62989853003637,189.62989853003637,189.67419422671205,94.17856223865003
2987,0.041671467087960753,189.7170413088113,189.7170413088113,189.75871277589926,94.17530052152192
2988,0.11052936996391562,189.76244114710784,189.76244114710784,189.87297051707176,94.28567165743144
2989,0.05852831859946938,189.8485966238963,189.87297051707176,189.93149883567122,94.32772973484754
2990,0.1624844954741043,189.9034279205488,190.04630491488328,190.20878941035738,94.61074274142688
2991,0.07326248084386301,189.90549318495266,189.93149883567122,190.00476131651507,94.39050450060397
2992,0.04154359836819385,189.9969792499942,190.00476131651507,190.04630491488328,94.39000207403448
2993,0.08313092002229486,190.1733730713868,190.28812932153656,190.40039009285422,94.74946993350217
2994,0.011174233045960427,190.20199014494992,190.20878941035738,190.21996364340333,94.5625613905106
2995,0.06816567813323354,190.21636402537763,190.21996364340333,190.28812932153656,94.58690153865949
2996,0.1314716391435812,190.2290732512257,192.60561088162993,192.80714614577317,97.0264828491526
2997,0.12384970029814832,190.2785828181264,191.2489408349467,191.49937443651913,95.69411336618319
2998,0.029129851295377818,190.32158028265428,190.32158028265428,190.35071013394966,94.52001976120516
2999,0.033888219176927595,190.39012379735962,190.40039009285422,190.43427831203115,94.55716761009924
3000,0.08249713972148547,190.39910257143137,190.43427831203115,190.56065395639956,94.67450324198121
3001,0.08532311281775008,190.4185341014382,190.8415925330107,191.0547922062633,95.119212907408
3002,0.04387850464693572,190.4625323955306,190.4625323955306,190.5064109001775,94.52090960769527
3003,0.08487872997493867,190.50716717725442,190.72629961347857,190.8415925330107,94.83829653433634
3004,0.06422152355192952,190.5530968412033,190.56065395639956,190.65968269592116,94.66965402692028
3005,0.02413786067973823,190.57509343332356,190.57509343332356,190.5992312940033,94.57996807440303
3006,0.010669355289927442,190.62079492777588,190.62079492777588,190.6314642830658,94.6195067586799
3007,0.016095533397281248,190.65735618595969,190.65968269592116,190.67577822931844,94.654523408118
3008,0.05052138416013737,190.66337316367145,190.67577822931844,190.72629961347857,94.69466651526474
3009,0.1456987274346245,190.71132016135996,192.97088424798903,193.16979448501584,97.0578577284822
3010,0.030414189557182794,190.75230076555874,190.75230076555874,190.78271495511592,94.66325218934612
3011,0.08596536614506008,190.82418757426578,191.0547922062633,191.14075757240835,94.65901152434891
3012,0.02699235674990415,190.85881716584848,190.85881716584848,190.88580952259838,94.37583755609803
3013,0.03863285917047139,190.88268064879952,190.88580952259838,190.92444238176884,94.39634212621613
3014,0.015590703818124175,190.91257110561457,190.92444238176884,190.94003308558698,94.32000421052159
3015,0.09571039605194565,190.91750214311213,191.14075757240835,191.2364679684603,94.5543461186545
3016,0.014879568089478993,190.96524440124392,190.96524440124392,190.9801239693334,94.20928006772203
3017,0.03178107260688998,190.98992138805076,190.98992138805076,191.02170246065765,94.16485141297846
3018,0.012472866486398691,191.22835813428387,191.2364679684603,191.2489408349467,94.30136867776025
3019,0.03780546724860271,191.2895346710645,191.2895346710645,191.3273401383131,94.32114994562444
3020,0.04721846475208699,191.3589976645547,191.3589976645547,191.44663636005214,94.45642486465724
3021,0.1438445604264359,191.36037918734814,192.80714614577317,192.97088424798903,95.90663653822052
3022,0.018788677159307716,191.37216288175318,191.37216288175318,191.3909515589125,94.29212813495363
3023,0.06797023700990783,191.39158663294566,191.49937443651913,191.56734467352905,94.40389127186408
3024,0.12255103884539825,191.39263504072477,191.56734467352905,191.87286311683147,94.73379823761137
3025,0.003991057294098416,191.40212975308629,191.40212975308629,191.40612081038037,94.25459170697016
3026,0.01764049629195709,191.4100726138125,191.4100726138125,191.42771311010446,94.13486297129316
3027,0.0011397385282562746,191.45538564362272,191.45538564362272,191.45652538215097,94.17378283299706
3028,0.06371806811460186,191.58899518094051,191.58899518094051,191.7551271665562,94.40618508621016
3029,0.026534083900144702,191.59069850984122,191.59069850984122,191.61723259374136,94.27742631823666
3030,0.04299270949097866,191.61352471776542,191.61723259374136,191.66022530323235,94.22149992830235
3031,0.0012071375904634666,191.66729110249435,191.66729110249435,191.6684982400848,94.23596358482013
3032,0.03167998651948818,191.67859465838072,191.67859465838072,191.7102746449002,94.24503114436068
3033,0.01683541884132496,191.8188024638935,191.8188024638935,191.83563788273483,94.38431180317083
3034,0.03947795424265967,191.8224555555236,191.88922256713641,191.92870052137908,94.43521827206781
3035,0.0717768556699522,191.8452690673386,192.24342430140518,192.31520115707514,94.71657685102831
3036,0.016359450304947797,191.8669609877251,191.87286311683147,191.88922256713641,94.33557020473835
3037,0.029596648641761193,191.91399223779737,191.92870052137908,191.95829717002084,94.40594705235799
3038,0.05717944911190537,191.9479850721844,192.00085071703188,192.0997678565556,94.50266526214645
3039,0.08137874945500696,191.94972164295902,192.44101776502217,192.52239651447718,94.81426842486337
3040,0.041690015849341185,191.95310123087046,191.95829717002084,192.00085071703188,94.35357566558133
3041,0.0008635311616732776,191.9979446625841,191.9979446625841,191.9988081937458,94.29241170965624
3042,0.03195578910276378,192.01380545413346,192.01380545413346,192.04576124323623,94.30394915891058
3043,0.00978190130903723,192.0499513001456,192.0499513001456,192.05973320145463,94.28387010023249
3044,0.035959404284887586,192.06453232075202,192.0997678565556,192.13572726084047,94.35923519428869
3045,0.031159533063199633,192.1106782814274,192.15115323802877,192.18231277109197,94.39517891085785
3046,0.015425977188301776,192.13546314820715,192.13572726084047,192.15115323802877,94.35017222981493
3047,0.08321436715274905,192.17675769875382,192.52239651447718,192.60561088162993,94.69454702580597
3048,0.01670437648353156,192.17739419387735,192.18231277109197,192.19901714757552,94.3163235536335
3049,0.013685754390644869,192.1891925235403,192.19901714757552,192.21270290196617,94.23930181064316
3050,0.03072139943902093,192.19801099499554,192.21270290196617,192.24342430140518,94.24163584955059
3051,0.07802640070895327,192.2451290764216,192.31520115707514,192.44101776502217,94.36534595116379
3052,0.043089432534608556,192.3155509471864,192.3155509471864,192.358640379721,94.25770513159974
3053,0.004700774703480391,192.4015930876474,192.4015930876474,192.40629386235088,94.29000841512415
3054,0.023684417876632825,192.67553463292762,192.67553463292762,192.69921905080426,94.55001771117352
3055,0.04637920712302646,192.67876201525505,192.69921905080426,192.7455982579273,94.56027897217186
3056,0.20675049478327379,192.7646205603443,193.6720362495483,194.31258845762295,96.05797208787969
3057,0.1766922790661389,192.7825555624297,193.16979448501584,193.41154114325184,95.24776031478632
3058,0.01989354178943327,192.89560285961738,192.89560285961738,192.9154964014068,94.70076999010394
3059,0.007377182168022376,192.98539420599357,192.98539420599357,192.9927713881616,94.76275465420585
3060,0.04583432742417162,193.0538299948978,193.0538299948978,193.09966432232196,94.82084784827136
3061,0.04069722849681687,193.28809799215992,193.28809799215992,193.35315237132977,95.07361856626406
3062,0.024357150673029057,193.2996850275425,193.2996850275425,193.32404217821554,95.01561472614317
3063,0.07007846626411078,193.3381070383023,193.45599679144092,193.58090978782747,95.27073841066336
3064,0.04445564818908063,193.40599616640577,193.41154114325184,193.45599679144092,95.0991315752161
3065,0.020125522673478953,193.47043508742783,193.47043508742783,193.4905606101013,95.11935857907547
3066,0.010953393578798092,193.4827976819943,193.4905606101013,193.50151400368011,95.12911029850858
3067,0.06940423253608102,193.49987648486473,193.60263201701224,193.6720362495483,95.22459780047534
3068,0.0008764910955055845,193.5165901779222,193.5165901779222,193.51746666901772,95.1213513980375
3069,0.022879122774626056,193.51862784370633,193.51862784370633,193.54150696648097,95.12086825003092
3070,0.02172222918476933,193.5771275366381,193.58090978782747,193.60263201701224,95.13612234757946
3071,0.03942556060701526,193.71875122997204,193.71875122997204,193.75817679057906,95.26155272786549
3072,0.11822440485640534,193.75435171872113,193.75817679057906,193.89882287151573,95.37564129899202
3073,0.010079492097600803,193.78807185986454,193.78807185986454,193.79815135196213,95.27409844771518
3074,0.0123421839826996,193.85076201330304,193.85076201330304,193.86310419728574,95.30025734119596
3075,0.05571594666307551,193.87907990880595,193.89882287151573,193.9545388181788,95.3451463259622
3076,0.02669124103180475,194.00424714534,194.00424714534,194.03940409955572,95.45917758015891
3077,0.008465713183902207,194.01215332793595,194.01215332793595,194.02061904111986,95.42924639167991
3078,0.06737856017885767,194.01663928383,194.03940409955572,194.2022612704246,95.49664253543503
3079,0.04050963623638294,194.0599398309663,194.0599398309663,194.1266149951871,95.40141144663414
3080,0.13468361211562024,194.06112403361885,194.31258845762295,194.45036452178405,95.6366626820238
3081,0.026165527984419075,194.07271861749996,194.07271861749996,194.0988841454844,95.32271106073519
3082,0.02880344646918638,194.08590124777464,194.1266149951871,194.1554184416563,95.28363743641252
3083,0.003092452045478846,194.3744505947637,194.3744505947637,194.37754304680917,95.52765255100427
3084,0.008633887439853017,194.50447459589884,194.50447459589884,194.5131084833387,95.6005907525791
3085,0.15860819612094332,194.7078322481426,194.7078322481426,194.86644044426356,95.73729374447353
3086,0.11522933787971525,194.85177461048906,194.86644044426356,194.99891552630382,95.85819864592163
3087,0.017245744160522384,194.94612838313594,194.94612838313594,194.96337412729648,95.7857269701514
3088,0.04977832590189861,194.99585226475003,194.99891552630382,195.04869385220573,95.80425557517052
3089,0.005028058139265194,195.1803598762046,195.1803598762046,195.18538793434385,95.7916149030179
3090,0.013714941132541375,195.2025384169534,195.2025384169534,195.21625335808594,95.7925665136299
3091,0.06705914155499984,195.30980975402107,195.30980975402107,195.37686889557608,95.83757941607188
3092,0.2510756631762223,195.35960918719888,195.37686889557608,195.8022419687191,96.151098649377
3093,0.0347392575514071,195.423728862946,195.423728862946,195.4584681204974,95.89701635061353
3094,0.07165151660035364,195.5314846808284,195.5314846808284,195.61582462481272,96.03537742438004
3095,0.012688427383959878,195.55317654998564,195.55317654998564,195.56586497736959,96.00854935273898
3096,0.055218208431109556,195.6209747573982,195.6209747573982,195.6761929658293,96.05551658087263
3097,0.08259586992979523,195.85220704220043,195.85220704220043,195.94599846709914,96.31225283772007
3098,0.011195554968905794,195.91311024270072,195.91311024270072,195.92430579766963,96.27678137740676
3099,0.05243699150968878,195.9161154534505,195.97165107356818,196.04380461466098,96.34129209368791
3100,0.025652606469051157,195.93957639198206,195.94599846709914,195.97165107356818,96.26975005480527
3101,0.07318067658246118,195.9660234810507,196.04380461466098,196.13935807300695,96.41150896585246
3102,0.09944290767439169,195.97182064997142,196.19172803511796,196.29117094279235,96.53739550887525
3103,0.01624971739195497,195.97197612565841,195.97197612565841,195.98822584305037,96.19024713662986
3104,0.003466832191162733,196.0184715393083,196.0184715393083,196.02193837149946,96.17648014291919
3105,0.11222198309567401,196.05879973249895,196.3292589333695,196.44148091646517,96.44134532168586
3106,0.022372781763481793,196.0804435139796,196.0804435139796,196.10281629574308,96.20121484290964
3107,0.1605245594761559,196.08321052278424,196.56170177140635,196.818754936478,96.86283313752658
3108,0.05198330617080102,196.0984804990762,196.13935807300695,196.19172803511796,96.25966724646936
3109,0.12022085494117041,196.13575588866354,196.44148091646517,196.56170177140635,96.45422618905751
3110,0.0003866559402063471,196.18296704039545,196.18296704039545,196.18335369633567,96.18607968748947
3111,0.03808799057714452,196.27812972754015,196.29117094279235,196.3292589333695,96.28948272447732
3112,0.20245523861877013,196.44423151274518,196.818754936478,197.03631459335062,96.91660490196367
3113,0.00265218072921733,196.57225711940575,196.57225711940575,196.57490930013498,96.50459643804928
3114,0.09311320133043857,196.6156366385716,196.6156366385716,196.70874983990203,96.51731430456132
3115,0.000763223535841906,196.76409093253085,196.76409093253085,196.7648541560667,96.592614183397
3116,0.011654166959145803,196.92610336497387,196.92610336497387,196.93775753193302,96.75224958489677
3117,0.0034502512947050708,196.95826784280584,196.95826784280584,196.96171809410055,96.71013866452402
3118,0.004456915652421992,197.14624803844222,197.14624803844222,197.15070495409464,96.66797120846286
3119,0.04827227245800293,197.21218932001764,197.21218932001764,197.26046159247565,96.68532748308314
3120,0.053438643060451575,197.22591462181535,197.26046159247565,197.3139002355361,96.6630427631543
3121,0.05958514292002377,197.2489424077625,197.3139002355361,197.41836446431472,96.70770688164029
3122,0.03035834079972584,197.3185644178056,197.3185644178056,197.3489227586053,96.64874896690769
3123,0.014520745058900438,197.36223617367546,197.36223617367546,197.37675691873434,96.63538972509248
3124,0.03607089888926963,197.43958177064343,197.43958177064343,197.4756526695327,96.68983216340852
3125,0.11956082013444978,197.50803361348025,197.50803361348025,197.6275944336147,96.83914161115058
3126,0.014793364816150062,197.615247470415,197.6275944336147,197.64238779843083,96.82452421085891
3127,0.050270094848560556,197.62135643516226,197.64238779843083,197.6926578932794,96.87161030561732
3128,0.06858140858119188,197.69265534630253,197.6926578932794,197.7612393018606,96.85196466022046
3129,0.042238624375111306,197.77110075617367,197.77110075617367,197.81333938054877,96.88511187611174
3130,0.1684584688604757,197.9098748916036,197.9098748916036,198.21187828145298,97.15121640798876
3131,0.018022592096767247,197.95694028756006,197.95694028756006,197.97496287965683,96.91524309347244
3132,0.023301284682582694,197.9654407625787,197.97496287965683,197.99826416433942,96.91220300447132
3133,0.08254244826220596,198.03594777938636,198.03594777938636,198.11849022764858,96.95459219990805
3134,0.009678595947309705,198.1337072516126,198.1337072516126,198.14338584755993,97.0514448477524
3135,0.09179506229883795,198.2730461720831,198.2730461720831,198.36484123438194,97.12440041403342
3136,0.028131325264306076,198.38965294404147,198.38965294404147,198.41778426930577,97.21543713691706
3137,0.0047699190901172115,198.48626720459174,198.48626720459174,198.49103712368185,97.23701766606825
3138,0.0023359638296563652,198.50255133344857,198.50255133344857,198.50488729727823,97.2337659769445
3139,0.07658122040685807,198.56304262250322,198.56304262250322,198.63962384291008,97.22332251911024
3140,0.02823916517699408,198.67283031005306,198.67283031005306,198.70106947523004,97.32526000552318
3141,0.05324864467038868,198.68018194251687,198.71156990555895,198.8043880192842,97.41941153833945
3142,0.010500430328899203,198.70040736358496,198.70106947523004,198.71156990555895,97.27846290688048
3143,0.01910994669724411,198.71718745208034,198.71718745208034,198.7362973987776,97.29403859781273
3144,0.08883706128301114,198.73156724925542,198.94737597074393,199.11887632137373,97.54983984187092
3145,0.09086854499829015,198.74349912122386,199.11887632137373,199.20974486637203,97.6898721720773
3146,0.06997185506861267,198.74697052854594,198.81465776603977,198.94737597074393,97.37733857726319
3147,0.010285071661567769,198.75436431889352,198.75436431889352,198.7646493905551,97.21389105247138
3148,0.010174450696042172,198.7716826767755,198.7716826767755,198.78185712747154,97.22178961216443
3149,0.010269746755567253,198.79527679112164,198.8043880192842,198.81465776603977,97.20210059494062
3150,0.06042451695649555,198.81892301842407,198.81892301842407,198.88166936805962,97.19848603940211
3151,0.0023218326790692663,198.83371638293858,198.83371638293858,198.83603821561763,97.17564912966914
3152,0.08266328934678549,198.94829053315897,198.94829053315897,199.03095382250575,97.27964552264338
3153,0.09112108721456676,199.1403033919839,199.2281779144671,199.31929900168166,97.54527020221772
3154,0.01843304809507239,199.1930621102849,199.20974486637203,199.2281779144671,97.43766552046928
3155,0.0060018419695766784,199.42891370389498,199.42891370389498,199.43491554586456,97.48894919977373
3156,0.0017884761044805965,199.49048459531005,199.49048459531005,199.49227307141453,97.3935061850918
3157,0.021341008437575575,199.5059767346542,199.5059767346542,199.5273177430918,97.40418798230856
3158,0.07857983320118452,199.5129078280361,199.68147657769487,199.82733639954637,97.61472367968679
3159,0.06816788852367721,199.51995183040736,199.5273177430918,199.6203973572834,97.40101371773227
3160,0.0249117256679306,199.5283516707612,199.5283516707612,199.55326339642912,97.32839429539149
3161,0.06107922041148046,199.58700750380748,199.6203973572834,199.68147657769487,97.41890651749519
3162,0.09769966154478002,199.58849804917858,199.82733639954637,199.9362854604605,97.65563600667842
3163,0.03733763428685814,199.69717763913278,199.69717763913278,199.73451527341965,97.46346794150291
3164,0.020805985521630998,199.7452265206206,199.7452265206206,199.76603250614224,97.48665581232687
3165,0.009136368841798907,199.79018212357465,199.79018212357465,199.79931849241646,97.4918384815535
3166,0.011249399369382919,199.87640223138104,199.87640223138104,199.8876516307504,97.57426661620978
3167,0.16207138088143644,199.9700567956755,199.9700567956755,200.13212817655693,97.62710403244492
3168,0.10855331735922565,200.04556544220245,200.13212817655693,200.33829636970438,97.89053449960619
3169,0.06510190258803286,200.15311965627853,200.15311965627853,200.24703138034045,97.76870663779341
3170,0.09409043505068393,200.1665290527669,200.33829636970438,200.46644436232603,97.99498545719726
3171,0.028809821473874474,200.18175032431697,200.18175032431697,200.21056014579085,97.71753730497801
3172,0.0037031517263190834,200.32434881535372,200.32434881535372,200.32805196708003,97.83416530077663
3173,0.03405755757097952,200.39219528733503,200.39219528733503,200.426252844906,97.78250901331096
3174,0.0710423711788535,200.43086171516157,200.5170409942424,200.58808336542126,97.90733439525417
3175,0.050596631916371634,200.43802068550144,200.46644436232603,200.5170409942424,97.83030095160372
3176,0.01016673622597344,200.65557275725254,200.65557275725254,200.66573949347853,97.8492444852734
3177,0.027927527899098192,200.65873023567096,200.66573949347853,200.69366702137762,97.82435291627532
3178,0.058107528942962734,200.69387080410905,200.69387080410905,200.75197833305202,97.8473057289804
3179,0.008419755697936487,200.77218825891728,200.77218825891728,200.7806080146152,97.85045936520784
3180,0.15652689778354245,200.77921638934387,200.7806080146152,200.93713491239876,97.93969444756468
3181,0.0454386840919903,200.91299516675252,200.93713491239876,200.98257359649074,97.92451532844487
3182,0.02003275486552173,201.05521477619877,201.05521477619877,201.0752475310643,97.88958603316871
3183,0.11176707669773293,201.06116302145895,201.0752475310643,201.18701460776202,97.94271659822948
3184,0.09949744012508277,201.10926024828962,201.18701460776202,201.34506071612245,98.03494985049525
3185,0.10560620299791658,201.1642791235006,201.34506071612245,201.47971599333647,98.24071174177652
3186,0.05854866823534219,201.20155778970172,201.20155778970172,201.26010645793707,97.9471201218079
3187,0.0796225784707855,201.40387184889457,201.47971599333647,201.55933857180725,98.22224110603702
3188,0.02674714937480054,201.4129153803793,201.4129153803793,201.43966252975412,98.08683900289857
3189,0.002301924841312292,201.46488882655845,201.46488882655845,201.46719075139976,98.12042356599265
3190,0.1749844696202532,201.5333021358065,201.55933857180725,201.7343230414275,98.19404437739725
3191,0.007583881976218213,201.84602099378625,201.84602099378625,201.85360487576247,98.31598750365553
3192,0.08715625135123117,201.86172082323375,201.86172082323375,201.94887707458497,98.3906916277344
3193,0.0697291962054549,201.90441019642284,202.12507449156035,202.280337352352,98.66488068318084
3194,0.06899288945806045,201.91906427750513,201.94887707458497,202.05858786190748,98.3947937814633
3195,0.10959700954153086,201.94104763102231,202.280337352352,202.38993436189352,98.7376967709405
3196,0.13262007962229308,201.94551125408313,202.55535571749962,202.6879757971219,98.92336694473899
3197,0.040717897864445504,201.96414058321002,201.96414058321002,202.00485848107448,98.33032492997162
3198,0.06648662965286374,201.9774412085657,202.05858786190748,202.12507449156035,98.39027725537245
3199,0.043016626450430404,202.13503128181705,202.13503128181705,202.17804790826747,98.47906335862722
3200,0.04251703813577883,202.16778846541175,202.17804790826747,202.22056494640324,98.4849873844071
3201,0.09199038529535847,202.36931361545263,202.38993436189352,202.48192474718888,98.76368526461249
3202,0.07343097031074394,202.47895372908786,202.48192474718888,202.55535571749962,98.74368685766716
3203,0.15245249575390268,202.5622949311831,202.6879757971219,202.8404282928758,99.04344685915008
3204,0.24645187048150807,202.8382744753303,202.8404282928758,203.22834269017997,99.42503483472164
3205,0.045293672762839014,202.94691119008957,202.94691119008957,202.99220486285242,99.14184437283774
3206,0.022671564847827855,202.9983471402762,202.9983471402762,203.02101870512402,99.15527207243976
3207,0.07349728921198415,203.02683951834751,203.02683951834751,203.1003368075595,99.17052569001932
3208,0.16195472410069756,203.0360054229805,203.55969650196275,203.72165122606344,99.71811764422813
3209,0.11089198189861746,203.1697675657972,203.44880452006413,203.55969650196275,99.59204099778722
3210,0.16664685202781976,203.19671581065722,203.8053920364852,203.99726548210242,100.0393217234499
3211,0.10217734693630981,203.19760565951137,203.3466271731278,203.44880452006413,99.3703792206789
3212,0.09960758346614043,203.22637538261017,203.22834269017997,203.3388998792432,99.30928136817847
3213,0.010949605597098275,203.2985185095794,203.2985185095794,203.3094681151765,99.26505134983967
3214,0.007727293884614087,203.33631648824004,203.3388998792432,203.3466271731278,99.30331849678869
3215,0.19936456793551416,203.5233836731925,204.06416188242295,204.34837692203848,100.25753996621589
3216,0.08374081042175546,203.63954637233232,203.72165122606344,203.8053920364852,99.65634019233593
3217,0.014418984350523408,203.8594422482227,203.8594422482227,203.87386123257323,99.76397882724191
3218,0.010807609238897158,203.926777646761,203.926777646761,203.9375852559999,99.82603610918352
3219,0.06689640032051934,203.9826786615828,203.99726548210242,204.06416188242295,99.87642342910263
3220,0.035276333244364806,204.19885765221315,204.19885765221315,204.2341339854575,100.04115763886713
3221,0.049574138435676075,204.2474532044616,204.2474532044616,204.29702734289728,100.08852716625627
3222,0.0010724653939692098,204.39502471725766,204.39502471725766,204.39609718265163,100.17957785549959
3223,0.0035487712296861096,204.62290119214015,204.62290119214015,204.62644996336982,100.16823491583624
3224,0.00501262248737836,204.62435331318338,204.62644996336982,204.6314625858572,100.16443373306002
3225,0.08484488074422414,204.65999065378486,204.65999065378486,204.7550320525311,100.24945057264587
3226,0.010196518002023286,204.67117839556988,204.67117839556988,204.68137491357191,100.17096170476171
3227,0.21486343772134522,204.70368222912666,204.82586013675552,205.04072357447686,100.50086335635805
3228,0.06154358049335303,204.74673078933955,204.7550320525311,204.82586013675552,100.26987883213485
3229,0.00487569890206427,204.80350473014784,204.80350473014784,204.8083804290499,100.21654439650489
3230,0.004408804829014492,204.81674498722924,204.81674498722924,204.82115379205825,100.17077670305368
3231,0.09032178629505311,205.0026223882842,205.04072357447686,205.1310453607719,100.41429349637589
3232,0.09620395554762484,205.03126928529375,205.21202219022328,205.35833316628617,100.60169821297657
3233,0.08097682945138555,205.07803946444446,205.1310453607719,205.21202219022328,100.34536759941827
3234,0.12305625602335614,205.22517216209474,205.45961943560252,205.58267569162587,100.75016422317339
3235,0.031286227542480644,205.23154209069614,205.23154209069614,205.26282831823863,100.39697872779374
3236,0.018820792972764747,205.2499788408524,205.26282831823863,205.2816491112114,100.40963755482322
3237,0.10128626931635083,205.35097900206705,205.35833316628617,205.45961943560252,100.42509423990462
3238,0.09934135596850661,205.54376645716144,205.58267569162587,205.68201704759437,100.66370526218522
3239,0.18007330634247323,205.62165722948802,205.68201704759437,206.0945853090667,101.07110287450374
3240,0.06906399515915858,205.77425918051568,205.77425918051568,205.88056596618492,100.8231196045832
3241,0.0865789758344005,205.77870831687522,205.88056596618492,205.97663126630758,100.89677178248853
3242,0.013607377602590289,205.79239470845522,205.79239470845522,205.80600208605782,100.72564832835646
3243,0.0236354129074819,205.81399761037613,205.81399761037613,205.83763302328362,100.6593651172478
3244,0.009486324288247909,205.9215235639953,205.9215235639953,205.93100988828354,100.73825072067442
3245,0.11213264984832597,205.9578372664491,206.0945853090667,206.2732516520534,100.94096933683515
3246,0.03012286933795931,206.03120497764593,206.03120497764593,206.0613278469839,100.80035257430023
3247,0.18125119560824549,206.07385738136753,206.2732516520534,206.48085528714063,101.15975444505337
3248,0.06653369313839366,206.09770684280363,206.09770684280363,206.164240535942,100.8015690688795
3249,0.026352439478989412,206.30781049223353,206.30781049223353,206.3341629317125,100.9733679101361
3250,0.07853141141380882,206.41096467327358,206.48085528714063,206.55938669855445,101.07529261369234
3251,0.03785726452666558,206.56290453803558,206.56290453803558,206.60076180256226,101.15642025473461
3252,0.0626842981627727,206.56656137331905,206.60076180256226,206.67534966680094,101.24506355755567
3253,0.03936394116701035,206.62834868549092,206.67534966680094,206.71471360796795,101.1856253694076
3254,0.011903566075911955,206.64439711599488,206.64439711599488,206.6563006820708,101.11818202910176
3255,0.05053429435839019,206.65536152845135,206.71471360796795,206.76524790232634,101.12538944885726
3256,0.04881319381182506,206.86251820424366,206.86251820424366,206.9113313980555,101.17326572540411
3257,0.021272541818545217,206.9956433851261,206.9956433851261,207.01691592694465,101.177321646955
3258,0.043995950135373336,207.06470693904907,207.06470693904907,207.10870288918446,101.20917437762947
3259,0.05016936278067639,207.0751348532621,207.1233723842026,207.1735417469833,101.17886079238349
3260,0.014669495018147448,207.0976966862041,207.10870288918446,207.1233723842026,101.133987705067
3261,0.20585670977240822,207.18546857205348,207.18546857205348,207.42895018251215,101.34407377353863
3262,0.00017043435472745294,207.25622629301893,207.25622629301893,207.25639672737364,101.20117803223664
3263,0.03745446633156306,207.3443941240962,207.3443941240962,207.38184859042775,101.15732699649914
3264,0.024203142011314238,207.5117847995837,207.5117847995837,207.535987941595,101.24096736736284
3265,0.0034312531629168063,207.53825611830882,207.53825611830882,207.54168737147174,101.21508032367315
3266,0.011579826912338354,207.58725916498366,207.58725916498366,207.598838991896,101.20830220950697
3267,0.05284674922265296,207.63656460221617,207.63656460221617,207.68941135143882,101.24114503887269
3268,0.06200506070855552,207.6855090775472,207.68941135143882,207.75141641214736,101.27243062673568
3269,0.07730643650528718,207.72525428288074,207.75141641214736,207.9250491069206,101.401422769443
3270,0.01046586906489556,207.75927083768025,207.75927083768025,207.76973670674514,101.25427578501285
3271,0.012076642926467901,207.7655708136993,207.76973670674514,207.7818133496716,101.23527576784454
3272,0.036923114029595284,207.78439130829636,207.78439130829636,207.82131442232597,101.25992270047718
3273,0.03686063224698196,207.79750111723715,207.82131442232597,207.85817505457294,101.2341578380768
3274,0.07012809196126721,207.88069117824398,207.9250491069206,207.99517719888186,101.3330395287939
3275,0.31199298884159055,207.93824450714058,208.27654402535592,208.91739484513369,102.29959658617796
3276,0.17012879537615727,207.94103546591202,207.99517719888186,208.1846778429864,101.48196543931559
3277,0.008490784140743675,208.04567271771646,208.04567271771646,208.0541635018572,101.29659438868205
3278,0.01088106458763377,208.0856614717241,208.0856614717241,208.09654253631174,101.24608677437172
3279,0.09186618236952859,208.17658625150733,208.1846778429864,208.27654402535592,101.33039930643027
3280,0.018195412388044035,208.36440779891277,208.36440779891277,208.38260321130082,101.46418094422017
3281,0.07750054860535847,208.39056366886769,208.39056366886769,208.5078005361377,101.46199756136691
3282,0.03008027938192485,208.39079469134194,208.39079469134194,208.42087497072387,101.36243836551071
3283,0.0096560392827147,208.444624488964,208.444624488964,208.4542805282467,101.33069000049493
3284,0.048845112641943654,208.521546767409,208.521546767409,208.57039188005095,101.37449531183975
3285,0.04947599318350222,208.5714491037608,208.5714491037608,208.64033031382849,101.48684765307651
3286,0.019405216884170903,208.5806791370619,208.5806791370619,208.60008435394607,101.39969277121786
3287,0.03890721765624319,208.63595129891408,208.64033031382849,208.67923753148472,101.41181179627402
3288,0.03679201091229119,208.70934738669658,208.70934738669658,208.74613939760886,101.46313505203676
3289,0.0454928710174706,208.88406269226112,208.91739484513369,208.96288771615116,101.63124744322441
3290,0.18042468182670987,208.91211985210285,208.96288771615116,209.14331239797787,101.8074172859332
3291,0.19831610267348046,209.1299277727639,209.14331239797787,209.34162850065135,101.97134248627921
3292,0.06322792369821678,209.32178766351308,209.416193757637,209.4998745460198,102.08956469474498
3293,0.05013551973047042,209.32461475997493,209.34162850065135,209.416193757637,102.01433083511806
3294,0.024429737255149804,209.36476522059274,209.36476522059274,209.3891949578479,101.96985320554066
3295,0.02045286468461841,209.43072505023298,209.43072505023298,209.4511779149176,101.96213667224835
3296,0.013633719125857629,209.5549015958423,209.5549015958423,209.56853531496816,101.92408790536051
3297,0.03208666679846468,209.64397763790274,209.64397763790274,209.6760643047012,101.79855366226697
3298,0.04142172989158604,209.72936423217837,209.72936423217837,209.8105863535911,101.79915862639568
3299,0.029209692197319267,209.7301793508796,209.7301793508796,209.75938904307694,101.72899896305054
3300,0.009855949999548003,209.76755402493768,209.76755402493768,209.77740997493723,101.71966560146062
3301,0.0007347493242671517,209.78462674542303,209.78462674542303,209.7853614947473,101.7141686691145
3302,0.06999897993484294,209.78840222701314,209.8105863535911,209.88058533352594,101.80621708726055
3303,0.009747541719431855,209.87804886787535,209.88058533352594,209.89033287524538,101.7633360401113
3304,0.14086734882789465,209.9286849494425,209.9286849494425,210.0742160510052,101.81531085847422
3305,0.0046637527348231565,209.99140742889662,209.99140742889662,209.99607118163144,101.80975393649943
3306,0.034970570866990174,210.24695710389102,210.24695710389102,210.2823595310161,101.873061173322
3307,0.00043185625811546584,210.24784985253334,210.24784985253334,210.24828170879144,101.81299407477616
3308,0.09449794554350548,210.31107743128769,210.31107743128769,210.4055753768312,101.71149108415109
3309,0.009628130313552153,210.4445853878459,210.4445853878459,210.45421351815946,101.80116229503875
3310,0.04570473447190871,210.51105729187773,210.51105729187773,210.55676202634965,101.80723166643003
3311,0.16629472380000895,210.67991448590072,210.67991448590072,211.1965515507719,102.33770488857253
3312,0.03371695042543479,210.7420289581401,210.7420289581401,210.77574590856554,101.86097232303028
3313,0.040905041763326565,210.79184078273593,210.79184078273593,210.83274582449926,101.91203720555782
3314,0.08445582052847309,210.82248826745987,210.83274582449926,210.91720164502772,101.98271626983798
3315,0.03178990523688448,210.91437619121203,210.91720164502772,210.9489915502646,101.98017049201383
3316,0.060589298513176994,210.92527201463795,210.9489915502646,211.00958084877777,102.03155621460434
3317,0.06633168548024151,210.9343260440245,211.00958084877777,211.075912534258,102.0901680614492
3318,0.12422731647492365,210.98932197419327,211.42102872074912,211.54525603722405,102.47356592115324
3319,0.03255363912365311,211.05292875433057,211.075912534258,211.10846617338166,102.07015317347322
3320,0.015558467596058924,211.18772348690817,211.1965515507719,211.21211001836795,102.17527059790724
3321,0.02641046941654817,211.21152306744145,211.21211001836795,211.2385204877845,102.1773833878404
3322,0.09007613924714736,211.2168396630722,211.2385204877845,211.42102872074912,102.36535195636586
3323,0.03054272026375018,211.2554045914669,211.2554045914669,211.28594731173067,102.16468264654848
3324,0.05127800233416844,211.2708369102621,211.28594731173067,211.34783668518438,102.1281661938147
3325,0.0023973411780220115,211.2895326427591,211.2895326427591,211.2919299839371,101.98185347285668
3326,0.130562090277699,211.29996470557683,211.54525603722405,212.05915999558414,102.68478025871342
3327,0.008214029941532504,211.32556540844476,211.32556540844476,211.3337794383863,102.00710518423409
3328,0.1939197168947647,211.41015572425079,213.00752950693823,213.39764640438406,104.04154106945148
3329,0.15989249420146312,211.47679433609005,212.22207334355755,212.84425290591184,103.4385464285741
3330,0.12637438957118605,211.5454984160765,211.5454984160765,211.84822439516225,102.45716901875157
3331,0.038581468937812814,211.55309797295322,211.55309797295322,211.59167944189105,102.22843556779414
3332,0.012912519666554623,211.58977022538576,211.59167944189105,211.6045919615576,102.17656125724336
3333,0.016558337717315734,211.60114913711064,211.6045919615576,211.62115029927492,102.15339453079756
3334,0.09346849447840432,211.6014975085935,211.62115029927492,211.72407860243192,102.22528121617782
3335,0.14527413032704728,211.65576749258418,212.05915999558414,212.22207334355755,102.7105967224157
3336,0.009459808678590661,211.66847576801155,211.66847576801155,211.67793557669015,102.16542713708209
3337,0.005370960035853605,211.75155940317802,211.75155940317802,211.75693036321388,102.18956238784132
3338,0.0762512031739223,211.8156291891395,211.84822439516225,211.92447559833616,102.25442803149743
3339,0.004364685822743063,211.98952827886947,211.98952827886947,211.9938929646922,102.24649614579505
3340,0.004037125497471456,212.07657618989668,212.07657618989668,212.08061331539415,102.32975204087931
3341,0.013602092148922145,212.1549981693449,212.1549981693449,212.16860026149382,102.3963101397403
3342,0.040389193875954146,212.24854306270433,212.24854306270433,212.2889322565803,102.47613690560007
3343,0.04760392933189208,212.26189450362943,212.2889322565803,212.3365361859122,102.51690826112201
3344,0.1519903816359967,212.2763408450919,212.84425290591184,213.00752950693823,103.08089406662062
3345,0.04664006371655797,212.296674657985,212.3429726427548,212.40123840888225,102.55106629725344
3346,0.006436456842608365,212.3314207989396,212.3365361859122,212.3429726427548,102.47560777362736
3347,0.011625702410898638,212.36287874061864,212.36287874061864,212.37450444302954,102.43736323759107
3348,0.03154403829353555,212.39879359694726,212.40123840888225,212.43278244717578,102.31257902567472
3349,0.08630334287710663,212.43658039511436,212.43658039511436,212.5837767157692,102.45042448994795
3350,0.021555113806068584,212.4749450595103,212.4749450595103,212.49650017331638,102.3139377776367
3351,0.039337863971680785,212.47888625606043,212.49650017331638,212.53583803728804,102.32491114815595
3352,0.03791068635389354,212.57075666832915,212.5837767157692,212.6216874021231,102.34061168754724
3353,0.07911689296658558,212.6204800968447,212.6216874021231,212.70080429508968,102.18704023792057
3354,0.01382378370604909,212.77859467656293,212.77859467656293,212.79241846026898,102.33470511591332
3355,0.0056905210335012665,212.91020295816807,212.91020295816807,212.91589347920157,102.43736501656221
3356,0.005595698356896824,212.91632798821993,212.91632798821993,212.92192368657683,102.43794275337713
3357,0.08390476747294591,213.07952319718427,213.07952319718427,213.16342796465722,102.55316643423767
3358,0.16285171043776925,213.10662001399805,214.2621409775926,214.63113343667004,103.98091600162225
3359,0.03086573897458157,213.20117800301801,213.20117800301801,213.23204374199258,102.55908092518575
3360,0.0746504462551052,213.22892011780633,213.23204374199258,213.31314806458468,102.52232234382132
3361,0.006453876337002334,213.2548693441245,213.2548693441245,213.2613232204615,102.49926409257364
3362,0.10699284360689532,213.33633353709962,214.04141578571884,214.21009373467808,103.43903941154919
3363,0.07505318525160845,213.35304385677418,213.39764640438406,213.47269958963568,102.6924416141057
3364,0.0003223515114575603,213.38893370250625,213.38893370250625,213.38925605401772,102.59060783020617
3365,0.09702737765161475,213.40602454598528,213.75189539254671,214.00115349003585,103.0861287480686
3366,0.09621894553309056,213.47071699048206,213.47269958963568,213.56891853516876,102.61769998039473
3367,0.09177498447668413,213.52306709012922,213.66012040807004,213.75189539254671,102.75841484581987
3368,0.05058860900780335,213.5471888310908,213.60953179906224,213.66012040807004,102.6632985047924
3369,0.04061326389348976,213.55171610704926,213.56891853516876,213.60953179906224,102.60111276135171
3370,0.2171861096055277,213.70385503146608,214.63113343667004,214.84831954627558,103.78220365341308
3371,0.0753487921598151,213.7617120640251,213.7617120640251,213.8370608561849,102.77330037950489
3372,0.05577797276466896,213.81565386480807,213.8370608561849,213.89283882894958,102.83114881199833
3373,0.011822112694336098,213.88430283858,213.89283882894958,213.90466094164393,102.83188350060047
3374,0.009281842218669931,213.89627391425748,213.90466094164393,213.9139427838626,102.83801044186258
3375,0.01883435735075655,213.9957049203142,214.02258142836808,214.04141578571884,102.95011661869786
3376,0.014350639809028967,213.99957755249676,214.00115349003585,214.02258142836808,102.92590609062464
3377,0.0070772985231979555,214.00217131492326,214.00217131492326,214.00924861344646,102.91445869926682
3378,0.06168510535234029,214.04920962843335,214.04920962843335,214.1108947337857,102.9552527745122
3379,0.04426743244708626,214.20196750092646,214.21009373467808,214.2621409775926,103.15007554567063
3380,0.007779810467425216,214.24409164333767,214.24409164333767,214.25187145380508,103.13070173086385
3381,0.06354269653266309,214.26233330672864,214.26233330672864,214.3258760032613,103.12509744129335
3382,0.25983377774275224,214.34448188115815,216.67658394922304,217.05713843494993,105.8613527876935
3383,0.06887505983430368,214.40769300007915,214.40769300007915,214.47656805991346,103.2237812634058
3384,0.01854128213110165,214.49106979381585,214.49106979381585,214.50961107594696,103.30040373760511
3385,0.055181710141597964,214.50302385489096,214.50961107594696,214.56479278608856,103.2818362562343
3386,0.13538118394774354,214.72828909098888,214.84831954627558,215.03364477816024,103.74491206051971
3387,0.17292866406518037,214.76209369537764,216.35203001610208,216.65679188617392,105.376553629653
3388,0.0069792416421713245,214.8703468227916,214.8703468227916,214.87732606443376,103.45764058225035
3389,0.12140788237900388,214.90957061798625,215.03364477816024,215.28197115635277,103.78527769530292
3390,0.03467323072698345,214.9157403542805,214.9157403542805,214.95041358500748,103.46162749321955
3391,0.00829157556776393,214.9865269118988,214.9865269118988,214.99481848746657,103.4853629018794
3392,0.017827323418012596,215.03889534762928,215.03889534762928,215.05672267104728,103.53280907597048
3393,0.046139441105913094,215.05936005857012,215.05936005857012,215.10549949967603,103.48759334417377
3394,0.04948695666599879,215.12064547357784,215.12064547357784,215.17013243024383,103.52189532646327
3395,0.048909111435182555,215.21968482948196,215.28197115635277,215.33088026778796,103.65043170715036
3396,0.013464774623627301,215.22580168945493,215.22580168945493,215.23926646407855,103.39676196747196
3397,0.06150196654098819,215.231777394446,215.33088026778796,215.4082795636319,103.55643328031445
3398,0.004049244847181163,215.3327381833301,215.3327381833301,215.33678742817727,103.47317491674924
3399,0.01184808445579199,215.33869688600177,215.33869688600177,215.35054497045755,103.47836613137916
3400,0.07904142917401434,215.36835906660534,215.4082795636319,215.5060800659153,103.615060344742
3401,0.15754054846865248,215.4042707714683,215.6907688518883,215.85030697539827,103.88767630355112
3402,0.018759073109381352,215.46849560392516,215.46849560392516,215.48725467703454,103.52957421185398
3403,0.0498969394604198,215.4698115228365,215.53333921798114,215.58323615744155,103.577616138051
3404,0.02725915206581385,215.49304451049133,215.5060800659153,215.53333921798114,103.50489261575281
3405,0.06468746340340038,215.53267442335812,215.58323615744155,215.64792362084495,103.60137614888302
3406,0.04284523104334602,215.63110613970554,215.64792362084495,215.6907688518883,103.58750013974462
3407,0.27496612623202193,215.72067261537492,217.05713843494993,217.33210456118195,104.99116597388745
3408,0.0019975750413127,215.7475312022112,215.7475312022112,215.74952877725252,103.67864582812916
3409,0.09218754618303995,215.78164322912372,215.91877988452123,216.03825796830046,103.91802730631008
3410,0.11393876656518119,215.78631610262806,216.03825796830046,216.1693708814541,104.06499412041231
3411,0.06847290912295795,215.8072287631399,215.85030697539827,215.91877988452123,103.76002002892184
3412,0.12226892725309549,215.89706907547506,216.229761088849,216.35203001610208,104.0327030341606
3413,0.01416896869533515,215.94229157285966,215.94229157285966,215.956460541555,103.65404837167583
3414,0.01312156890086063,215.98085691504394,215.98085691504394,215.9939784839448,103.66027421826227
3415,0.0016017720752224895,216.0524578615992,216.0524578615992,216.05405963367443,103.66014091240187
3416,0.05914447769555002,216.1145197306572,216.1693708814541,216.229761088849,103.73889744066962
3417,0.015572374513266672,216.12745793740334,216.12745793740334,216.1430303119166,103.64425804478213
3418,0.001245729699317756,216.19653075669606,216.19653075669606,216.19777648639538,103.67173317754103
3419,0.04147245976879325,216.39150127464052,216.39150127464052,216.4329737344093,103.85785853006509
3420,0.06734460215583593,216.3954159898536,216.4329737344093,216.50031833656513,103.89330975472306
3421,0.023016144082049276,216.53143642679896,216.53143642679896,216.554452570881,103.98817737078149
3422,0.01979206304912902,216.65087787704118,216.65679188617392,216.67658394922304,104.09930331888206
3423,0.02987722352096438,216.6838561387107,216.6838561387107,216.72140375749524,104.02290162126518
3424,0.007670395263563637,216.69463403009965,216.69463403009965,216.70230442536322,104.0038859199831
3425,0.06943989615224139,216.74880689994205,216.74880689994205,216.8182467960943,104.04323103161646
3426,0.013733193047343785,217.02684841895288,217.02684841895288,217.04058161200024,104.2189132959653
3427,0.05659863242554118,217.47782793607595,217.47782793607595,217.5344265685015,104.51178653313727
3428,0.10002782920878299,217.53807399059573,217.53807399059573,217.63810181980452,104.54628248649185
3429,0.08325583311644479,217.6497522883751,217.6497522883751,217.73300812149157,104.70672481153935
3430,0.07434906562535958,217.7222791441199,217.73300812149157,217.80735718711693,104.74786998597304
3431,0.1686411595004366,217.74841568718907,219.40782045107142,219.5822686451049,106.49278144952503
3432,0.13944875229689427,217.75271471301681,217.80735718711693,217.99256407686465,104.89730301234887
3433,0.20317738240093924,217.79437391587126,219.86133864731605,220.23975028474314,107.08519854682304
3434,0.011071302682192126,217.8459317781711,217.8459317781711,217.85700308085327,104.67222677584938
3435,0.0027306797040909615,217.86035435969816,217.86035435969816,217.86308503940225,104.62110331991049
3436,0.029169340179894924,217.91418315837083,217.91418315837083,217.94335249855072,104.595751728599
3437,0.094561557370032,217.9513139658571,217.99256407686465,218.17450854851015,104.80499238277534
3438,0.15221883758586488,217.97663504465862,219.2174568753597,219.36967571294556,106.02480638180474
3439,0.002786814884685306,217.97800941328427,217.97800941328427,217.98079622816894,104.57338629995525
3440,0.05155866409244144,218.01062440927782,218.01062440927782,218.06218307337028,104.62374986090963
3441,0.1094431589804137,218.030261104884,218.99204172657397,219.1032468612565,105.50439412119647
3442,0.03582425018300355,218.06085331947588,218.06218307337028,218.09800732355328,104.51297811352887
3443,0.08260551260742025,218.12755981345157,218.17450854851015,218.25711406111756,104.56619800968261
3444,0.01681385669117345,218.2526168117399,218.25711406111756,218.27392791780875,104.48143613292507
3445,0.0705861193258086,218.26881756831108,218.27392791780875,218.34451403713456,104.47032353094535
3446,0.09497198361459905,218.27086348913818,218.34451403713456,218.56052512483703,104.71443958503306
3447,0.06258445467004226,218.35917125951187,218.35917125951187,218.43279071631028,104.59997990500892
3448,0.01103500212837739,218.37863674229456,218.37863674229456,218.38967174442294,104.50774409474174
3449,0.025497173830740846,218.4237518660059,218.43279071631028,218.47522352382805,104.58170669108877
3450,0.01693563368702934,218.4367957680979,218.4367957680979,218.45373140178495,104.51081933084446
3451,0.004986839771683595,218.49682711801213,218.49682711801213,218.5018139577838,104.57066183787903
3452,0.10323507685452388,218.5224192260334,218.56052512483703,218.87329875197904,104.88932139108846
3453,0.0727038725656516,218.56358994160516,218.56358994160516,218.6362938141708,104.67518783895
3454,0.07044729101807069,218.62253080951777,218.6362938141708,218.70674110518888,104.67133936345627
3455,0.11421001410318225,218.63158334032772,219.1032468612565,219.2174568753597,105.06030918094544
3456,0.03821831038590009,218.70954134107504,218.70954134107504,218.74775965146094,104.58848058231627
3457,0.028169076317845737,218.753303709559,218.753303709559,218.78147278587684,104.62997998130804
3458,0.1695030649544108,218.81017324846138,219.5953350058958,219.86133864731605,105.64869207899895
3459,0.059173208237193,218.8164974166106,218.87329875197904,218.95905839262696,104.72269269626872
3460,0.02658643241074814,218.90288833452755,218.90288833452755,218.92947476693828,104.63827108183544
3461,0.031073212968566896,218.9569723205586,218.95905839262696,218.99204172657397,104.70590931901542
3462,0.0019101209784230266,218.97849626643918,218.97849626643918,218.98040638741762,104.68706012409835
3463,0.0017619757021319297,219.02020011313263,219.02020011313263,219.02196208883475,104.72575700874934
3464,0.038144738125846886,219.35802654292993,219.36967571294556,219.40782045107142,105.03329244781769
3465,0.003682997226163436,219.48625749854935,219.48625749854935,219.4899404957755,105.14361626269161
3466,0.0021240373069030542,219.5138011094252,219.5138011094252,219.51592514673212,105.1657106634243
3467,0.013066360790890916,219.57080380899845,219.5822686451049,219.5953350058958,105.22290169852552
3468,0.05844618527938164,219.64620278139438,219.64620278139438,219.70464896667377,105.26754365980558
3469,0.03805439118643866,219.76053564792562,219.76053564792562,219.79859003911207,105.36624425106328
3470,0.042907044904908265,219.8939049023635,219.8939049023635,219.9368119472684,105.51021606675945
3471,0.2948122232998926,219.92360778251637,220.46276223149428,220.82506750282747,106.36101507504824
3472,0.3085866537679972,219.94455951548727,220.8637886053604,221.51109576305555,107.00353980360335
3473,0.04180385172610551,219.95660324047816,219.95660324047816,219.99840709220427,105.43609430429116
3474,0.08907752821664885,220.0205289877055,220.0205289877055,220.10960651592214,105.56177879161513
3475,0.1976843647269856,220.08627698461711,220.23975028474314,220.46276223149428,105.81063126489288
3476,0.0014458301784409005,220.2082848724451,220.2082848724451,220.20973070262355,105.5838353455615
3477,0.012564701299632303,220.30786796055241,220.30786796055241,220.32043266185204,105.6576119110527
3478,0.01276288072451548,220.37191631639826,220.37191631639826,220.38467919712278,105.71438573816128
3479,0.0035185789551784295,220.47449006396798,220.47449006396798,220.47800864292316,105.81454124190313
3480,0.02307539899361548,220.50664898136247,220.50664898136247,220.54745995242777,105.84852637765063
3481,0.017735572071681683,220.50957993618238,220.50957993618238,220.52731550825405,105.8286222608117
3482,0.023163498012830623,220.51099216777516,220.54745995242777,220.5706234504406,105.83991536438785
3483,0.03872110253295487,220.81708278515055,220.82506750282747,220.8637886053604,106.11715696300926
3484,0.022208025294650737,220.93167869519138,220.93167869519138,220.95388672048603,106.21172535612041
3485,0.011076776862154579,220.98871952299749,220.98871952299749,220.99979629985964,106.24230142454994
3486,0.016770984433102407,221.10197641617458,221.10197641617458,221.11874740060767,106.34259246308856
3487,0.044957376737464264,221.10606089184282,221.11874740060767,221.16370477734515,106.3786271638818
3488,0.04682659550517921,221.10717323532828,221.1873639052049,221.23419050071007,106.43107234632711
3489,0.02365912785975888,221.15264145993916,221.16370477734515,221.1873639052049,106.36644561969987
3490,0.08415691776260428,221.17264066384314,221.26716688246142,221.362145941574,106.44476083600885
3491,0.0329763817513434,221.2053443859655,221.23419050071007,221.26716688246142,106.41296760386956
3492,0.125816937403022,221.2594272281668,221.51109576305555,221.63691270045857,106.71618657940387
3493,0.01082214134997335,221.27600047077942,221.27600047077942,221.28682261212938,106.35531352826462
3494,0.0383234733627465,221.3691466302667,221.3691466302667,221.40747010362944,106.4352528125971
3495,0.006942703008174271,221.4784509572237,221.4784509572237,221.4853936602319,106.52710916349264
3496,0.04741113268158086,221.59707742061977,221.63691270045857,221.68432383314016,106.67712263088545
3497,0.06554452284590291,221.6154089130141,221.71418194788143,221.77972647072733,106.6836450524694
3498,0.02985811474126339,221.6559629272839,221.68432383314016,221.71418194788143,106.64935325584342
3499,0.010819638967788632,221.87049564307387,221.87049564307387,221.88131528204167,106.7358396673775
3500,0.010778231895247486,221.94964277124626,221.94964277124626,221.9604210031415,106.73868579849767
3501,0.0799805350292872,221.9529304762494,221.9604210031415,222.06614902122058,106.76722926801132
3502,0.025747483049797706,221.97646571691186,221.97646571691186,222.00221319996166,106.7099240133108
3503,0.025086831017553362,222.09995732108055,222.09995732108055,222.1250441520981,106.76123305229889
3504,0.0040085550629327,222.1863820140593,222.1863820140593,222.19039056912223,106.69992840612109
3505,0.20960955034116857,222.34095242084803,222.34095242084803,223.10524176281524,107.3877437466346
3506,0.06925731178622944,222.36795520747037,222.36795520747037,222.4372125192566,106.70781690706544
3507,0.07810322239953973,222.37113800453923,222.4372125192566,222.54423727184047,106.8202176093731
3508,0.13221939523542045,222.43773419865818,222.54423727184047,222.70784045146922,106.85897099407605
3509,0.1924430128290865,222.44906077241222,223.10524176281524,223.59404831975,107.70873214389773
3510,0.02892153018434215,222.47055105994582,222.47055105994582,222.49947259013015,106.72757687828447
3511,0.1527760972004076,222.47910818811624,222.70784045146922,222.914397269362,106.97931996600562
3512,0.01493397829228581,222.55087769225793,222.55087769225793,222.5658116705502,106.67171535765686
3513,0.016449806101051227,222.55180987164945,222.5658116705502,222.58226147665127,106.67266824814438
3514,0.05378072069238264,222.73085706420633,222.73085706420633,222.7846377848987,106.83313828439383
3515,0.008237729734418735,223.0237786466539,223.0237786466539,223.03201637638833,107.12417432529567
3516,0.08325942577129347,223.14154522054227,223.14154522054227,223.22480464631357,107.29380622855741
3517,0.08460330353977044,223.19249413766042,223.3361173008377,223.4207206043775,107.38607187125463
3518,0.07975262809239671,223.19349010551392,223.25636467274532,223.3361173008377,107.22796404483826
3519,0.03156002643176186,223.2244596051807,223.22480464631357,223.25636467274532,107.1937615039689
3520,0.017188160270456675,223.4141305963137,223.4207206043775,223.43790876464794,107.36823234274075
3521,0.037291232621197205,223.6362852567776,223.6362852567776,223.67357648939878,107.5237099961671
3522,0.22168594336352782,223.75968894428183,223.75968894428183,223.9926311381656,107.6318900137425
3523,0.011256250520229352,223.83184967131447,223.83184967131447,223.8431059218347,107.5889200346677
3524,0.36733501385616996,224.04282911877604,224.04282911877604,232.6660004762148,116.2290297544161
3525,0.0449761035793718,224.04721361367046,224.04721361367046,224.09218971724982,107.67093619850587
3526,0.09003031332884803,224.0727401886367,224.09218971724982,224.18222003057866,107.68137489193549
3527,0.17447949250059475,224.13890449010904,224.18222003057866,224.95624681127092,108.3257060504647
3528,0.032576152265724086,224.1837988172148,224.1837988172148,224.21693176876778,107.58311582756247
3529,0.0005567992872367417,224.19647019857334,224.19647019857334,224.19702699786058,107.56870589563482
3530,0.1381566747466676,224.22034957626317,224.22034957626317,224.50191759606687,107.87203743588731
3531,0.10930554362829632,224.23965595959857,224.23965595959857,224.35923156347403,107.69226634405105
3532,0.010270060247171083,224.3265157429464,224.3265157429464,224.33678580319358,107.66810931266168
3533,0.016778482551445803,224.3871783371558,224.3871783371558,224.40395681970725,107.7063105795104
3534,0.058054472363719724,224.47190482110534,224.538699165598,224.60295564207442,107.85844169995254
3535,0.007057258630149365,224.47289745457454,224.47289745457454,224.47995471320468,107.73264163246377
3536,0.03678156953112145,224.4794180821506,224.50191759606687,224.538699165598,107.74201570827971
3537,0.10011634763451024,224.5008695784767,224.60295564207442,224.7365498860894,107.88814221712701
3538,0.006202004112701551,224.57635454736828,224.57635454736828,224.582556551481,107.79320917270977
3539,0.03347789638046776,224.62993875183463,224.62993875183463,224.6634166482151,107.7962222993374
3540,0.04335128540168138,224.8439154186981,224.8439154186981,224.89412944551057,108.00855260427626
3541,0.006862741410786574,224.8562064070041,224.8562064070041,224.8630691484149,107.97210521162911
3542,0.05727227159909366,224.9280401404085,224.95624681127092,225.01351908287,108.07737796349997
3543,0.07072538203622407,224.96738891928948,225.01351908287,225.08424446490622,108.1173231602515
3544,0.0920621681110389,225.04527376456304,225.08424446490622,225.2032381476725,108.22739063576995
3545,0.015006388652471614,225.11601259244853,225.11601259244853,225.131018981101,108.10362158350763
3546,0.011925126002791176,225.13484186352807,225.13484186352807,225.14676698953085,108.0404596579343
3547,0.0941122164334374,225.15231838013804,225.22899058608837,225.38109224311611,108.23049503987691
3548,0.025752438415880933,225.20267920220917,225.2032381476725,225.22899058608837,108.00912673724065
3549,0.46539374741483275,225.21002167652279,233.12807272980183,233.6698449008531,116.13115966608875
3550,0.11549135819315666,225.24636215439983,225.51536146137622,225.63085281956938,108.23270879505966
3551,0.03508200456587431,225.28161160848134,225.28161160848134,225.31669361304722,107.98278224225888
3552,0.02097545373058652,225.3228013222559,225.3228013222559,225.3437767759865,108.03093712278393
3553,0.08867538420497245,225.3303835278753,225.38109224311611,225.51536146137622,108.12703313982816
3554,0.0019319822978411127,225.35815327900272,225.35815327900272,225.36008526130055,108.04099957583709
3555,0.04559383405513911,225.3967015330923,225.3967015330923,225.44229536714744,108.07775903884502
3556,0.1525672079952336,225.4222434970083,225.63085281956938,225.78342002756463,108.25569284494838
3557,0.07593100654983446,225.83721070752296,225.83721070752296,225.9131417140728,108.5227019834585
3558,0.10056412568239995,225.87407910598455,225.9300123217249,226.0305764474073,108.62140444020223
3559,0.01687060765209858,225.90702942988256,225.9131417140728,225.9300123217249,108.48823090708434
3560,0.1715402262206054,226.0012550968751,226.19438031283138,227.31778485539095,109.8107487142875
3561,0.05221793454785972,226.0095959143238,226.0305764474073,226.08279438195515,108.57733247348968
3562,0.09110979928278774,226.06398930619142,226.1032705135486,226.19438031283138,108.57297813542958
3563,0.020476131593454117,226.0818874897284,226.08279438195515,226.1032705135486,108.54037629838687
3564,0.15180446463973088,226.20030049918986,226.20030049918986,226.3550770958422,108.78403890303132
3565,0.0022516567006964383,226.21494064115066,226.21494064115066,226.21719229785137,108.64257894585002
3566,0.0007204753118949004,226.29145370681792,226.29145370681792,226.29217418212983,108.69779789787847
3567,0.0701106854050826,226.34826397686956,226.3550770958422,226.4372191810077,108.81531857600154
3568,0.012031399760411414,226.38772329163703,226.38772329163703,226.39975469139745,108.78969140422056
3569,0.22260549938328208,226.40116888740653,228.18408933214945,228.6369818809871,110.97475426247556
3570,0.06386064942753329,226.41154152213244,226.4372191810077,226.54748296668055,108.82469146021054
3571,0.023879674907437514,226.44304085423332,226.44304085423332,226.46692052914076,108.7692456352026
3572,0.02252346133785632,226.45525746169668,226.46692052914076,226.48944399047863,108.74062671060834
3573,0.07635225245808795,226.48629544987375,226.54748296668055,226.62383521913864,108.84028570223543
3574,0.10767493113867407,226.49865114789662,226.62383521913864,226.76947333903058,108.94950245702472
3575,0.1254069313616094,226.59083235818292,226.76947333903058,226.90292605188498,109.03126138794696
3576,0.003820855568304529,226.65452654405317,226.65452654405317,226.65834739962148,108.72702592472494
3577,0.011663008572601592,226.66134526924984,226.66134526924984,226.67300827782245,108.67298825413599
3578,0.022479324612355044,226.6834135732763,226.6834135732763,226.70589289788867,108.63402070067661
3579,0.08129931460738804,226.81769248844216,226.90790199306878,226.98920130767615,108.79607277457544
3580,0.008045781492802112,226.84892439457744,226.84892439457744,226.85697017607023,108.7327338656957
3581,0.004975941183801765,226.89816493165,226.90292605188498,226.90790199306878,108.70258534180586
3582,0.056098687284826795,226.99768009222953,226.99768009222953,227.05377877951435,108.79582923056134
3583,0.02628247381122507,227.0787562869719,227.0787562869719,227.10503876078312,108.82239013160913
3584,0.22343122064987125,227.10974159734235,231.23004244234983,231.62516354503222,113.14995240743899
3585,0.03878088388348838,227.11963703630678,227.11963703630678,227.15841792019026,108.86319284829615
3586,0.16441048708349354,227.1449533638265,227.54135393680824,227.7318818653351,109.36134748064057
3587,0.04180146287315669,227.19220835481374,227.19220835481374,227.2340098176869,108.8813124542381
3588,0.03433253793494125,227.28505281086672,227.31778485539095,227.35962959555368,108.99351375085308
3589,0.07368786429389096,227.3020298981023,227.35962959555368,227.45607973680478,109.0622379014168
3590,0.0043496785202455255,227.34179164937643,227.34179164937643,227.34614132789667,108.94619989865977
3591,0.003162523707552388,227.34641288161407,227.34641288161407,227.34957540532162,108.92279165280597
3592,0.022762276957203387,227.393472465593,227.393472465593,227.4162347425502,108.94832183406618
3593,0.031496611270535164,227.4345319379855,227.45607973680478,227.48757634807532,108.98690958066489
3594,0.05111611086555157,227.44793259933445,227.49023782594267,227.54135393680824,108.89500544814913
3595,0.002661477867339818,227.4863206513486,227.48757634807532,227.49023782594267,108.89149366425745
3596,0.13851940748260094,227.59809657178116,227.7318818653351,227.94267986368945,109.32261117473068
3597,0.026117441443374724,227.630717157011,227.630717157011,227.65683459845437,108.92892561621504
3598,0.0027213774691144314,227.76122527429143,227.76122527429143,227.76394665176053,109.0431985088893
3599,0.060441076509283105,227.79689567573425,227.79689567573425,227.86391553439105,109.10759712852409
3600,0.006578782147542011,227.82525096610954,227.82525096610954,227.83182974825706,109.06843805554902
3601,0.07712306948099605,227.9108574920174,228.017778923146,228.09546659089747,109.29331010759567
3602,0.07448548968914785,227.92010482763482,227.94267986368945,228.017778923146,109.2323249742529
3603,0.002537354745848934,227.92183605145965,227.92183605145965,227.9243734062055,109.14622793141776
3604,0.0006135697674156326,227.98628592152073,227.98628592152073,227.98689949128814,109.20793677039715
3605,0.08862274125197762,228.0012660243994,228.09546659089747,228.18408933214945,109.31641018589379
3606,0.0005645982704758367,228.0560436204759,228.0560436204759,228.05660821874636,109.27581824525608
3607,0.01728300690476644,228.2214043899733,228.2214043899733,228.23868739687805,109.45421818730468
3608,0.06329289257897916,228.23703695210816,228.23868739687805,228.30198028945702,109.47599808182069
3609,0.0441927249447717,228.26316894467564,228.30198028945702,228.34617301440178,109.49086274042594
3610,0.038618136280390555,228.3579682447849,228.3579682447849,228.39658638106528,109.5394272061209
3611,0.011529469964217724,228.44220929845824,228.44220929845824,228.45373876842245,109.58179715535758
3612,0.046190773541944605,228.4804408935602,228.4804408935602,228.52663166710215,109.61779694991371
3613,0.009180045239313398,228.59436432104008,228.59436432104008,228.60354436627938,109.73678016355393
3614,0.04853322677084631,228.60120210012448,228.6369818809871,228.68551510775794,109.762466694067
3615,0.18415546732140944,228.64208238919835,228.7855811120371,229.17644189420758,110.21317789677585
3616,0.05425387991288467,228.6552440010476,228.68551510775794,228.73976898767083,109.778493857275
3617,0.045812124366268754,228.7264315011006,228.73976898767083,228.7855811120371,109.79059459030458
3618,0.05254860092688174,228.804062498623,228.804062498623,228.8566110995499,109.84325300965035
3619,0.04877889385686038,228.94193956898928,228.94193956898928,228.99071846284613,110.00853100783205
3620,0.07515611680755026,228.9743558528012,228.99071846284613,229.0658745796537,110.02570246837783
3621,0.09773471042069758,229.00968172946585,229.17644189420758,229.37625026494453,110.33649729185491
3622,0.030221703257768948,229.0700493056257,229.0700493056257,229.10027100888348,110.03378678225717
3623,0.2215702409757127,229.1531416526786,229.70622121292425,230.11662490400545,110.95447216846404
3624,0.03724215446315946,229.19215657668434,229.19215657668434,229.2293987311475,110.14814760951867
3625,0.12799046063944,229.2068940015681,229.38967466086865,229.52365375778632,110.39255011106509
3626,0.0648315058530832,229.22157029991325,229.2293987311475,229.2942302370006,110.04976664470529
3627,0.01342439592411871,229.3658136898141,229.37625026494453,229.38967466086865,110.18917626136059
3628,0.005988636278245138,229.4257021162538,229.4257021162538,229.43169075253203,110.17682019567913
3629,0.10082667556403517,229.51692106838502,229.52365375778632,229.65531576057248,110.36276883908438
3630,0.01982937019210482,229.54447660711708,229.54447660711708,229.56430597730917,110.27598012865033
3631,0.011005957030031313,229.6032614552269,229.6032614552269,229.61426741225694,110.32978887866012
3632,0.050905452351773524,229.61985224528257,229.65531576057248,229.70622121292425,110.36409749207739
3633,0.0020659920563899144,229.78519788361817,229.78519788361817,229.78726387567457,110.49172099069827
3634,0.02514411548573265,229.8147060414588,229.8147060414588,229.83985015694455,110.52579407059544
3635,0.06459615173615002,229.82135651555095,229.83985015694455,230.00147349950788,110.63733652384522
3636,0.22283825813074773,229.82560292531124,230.11662490400545,230.74903831297544,111.42695486538055
3637,0.0536479492097954,229.84802022457305,229.84802022457305,229.90166817378284,110.56227109422687
3638,0.03355062463365674,229.88965916119545,229.90166817378284,229.94504741540024,110.57228587238029
3639,0.0012459034049200873,229.90448897396783,229.90448897396783,229.90573487737274,110.48737876647584
3640,0.008582713578844232,229.92351550343457,229.92351550343457,229.93209821701342,110.49130369827695
3641,0.10948826328489912,230.15492932270166,230.15492932270166,230.26441758598656,110.75850182451086
3642,0.09704005902091678,230.23976406851529,230.26441758598656,230.3701660295133,110.80424654172347
3643,0.008708384505829302,230.31766786757987,230.31766786757987,230.3263762520857,110.78269569659658
3644,0.0070257124111220825,230.44189390543582,230.44189390543582,230.44891961784694,110.90468174300568
3645,0.010144181166500087,230.45257625968932,230.45257625968932,230.46272044085583,110.90270383379043
3646,0.10563306733900137,230.45616957505231,230.46272044085583,230.56835350819483,110.8847160355841
3647,0.03955293172819866,230.63603802966387,230.63603802966387,230.67559096139206,111.05362542431898
3648,0.031982551382795335,230.66052368215287,230.67559096139206,230.70757351277484,111.05277758629141
3649,0.09598690296794302,230.67690903529885,230.80428089420909,230.90110893792087,111.1520200877314
3650,0.2161750620144739,230.72304280592613,230.99345531546058,231.23004244234983,111.31385649003747
3651,0.01135505281563806,230.73991684301762,230.74903831297544,230.7603933657911,110.98962007208657
3652,0.027055406143194093,230.7469644695691,230.77722548806588,230.80428089420909,110.99123607455694
3653,0.01683212227480007,230.75316196438646,230.7603933657911,230.77722548806588,110.93210104693931
3654,0.0008411407438383877,230.82855687507225,230.82855687507225,230.82939801581608,110.96232481165391
3655,0.09234637753972087,230.84205740036356,230.90110893792087,230.99345531546058,111.06627268852466
3656,0.2563146614716623,230.94158355759572,231.62516354503222,232.0274406771422,111.91114318019392
3657,0.020412064874750564,231.04372370120404,231.04372370120404,231.0641357660788,111.02387363947553
3658,0.009188171771448862,231.23675350466002,231.23675350466002,231.24594167643147,111.16573453884939
3659,0.11705514994953642,231.25102220969325,231.25102220969325,231.38147134868464,111.2899105071135
3660,0.013393989041833008,231.261390666598,231.261390666598,231.27478465563985,111.16201849054164
3661,0.03205257126966238,231.36777667082663,231.38147134868464,231.41352391995432,111.22609185983589
3662,0.03744769742356896,231.70627980747872,231.70627980747872,231.7437275049023,111.55049513732168
3663,0.04245655159541272,231.70998626364917,231.7437275049023,231.78618405649772,111.54620285191012
3664,0.04781010209220876,231.7866463019385,231.7866463019385,231.8344564040307,111.57334848055419
3665,0.018248119527128022,231.84347080065646,231.84347080065646,231.8617189201836,111.63002556103321
3666,0.011862007325262398,232.0341306328687,232.0341306328687,232.04599264019396,111.78109656595724
3667,0.13785677832455853,232.17828091381983,232.17828091381983,232.3161376921444,112.02710207690814
3668,0.07778970995303469,232.29223554477727,232.3161376921444,232.39392740209743,112.03904951263699
3669,0.015930267769311356,232.41110623855005,232.41110623855005,232.42703650631935,112.12037542536756
3670,0.06303983426584095,232.51563793168174,232.51563793168174,232.5881986218543,112.29291669847133
3671,0.009520855906722327,232.55931947595323,232.55931947595323,232.56884033185995,112.22992444412878
3672,0.17527140246730125,232.58418948738498,232.74944011399631,232.92471151646362,112.37739906119052
3673,0.06926912076659951,232.6079862660225,232.6660004762148,232.74944011399631,112.28349035525973
3674,0.013400506524454573,232.61666980449172,232.61666980449172,232.63007031101617,112.17017591907774
3675,0.014170517014928231,232.6950688552221,232.6950688552221,232.70923937223702,112.21907185342116
3676,0.1327764358461048,232.7970982227016,232.92471151646362,233.0574879523097,112.47092322349721
3677,0.07058477749211402,233.02441352667853,233.0574879523097,233.12807272980183,112.43841762035213
3678,0.030526940218426835,233.2061229362272,233.2061229362272,233.23664987644563,112.60566955952727
3679,0.395800816093232,233.226082491285,233.6698449008531,234.78370900662978,114.07774206820702
3680,0.03988721868737254,233.305169809819,233.305169809819,233.34505702850637,112.61606829131205
3681,0.005964264730648238,233.36590462991109,233.36590462991109,233.37186889464172,112.6768007679957
3682,0.23130074788049984,233.71693015529962,233.71693015529962,233.95616698924817,113.05861075843022
3683,0.00793608606803297,233.74505468654672,233.74505468654672,233.75299077261477,113.04489705463104
3684,0.14383159352262165,233.97969687491042,233.97969687491042,234.18468035173123,113.40446466237556
3685,0.025859492441796646,234.03545635568116,234.03545635568116,234.06131584812297,113.28481859608696
3686,0.03529239085638204,234.10141051215373,234.10141051215373,234.1367029030101,113.3149879252152
3687,0.04941405739803947,234.1109878242744,234.18468035173123,234.23409440912928,113.37784714640898
3688,0.04497085155302694,234.24848958889115,234.24848958889115,234.29346044044416,113.43831366378315
3689,0.025121550719393412,234.33721798730753,234.33721798730753,234.36233953802693,113.48954653786144
3690,0.05273155639243019,234.41170855041412,234.41170855041412,234.46444010680653,113.57716221837423
3691,0.02647969232356626,234.4604166358164,234.46444010680653,234.4909197991301,113.57756422968752
3692,0.1533254542249033,234.5643224873012,234.8194952207275,235.01034751775703,114.07366054883896
3693,0.05573231360238626,234.6099232042063,234.6099232042063,234.6656555178087,113.6686015527003
3694,0.01939295692522792,234.6767652256529,234.6767652256529,234.69615818257813,113.72792932754449
3695,0.03578621409773495,234.7643195788714,234.78370900662978,234.8194952207275,113.80581134499862
3696,0.021741569694736337,234.83413549058804,234.83413549058804,234.85587706028278,113.75352264041294
3697,0.006446549993060749,234.9023484539652,234.9023484539652,234.90879500395826,113.81792837521844
3698,0.009338723116825456,234.96437782971748,234.96437782971748,234.9737165528343,113.832060699482
3699,0.01743437723663553,235.01373937621545,235.01373937621545,235.0311737534521,113.81548092978804
3700,0.03263128777563895,235.07569681260665,235.07569681260665,235.1083281003823,113.8090802533108
3701,0.011812234011273112,235.18240286174458,235.18240286174458,235.19421509575585,113.84097799460629
3702,0.004410467809297024,235.25277857941785,235.25277857941785,235.25718904722714,113.79077580849852
3703,0.03080877503405876,235.3282446882519,235.3282446882519,235.35905346328596,113.81027883642983
3704,0.12300338782128492,235.3499075613821,235.35905346328596,235.68812890196423,114.06838954282085
3705,0.02241974683664289,235.40486242672765,235.40486242672765,235.43833045406646,113.83299706858863
3706,0.011048280502160442,235.4123244558421,235.4123244558421,235.42337273634428,113.81184726720842
3707,0.03580849419828618,235.44610202488371,235.44610202488371,235.481910519082,113.86320196760181
3708,0.03846059909072295,235.47680865875995,235.481910519082,235.5203711181727,113.79717361502948
3709,0.043966146192591773,235.5012415111531,235.5203711181727,235.5643372643653,113.8115407934135
3710,0.04381231917054787,235.58115189726158,235.58115189726158,235.63552068129817,113.89477027391958
3711,0.010556464866044377,235.59809081428767,235.59809081428767,235.60864727915373,113.85454505356134
3712,0.06825705309786398,235.614949653025,235.68812890196423,235.7563859550621,113.9603854487082
3713,0.09957952274779681,235.72655801719688,235.78134464793135,235.88092417067915,114.01822058559748
3714,0.024958692869250253,235.74607101151798,235.7563859550621,235.78134464793135,113.92570396782932
3715,0.12954731344933038,235.82993564820703,235.88092417067915,236.01991210660148,114.14769378392006
3716,0.08822149265627825,235.98845552970153,236.03771657379986,236.15301211258938,114.27303145164849
3717,0.01780446719836455,235.99605492504364,236.01991210660148,236.03771657379986,114.07580402522599
3718,0.009440622472985927,236.00017385420247,236.00017385420247,236.00961447667547,114.02639482749156
3719,0.013223598766743002,236.0449062286074,236.0449062286074,236.06265355186744,114.05833850068288
3720,0.00452372449326894,236.0487988908933,236.0487988908933,236.05332261538658,114.020673354598
3721,0.009326722873192344,236.06378863595825,236.06378863595825,236.07311535883144,113.99438430900739
3722,0.1610891835754082,236.07046518352038,236.19367779106665,236.4159531581125,114.2954579273343
3723,0.04066567847725615,236.14461899522783,236.15301211258938,236.19367779106665,114.0733866037486
3724,0.01889615414087186,236.22797938172118,236.22797938172118,236.24687553586205,114.13504493367785
3725,0.017319612219963535,236.26800728620015,236.26800728620015,236.2853268984201,114.17931061600208
3726,0.007716961138472494,236.27950640831426,236.2853268984201,236.29304385955857,114.17127504617724
3727,0.017253455971168133,236.35632347660726,236.35632347660726,236.37357693257843,114.20575944536348
3728,0.018770011501253805,236.54812296575005,236.54812296575005,236.5668929772513,114.24004549750865
3729,0.031099113428417317,236.54952311759192,236.5668929772513,236.59799209067972,114.21777189415717
3730,0.11721926675710252,236.5619248937284,236.59799209067972,236.76342425985317,114.29646681845301
3731,0.04101666599989799,236.6376845234602,236.6376845234602,236.68589742587653,114.28289256607287
3732,0.007196236416436847,236.66911460826782,236.66911460826782,236.67631084468425,114.25310797718139
3733,0.04524821805896813,236.79574393873716,236.79574393873716,236.84099215679612,114.32832810340018
3734,0.07095884610340962,236.824362847361,236.84099215679612,236.94480458372743,114.39582802144947
3735,0.03285358082788229,236.86404440527204,236.86404440527204,236.89689798609993,114.35522647346676
3736,0.0182692704201679,237.0420286758036,237.0420286758036,237.06029794622378,114.41520078200516
3737,0.06746939783288101,237.18912377694824,237.18912377694824,237.26092217601837,114.42108689395187
3738,0.004329001237226228,237.19677639753058,237.19677639753058,237.20110539876782,114.39915682233891
3739,0.2220731698862119,237.21024488355891,237.26092217601837,238.09996304836721,115.27458232408607
3740,0.04195469518597957,237.36953375492536,237.36953375492536,237.41384474194504,114.53412960571113
3741,0.0023562918337084082,237.3748671463815,237.3748671463815,237.3772234382152,114.52010823584615
3742,0.035969494955315894,237.4400726920121,237.4400726920121,237.47604218696742,114.5492362120867
3743,0.0333556722091976,237.44331064719609,237.47604218696742,237.5247879424354,114.58638296611689
3744,0.0450475308698216,237.4492442837684,237.5247879424354,237.5705413599062,114.6008402268532
3745,0.015390083258779334,237.48550263335457,237.48550263335457,237.50089271661335,114.51779170505996
3746,0.055834422060059494,237.51933616783137,237.67320793883042,237.72904236089047,114.72409216967411
3747,0.0007058866009726202,237.54546509968415,237.54546509968415,237.54617098628512,114.51868187264469
3748,0.03729278190592032,237.55952605369617,237.5705413599062,237.60783414181213,114.56928818925641
3749,0.04426166721773192,237.5759092133361,237.62894627161268,237.67320793883042,114.58772507010852
3750,0.021112129800540513,237.6001478001593,237.60783414181213,237.62894627161268,114.56127717217313
3751,0.08633444569682798,237.70332138291732,237.72904236089047,237.91981200214542,114.82819508617249
3752,0.06252872816008953,237.73046273688342,237.73046273688342,237.7929914650435,114.65359689617
3753,0.08550207678768434,237.74191614150922,237.92722733066736,238.01272940745505,114.80550568355959
3754,0.13306856162646735,237.76453268262,239.11089083098528,239.28505751255508,116.01297609717263
3755,0.041906467398045856,237.79163274428785,237.7929914650435,237.83489793244155,114.5772281043307
3756,0.2653024481806678,237.83710276900183,239.28505751255508,239.76521065817843,116.4390613800496
3757,0.0913761934644269,237.84348438940972,238.11349521696513,238.27968058266507,114.99484440457898
3758,0.2829759920986964,237.88615446658025,241.4872553308074,243.91779610498918,120.53415750699523
3759,0.007415328521936783,237.91975203759492,237.91981200214542,237.92722733066736,114.56321928311573
3760,0.0927060742995819,237.9586628401058,238.38350605372986,238.47621212802943,115.04379495091378
3761,0.10192283378774536,238.0142965648908,238.71102645122488,238.82947939369765,115.39781993330575
3762,0.013532168597928586,238.08809958928757,238.09996304836721,238.11349521696513,114.54963763955283
3763,0.027174660704039892,238.12908978072267,238.12908978072267,238.1562644414267,114.54099121253634
3764,0.04462757585867466,238.15290452895516,238.1562644414267,238.20389895295818,114.56574739628367
3765,0.0030069356727937834,238.19342106493272,238.19342106493272,238.19642800060552,114.52316317985239
3766,0.07179450157454294,238.27248838909986,238.27968058266507,238.38350605372986,114.62279174133015
3767,0.032030969490236955,238.30203436286482,238.30203436286482,238.33406533235507,114.45927476749584
3768,0.09498454611158434,238.3908329949234,238.61212691830352,238.71102645122488,114.84856501796577
3769,0.05436116851273626,238.4428604583946,238.47621212802943,238.53057329654217,114.61732768676194
3770,0.06304525197952797,238.45697769449288,238.53057329654217,238.61212691830352,114.69052871232277
3771,0.007773430571556936,238.5419541510532,238.5419541510532,238.54972758162475,114.5906944052571
3772,0.010734939210271029,238.5665625874843,238.5665625874843,238.57729752669457,114.6127474422046
3773,0.003914986809788735,238.68541868063488,238.68541868063488,238.68933366744466,114.71346504312966
3774,0.10991356669315802,238.70200717089043,238.8996200107074,239.00953357740056,114.99906866841732
3775,0.016530108685024452,238.72435080412703,238.72435080412703,238.74088091281206,114.73271722035207
3776,0.02967262558619124,238.82215639698808,238.8699473851212,238.8996200107074,114.84591223406335
3777,0.012603908256183584,238.82830721377692,238.82947939369765,238.84208330195383,114.77606930687381
3778,0.027864083167386075,238.84204916388416,238.84208330195383,238.8699473851212,114.7672621967496
3779,0.09846412093071964,238.98648138631273,239.00953357740056,239.11089083098528,114.94860823469037
3780,0.0028931326540213185,239.0746017851625,239.0746017851625,239.07749491781652,114.8803034900444
3781,0.028750955569381047,239.1690173959911,239.1690173959911,239.19776835156048,114.93757751061648
3782,0.012347164373939585,239.20704487304968,239.20704487304968,239.21939203742363,114.93255219548399
3783,0.011933968781854697,239.3011711358679,239.3011711358679,239.31310510464974,114.92485558739311
3784,0.1085383863528762,239.33835913432284,239.33835913432284,239.44858329258403,114.94153242546489
3785,0.0016857719083069637,239.39023415267948,239.39023415267948,239.3919199245878,114.93980799900459
3786,0.013057183584997637,239.48855087200093,239.48855087200093,239.50160805558593,115.01620314555608
3787,0.03712078670496304,239.5995110601042,239.5995110601042,239.63663184680917,115.15599021630223
3788,0.04251460010966777,239.62632601069643,239.63663184680917,239.67914644691882,115.16186005142333
3789,0.14102114388790307,239.62951630042622,239.86738029275656,240.00840143664448,115.36850960011603
3790,0.09770847454501415,239.64488080366286,239.76521065817843,239.86738029275656,115.33881893816842
3791,0.1585504661264925,239.78215524261105,240.75134917214024,240.91580943156782,116.24579552356654
3792,0.0044611600331139235,239.8415570982088,239.8415570982088,239.8460182582419,115.28677564312576
3793,0.14845973055897332,239.86888410283845,240.00840143664448,240.18946549977048,115.57544592197497
3794,0.032604332567013665,240.0664070310674,240.0664070310674,240.09901136363442,115.46198984702274
3795,0.13752113270981045,240.17429814504217,240.18946549977048,240.5412609608586,115.87666291415943
3796,0.11428843544460171,240.19209552793578,240.19209552793578,240.30638396338037,115.50847614856268
3797,0.11690280912202712,240.37250315365472,240.6344463630182,240.75134917214024,115.90609990416955
3798,0.029562950464078225,240.38916620058023,240.38916620058023,240.42434809668228,115.69278927673064
3799,0.005618945637970542,240.41050290440512,240.41050290440512,240.41612185004308,115.62696605018591
3800,0.031330170645206996,240.42174679392124,240.42434809668228,240.4556782673275,115.62713689602666
3801,0.15969735348063246,240.4293122598864,240.91580943156782,241.19815059922405,116.37010126478046
3802,0.03347382618645896,240.45575457032822,240.45575457032822,240.48922839651468,115.58205679802842
3803,0.09318540215959574,240.48968346028468,240.5412609608586,240.6344463630182,115.61828771206876
3804,0.005909793301091556,240.75518762362603,240.75518762362603,240.76109741692713,115.8122810323652
3805,0.044799725627580285,240.96761983685275,240.96761983685275,241.01241956248032,115.97759890957465
3806,0.007223202681643853,241.02829500367054,241.02829500367054,241.03551820635218,116.02911648466299
3807,0.07062088586638096,241.0395114781088,241.0395114781088,241.1101323639752,116.03466831042222
3808,0.06314140272092299,241.1493453621879,241.2922592575722,241.35540066029313,116.21224154756914
3809,0.06262068452765825,241.16997825061858,241.19815059922405,241.2922592575722,116.20172475438468
3810,0.12285710514936786,241.1931316422185,241.35540066029313,241.4872553308074,116.34614975637766
3811,0.024758570629266646,241.20308804012885,241.20308804012885,241.22784661075812,116.09825509881931
3812,0.006729403191236768,241.27533407525726,241.27533407525726,241.2820634784485,116.1590603243765
3813,0.008997565364881136,241.41939091601915,241.41939091601915,241.42838848138405,116.1795674449265
3814,0.08375986211684473,241.5067485402193,241.5067485402193,241.59050840233613,116.1850840176792
3815,0.2175725433745014,241.5430383952074,241.801856743878,243.3199484336458,117.88563773736192
3816,0.011625085086805279,241.58095452705908,241.59050840233613,241.60213348742292,116.18369061471506
3817,0.056994494485675895,241.59049138777576,241.60213348742292,241.6591279819086,116.23386189828308
3818,0.11221188981766189,241.64091196262726,241.6591279819086,241.801856743878,116.30269194722499
3819,0.0261092395269567,241.7178438647122,241.7178438647122,241.74395310423915,116.23224128279531
3820,0.004407632624770373,241.7564338435223,241.7564338435223,241.76084147614708,116.23506551756607
3821,0.1945084670954466,241.81953101562036,241.81953101562036,242.11063096950159,116.48460099783034
3822,0.0498102994263079,241.96196864942598,241.96196864942598,242.05856013621175,116.44396382319789
3823,0.03121914565712102,241.96483545453196,241.96483545453196,241.9960546001891,116.28275669923673
3824,0.015112368593001843,241.98309776353094,241.9960546001891,242.0111669687821,116.26398186972449
3825,0.00044967310933107137,242.016964239905,242.016964239905,242.01741391301434,116.25438196272783
3826,0.1564047213355029,242.05585872427488,242.3941283008518,242.560053004585,116.71631696424805
3827,0.1312751233108271,242.0935363568087,242.11063096950159,242.3941283008518,116.54594854906313
3828,0.03847774709458026,242.13882561545256,242.13882561545256,242.1775388924366,116.37371120507154
3829,0.039112363751853785,242.15512311153051,242.1775388924366,242.21665125618844,116.37005933421759
3830,0.0002355298894388012,242.1614526810105,242.1614526810105,242.16168821089994,116.35204492879154
3831,0.043879809430531845,242.25308821633763,242.25308821633763,242.29696802576817,116.4279870777108
3832,0.030516757872988888,242.2962543967194,242.29696802576817,242.32748478364115,116.3927745716353
3833,0.0095199823976946,242.41555644805283,242.41555644805283,242.42507643045053,116.48774602620108
3834,0.10125256722665503,242.48622673822243,242.560053004585,242.66440530622407,116.65254136461692
3835,0.1728976214919815,242.57463272459128,242.66440530622407,243.02209157175324,117.01187028475115
3836,0.0030997344124200628,242.60004304366956,242.60004304366956,242.60314277808197,116.60200687029001
3837,0.08686317939538678,242.6931845946631,242.6931845946631,242.7800477740585,116.7510173096884
3838,0.0368512041719692,242.7630134107936,242.7800477740585,242.81689897823045,116.75198294182171
3839,0.023374778008843824,242.8353068438379,242.8353068438379,242.85868162184676,116.7622472730621
3840,0.019581345266028224,242.86022608229035,242.86022608229035,242.8798074275564,116.76770253218474
3841,0.018118137194973308,242.8759920058623,242.8798074275564,242.89792556475135,116.74745026128329
3842,0.05007809330337675,243.0014904378661,243.02209157175324,243.0721696650566,116.84065214077202
3843,0.047880496957036736,243.0749126236332,243.0749126236332,243.12279312059025,116.86572706861392
3844,0.17819479500663857,243.29118474475314,243.3199484336458,243.49814322865245,117.20391717882666
3845,0.05302496896360912,243.46709132278684,243.49814322865245,243.55116819761605,117.10341977582245
3846,0.012191520845781716,243.55222637654813,243.55222637654813,243.56441789739392,117.08926045206314
3847,0.02768810582705953,243.60915195567088,243.60915195567088,243.63684006149794,117.14448746024895
3848,0.029305179756630603,243.65283190139868,243.65283190139868,243.6821370811553,117.16037195488632
3849,0.18934363535449109,243.71696814252425,243.91779610498918,244.23219796945054,117.7254850116938
3850,0.03181426203733004,243.74203214039554,243.74203214039554,243.77384640243287,117.18558272716238
3851,0.0021460562195346512,243.86196621859975,243.86196621859975,243.8641122748193,117.29127425238698
3852,0.08454697273685202,243.93116628661963,243.93116628661963,244.0157132593565,117.31541294555214
3853,0.040511256369986974,244.0661492475354,244.0661492475354,244.1066605039054,117.44509839451187
3854,0.18780823574850844,244.11606898902085,245.28321764482504,245.50008248142586,118.82090739481755
3855,0.05729962282789606,244.22117064595395,244.23219796945054,244.28949759227842,117.58849601379741
3856,0.10741717635980218,244.2316247816269,244.35794541488227,244.47832236444643,117.81950564424535
3857,0.06844782260385444,244.23212676003595,244.28949759227842,244.35794541488227,117.64084390053507
3858,0.012959773204363697,244.43024682090424,244.43024682090424,244.4432065941086,117.77223780813213
3859,0.09729568525417662,244.4680780432814,244.47832236444643,244.5756180497006,117.82553715855065
3860,0.11882278011006049,244.49958890368663,244.5756180497006,244.7059506533415,117.97292486635959
3861,0.004439531163734932,244.5822790871745,244.5822790871745,244.58671861833824,117.86676176091684
3862,0.007070292367089015,244.60491289550046,244.60491289550046,244.61198318786754,117.87676296436102
3863,0.1687366523077873,244.65552835822422,244.7059506533415,244.924852400433,118.12493787980543
3864,0.004637565098429564,244.7257782935613,244.7257782935613,244.7304158586597,117.88073706862897
3865,0.04552752968529925,244.74743351376245,244.74743351376245,244.79296104344775,117.77810940358259
3866,0.08616379871633506,244.8946109658124,244.924852400433,245.02822997521656,118.05373988785153
3867,0.07269028129263591,244.9714765401056,245.19412020214884,245.28321764482504,118.25918197903697
3868,0.011393443209279342,244.99865993647958,244.99865993647958,245.0158737125468,117.9975878957299
3869,0.005820332857938562,245.00154084067188,245.00154084067188,245.00736117352983,117.9531250258715
3870,0.03264284537692474,245.02542723589002,245.02822997521656,245.0608728205935,117.9798527102813
3871,0.05395226009727693,245.03720600177954,245.08879056532962,245.1427428254269,118.06536557870953
3872,0.027917744736133353,245.04300617576246,245.0608728205935,245.08879056532962,117.94401550351895
3873,0.039550892958091416,245.13427847873737,245.1427428254269,245.19412020214884,118.05336483839994
3874,0.011826483763868077,245.16369155238888,245.16369155238888,245.17551803615274,117.99709117473331
3875,0.016407161383564278,245.24606227126577,245.24606227126577,245.26246943264934,118.0745036947463
3876,0.029056600852290632,245.4140266478518,245.4140266478518,245.4430832487041,118.22641134473541
3877,0.2740876460864952,245.5098224655637,245.5098224655637,246.06932592804765,118.78402358931818
3878,0.05290781354309539,245.53033003439683,245.53033003439683,245.58323784793993,118.28205035913474
3879,0.051352531708542294,245.71100681800255,245.71100681800255,245.7623593497111,118.40768427015568
3880,0.10228313774048231,245.73956778513835,245.7623593497111,245.93333317003038,118.47485897830039
3881,0.06869068257883136,245.779252394811,245.779252394811,245.84794307738983,118.37810185314842
3882,0.010181650826531653,245.9738982164544,245.9738982164544,245.9840798672809,118.55133346389607
3883,0.08504960007028137,246.0737063055018,246.0737063055018,246.15875590557206,118.55526325345643
3884,0.018461348570519474,246.1597471955563,246.1597471955563,246.17820854412682,118.63336233085778
3885,0.03570489847338353,246.1601955410795,246.17820854412682,246.2139134426002,118.62607141169217
3886,0.013568363142259185,246.21606344756435,246.21606344756435,246.22963181070662,118.65414281285643
3887,0.06173742535347252,246.2511695727495,246.2511695727495,246.31290699810296,118.65303741982142
3888,0.06606081607412027,246.33933654367635,246.33933654367635,246.40539735975048,118.77010654063274
3889,0.09054911827291601,246.39623136059936,246.40539735975048,246.4959464780234,118.76529145586541
3890,0.014673428312382162,246.53357194093863,246.53357194093863,246.54824536925102,118.83212829690362
3891,0.038199548026462415,246.60722163749148,246.60722163749148,246.64542118551793,118.76156539929056
3892,0.13063846581377336,246.83373915607933,246.83373915607933,247.00297240847559,118.95450610411352
3893,0.00827247211329645,246.9107725299766,246.9107725299766,246.91904500208992,118.78126388431586
3894,0.022704468355535093,246.9428698227447,246.9428698227447,246.96557429110024,118.80377671625139
3895,0.0076178461136442565,246.98177187850823,246.98177187850823,246.98938972462187,118.82833095672207
3896,0.10485761795487819,246.98570975169895,247.00297240847559,247.166161129105,118.98594843327149
3897,0.01897887465145564,247.0056059868103,247.0056059868103,247.02458486146176,118.83558921735154
3898,0.021344675340320373,247.03872588888458,247.03872588888458,247.0600705642249,118.86457647723178
3899,0.10683702615301084,247.0781793046473,247.22075391626836,247.32759094242138,119.03884599067007
3900,0.007617426817810946,247.09720399089431,247.09720399089431,247.10482141771212,118.89009880542015
3901,0.010390125864971103,247.1177263378194,247.1177263378194,247.12811646368436,118.90667031006296
3902,0.05459278716335481,247.1510513879683,247.166161129105,247.22075391626836,118.99122543885953
3903,0.18062372536585286,247.21872261579793,247.32759094242138,247.50821466778723,119.19566431663125
3904,0.1530570509226678,247.46815312347672,247.56625980640663,248.11789855978265,119.73598349250577
3905,0.05804513861940918,247.47828541800862,247.50821466778723,247.56625980640663,119.15523998425274
3906,0.03235923131174223,247.59122548602136,247.59122548602136,247.6235847173331,119.19163735159441
3907,0.07591228028846908,247.63242556903995,247.63242556903995,247.70833784932842,119.25607947997361
3908,0.056222836315458845,247.69042116148628,247.70833784932842,247.7645606856439,119.3058972161785
3909,0.08527876146182033,247.70932157483296,247.91336927871976,247.99864804018156,119.46763893603173
3910,0.0630678486312609,247.748321287912,247.7645606856439,247.91336927871976,119.40346524385336
3911,0.03868774055399104,247.76519876100585,247.76519876100585,247.80388650155984,119.2245038993926
3912,0.022345483625493556,247.82941458362964,247.82941458362964,247.85176006725513,119.2982614535942
3913,0.02470752026514301,247.84504638823157,247.85176006725513,247.87646758752027,119.28504442898286
3914,0.15646612441148622,248.0794110287353,248.11789855978265,248.41536325873318,119.74034352489569
3915,0.06897198970929173,248.13273726264626,248.13273726264626,248.20170925235556,119.51138551393213
3916,0.03273947868404671,248.17769618974316,248.20170925235556,248.2344487310396,119.46425371479452
3917,0.1605281533027325,248.1781565556717,248.49078042125217,248.68988647090666,119.92238027942501
3918,0.039287106145695444,248.263270369746,248.263270369746,248.30255747589172,119.43234163729792
3919,0.07541716251899117,248.36791535567775,248.41536325873318,248.49078042125217,119.56251475119316
3920,0.0021229547123235997,248.58006714885266,248.58006714885266,248.58219010356498,119.63841162758541
3921,0.0034084494903133637,248.58172813330938,248.58219010356498,248.5855985530553,119.5113540917294
3922,0.020824966640506554,248.60748532537676,248.60748532537676,248.62831029201726,119.53178663301671
3923,0.13125175059040858,248.6517361249019,248.68988647090666,249.71366289057653,120.4703151201807
3924,0.005919371979664884,248.6532527827492,248.6532527827492,248.65917215472888,119.441895898677
3925,0.006302153528976835,248.67282007728403,248.67282007728403,248.679122230813,119.42425515502367
3926,0.03363413835187426,248.69190121696158,248.69190121696158,248.72553535531347,119.39113056812306
3927,0.08426719363656587,248.72574095595914,248.72574095595914,248.82411028037646,119.41865187813558
3928,0.014102130780744623,248.76575733610463,248.76575733610463,248.77985946688537,119.37549445153563
3929,0.10071669186908067,248.7790186530702,248.8636680557792,249.06704404223353,119.56801905793323
3930,0.02688447353104665,248.81736123567768,248.82411028037646,248.8636680557792,119.26317919016907
3931,0.012673301871666896,248.82684829212556,248.82684829212556,248.83952159399723,119.22473053010759
3932,0.003997587150099991,248.87881471105175,248.87881471105175,248.88281229820186,119.25690384630039
3933,0.05467692112837192,248.90046385345866,248.90046385345866,248.99912556089382,119.16447062853652
3934,0.04398478630680071,248.90964003576136,248.90964003576136,248.95362482206815,119.13642921375445
3935,0.09607417185099527,248.92577049718975,249.1002829579853,249.19635712983631,119.29443646550564
3936,0.03323891575178592,249.03760047061658,249.06704404223353,249.1002829579853,119.27352291138722
3937,0.1084958497164148,249.07969787098784,249.19635712983631,249.30485297955272,119.445069350306
3938,0.13405344470963157,249.23632781631395,249.71366289057653,249.84771633528615,119.85140555425407
3939,0.11334766054399283,249.27716252931972,249.30485297955272,249.4182006400967,119.53155494682414
3940,0.05008757917823169,249.3709691901442,249.4182006400967,249.46828821927494,119.57589875826149
3941,0.16150049206429354,249.39596437608745,249.84771633528615,250.15748117088674,120.22228935523644
3942,0.10630632168547272,249.45238540012016,249.46828821927494,249.5846314866867,119.57283632001129
3943,0.009686655038420205,249.49238374260167,249.49238374260167,249.5020703976401,119.54443092531343
3944,0.00035029068786420246,249.51253285575623,249.51253285575623,249.5128831464441,119.49282903793521
3945,0.03140418175017191,249.8998141825906,249.8998141825906,249.93121836434076,119.78919114547661
3946,0.05573867166618914,249.9820685382346,249.9820685382346,250.07851419617197,119.88629076615634
3947,0.030269497594762017,249.9862547521961,249.9862547521961,250.01652424979085,119.77531190399755
3948,0.11828619434190348,249.98670478538313,250.2718085179283,250.70810815244172,120.39357506168635
3949,0.07678510385798529,250.04809559496618,250.15748117088674,250.2718085179283,119.89068001416001
3950,0.01043748867640778,250.0564261737682,250.0564261737682,250.0668636624446,119.73644865164
3951,0.020414503848756343,250.071456170673,250.07851419617197,250.09892870002074,119.70883549717031
3952,0.037542243183555216,250.16810367167392,250.16810367167392,250.20564591485748,119.77891940374855
3953,0.013939598830825886,250.272985991292,250.272985991292,250.28692559012282,119.86027858499138
3954,0.05134946108778363,250.32580808271334,250.32580808271334,250.37715754380113,119.93603064978593
3955,0.099515625341106,250.3443323059391,250.77515071403784,250.87466633937893,120.35158836417372
3956,0.06067061593399025,250.35061197154508,250.37715754380113,250.4851701699516,119.9884638614301
3957,0.0453360222881756,250.38528389413835,250.38528389413835,250.43061991642654,119.87681559901762
3958,0.0020059879283057798,250.4347205409303,250.4347205409303,250.4367265288586,119.8854303218836
3959,0.07751106443568294,250.47161079164542,250.4851701699516,250.5626812343873,119.95923282765072
3960,0.14224880194366152,250.51128710436984,252.40327619449516,252.71375581516466,122.14845530556244
3961,0.010076963870127386,250.5627460444292,250.5627460444292,250.5728230082993,119.99954911177808
3962,0.06704256159610028,250.5860938187579,250.70810815244172,250.77515071403784,120.15468825915536
3963,0.03807966759968317,250.59971778315193,250.59971778315193,250.6377974507516,119.97732124509109
3964,0.019044058196965464,250.6486922503305,250.6486922503305,250.66773630852745,120.01016131188008
3965,0.24245051569342016,250.72558033372124,255.90403182781526,256.51680883591814,125.70489056208022
3966,0.10422547172428179,250.74874984565994,250.87466633937893,250.9788918111032,120.26639733218178
3967,0.12624596113908862,250.75606142103197,251.78611024656448,251.91862143314475,121.01793352194488
3968,0.13275766412240703,250.77718235205646,251.91862143314475,252.0774249138168,121.18964831107716
3969,0.062189378313425484,250.93804847549205,250.9788918111032,251.089199217035,120.16968223336644
3970,0.06288730513899557,250.96185136770367,251.13288448062934,251.22306639720057,120.2924748938793
3971,0.036125057933348984,250.9924172265741,250.9924172265741,251.04053525419246,120.10530109026352
3972,0.011992969685008494,251.00978935509383,251.00978935509383,251.02178232477883,120.09249183224591
3973,0.03920697685989957,251.07867483899568,251.089199217035,251.13288448062934,120.19683777805218
3974,0.004478286734446071,251.11534856759275,251.11534856759275,251.1198268543272,120.0747094377247
3975,0.13482124143137356,251.12430604848157,252.1755152282808,252.39263346564937,121.30136051744093
3976,0.005400695725879771,251.14445573456734,251.14445573456734,251.14985643029323,120.0455917141112
3977,0.00613176075610723,251.1662712644596,251.1662712644596,251.17240302521571,120.03848219308479
3978,0.015762154950239922,251.19066667968002,251.19066667968002,251.20642883463026,120.0432156532958
3979,0.10981498890137084,251.1929565276301,251.22306639720057,251.33721896999876,120.15252185323234
3980,0.10655696409375166,251.23647219142222,251.33721896999876,251.52593199707732,120.34017369126515
3981,0.11138444502660289,251.3057763614249,251.67472580153787,251.78611024656448,120.49255594126633
3982,0.004337583896824399,251.3117376807398,251.3117376807398,251.31607526463662,120.12065937046631
3983,0.0921474544383191,251.36233068036987,251.58257834709954,251.67472580153787,120.38389168046523
3984,0.06191681336564726,251.37913822560353,251.37913822560353,251.44105503896918,120.14120199372022
3985,0.0052457027365071015,251.47738773975124,251.47738773975124,251.48263344248775,120.1725273803766
3986,0.014993546882647603,251.47830477787713,251.48263344248775,251.4976269893704,120.15430308193885
3987,0.056646350022232256,251.51589453917347,251.52593199707732,251.58257834709954,120.18496733782713
3988,0.006265225441196539,251.8779242066705,251.8779242066705,251.8841894321117,120.53028636389058
3989,0.026045816549632006,251.92810915921015,251.92810915921015,251.9541549757598,120.58024863386628
3990,0.03923328092105993,252.0635854821917,252.13628194735975,252.1755152282808,120.77917048485281
3991,0.028454810492153863,252.06573780454423,252.0774249138168,252.10587972430895,120.70943810226113
3992,0.030402223050793063,252.07900699536506,252.10587972430895,252.13628194735975,120.70980451528389
3993,0.18429836695471438,252.0893009454689,254.0279901558088,254.2308637069394,122.75683999315777
3994,0.0028794087131009966,252.1954564958961,252.1954564958961,252.19833590460922,120.74762644343
3995,0.06627021196530991,252.24265552611772,252.24265552611772,252.3220731133418,120.85023982386366
3996,0.013147375258753894,252.29424002726742,252.29424002726742,252.3073874025262,120.80156702777163
3997,0.010642728845788202,252.3879202734437,252.39263346564937,252.40327619449516,120.86802858407043
3998,0.08266076064172506,252.41226553459632,252.41226553459632,252.49492629523803,120.88531304970638
3999,0.008031219611902675,252.51890973990396,252.51890973990396,252.52694095951585,120.96871708851313
4000,0.12097133705181594,252.53040759143823,253.13222968569565,253.2659384752611,121.66310059935871
4001,0.006703167218134844,252.5640132558585,252.5640132558585,252.57071642307665,120.9990530175382
4002,0.020178750738631342,252.56921214202248,252.57071642307665,252.59089517381528,120.95937538223458
4003,0.11400411504699787,252.5826500562077,252.71375581516466,253.00470297534588,121.35551394021905
4004,0.027781869615794562,252.59907859790894,252.59907859790894,252.62686046752475,120.91008842558111
4005,0.1684559864668237,252.64181650407622,253.82271272954375,254.0041133031368,122.3094022044657
4006,0.019001938127243982,252.65006958907418,252.65006958907418,252.66907152720142,120.91669122504511
4007,0.003873112772403207,252.70373095085716,252.70373095085716,252.70760406362956,120.9014056921863
4008,0.04600395660621732,252.75339497831933,252.75339497831933,252.79939893492556,120.92665136718072
4009,0.048507820617088485,252.75711499169884,252.79939893492556,252.84790675554265,120.93625177109011
4010,0.062320361140095634,252.7807808864237,252.84790675554265,252.91246517787053,120.95944894343509
4011,0.0022380611877809062,252.86188794539925,252.86188794539925,252.86412600658701,120.90774836619119
4012,0.13112812018350994,252.88223910710033,253.34120334849538,253.69561328003945,121.60622855752983
4013,0.017872845583025952,252.91261263796486,252.91261263796486,252.93048548354787,120.83923403583971
4014,0.09357342156229095,253.00340016224254,253.00470297534588,253.09827639690818,120.9579777124255
4015,0.033953288787484714,253.07051545717857,253.09827639690818,253.13222968569565,120.96544526276705
4016,0.012737452513621813,253.16980132411712,253.16980132411712,253.18253877663074,120.99974884632418
4017,0.05553711165323855,253.22132691154405,253.2659384752611,253.34120334849538,121.08980125308061
4018,0.019727761581048924,253.27535911401034,253.27535911401034,253.29508687559138,121.0228784276814
4019,0.07747170036155455,253.35812074463396,253.35812074463396,253.48847036963005,121.12830299364585
4020,0.015362677278548939,253.3743434256476,253.3743434256476,253.38970610292614,121.0324276166173
4021,0.037515247356012006,253.38498628622915,253.38970610292614,253.42722135028214,121.04763404296894
4022,0.35142816723650383,253.4200065507885,259.5275476536613,270.4018454951857,137.99265348018315
4023,0.09293218636446772,253.4275129612011,253.48847036963005,253.58140255599452,121.07213212208559
4024,0.08963451545172207,253.61002583687076,253.69561328003945,253.7898818339746,121.35170380794699
4025,0.19917429799536188,253.6144473549001,254.75184391797998,255.0679282656808,122.5983285744503
4026,0.004634038483407794,253.69962824566502,253.69962824566502,253.70426228414843,121.21949525320913
4027,0.03283089556917202,253.77118967146762,253.7898818339746,253.82271272954375,121.30465294178794
4028,0.012944587126204797,253.8850553461486,253.8850553461486,253.8979999332748,121.3922889542714
4029,0.023876852672011922,253.99927638145311,254.0041133031368,254.0279901558088,121.4720964740088
4030,0.018575184175898384,254.05151319410942,254.05151319410942,254.0700883782853,121.50217585912881
4031,0.22939353475417174,254.1394899090512,255.50861800167942,255.90403182781526,123.22121204986321
4032,0.12204183570493778,254.198056814365,254.2308637069394,254.75184391797998,122.10078786848592
4033,0.02263020320758643,254.2424636872549,254.2424636872549,254.2650938904625,121.6674799149622
4034,0.036215632675689995,254.26147040930988,254.2650938904625,254.3013095231382,121.66395240908696
4035,0.0408231592491654,254.26856056666057,254.3013095231382,254.34213268238736,121.69063575316599
4036,0.05209978732855988,254.3766997419492,254.3766997419492,254.47010589299472,121.81973368107748
4037,0.014139085897635779,254.38168606999224,254.38168606999224,254.40479291587957,121.72887226674656
4038,0.008967759989706376,254.38186666501025,254.38186666501025,254.39083442499995,121.70863284471467
4039,0.05845973659063184,254.41203928204163,254.55339630228497,254.6118560388756,121.92182035407139
4040,0.018199517829623518,254.4194837857028,254.4194837857028,254.43768330353242,121.66560814841911
4041,0.03850230261178223,254.44018372765254,254.47010589299472,254.5086081956065,121.70477778788654
4042,0.044788106678451636,254.455055299964,254.5086081956065,254.55339630228497,121.73745019547802
4043,0.051564362438517135,254.60087638663376,254.6118560388756,254.67503119743813,121.891561263492
4044,0.0032150995566987617,254.61856480185736,254.61856480185736,254.62177990141407,121.80559976658706
4045,0.008395696567298069,254.6213115170623,254.62177990141407,254.63017559798138,121.80355319468714
4046,0.000937924714250472,254.67450666405819,254.67503119743813,254.6759691221524,121.81607987274778
4047,0.03618416855300247,254.8025599618992,254.8025599618992,254.8387441304522,121.89523458965688
4048,0.25196993348441654,254.9230050118163,257.5229709076873,257.86769610892713,124.90825841240407
4049,0.041125520853615295,254.92812460336992,254.92812460336992,254.96925012422355,122.01657793553542
4050,0.09033361006751546,254.94355659976708,255.1269087314511,255.26324943257023,122.25006818928958
4051,0.03960036029879986,254.98137687100825,254.98137687100825,255.02097723130706,121.97821109635463
4052,0.05898046577029803,255.04262266556182,255.0679282656808,255.1269087314511,121.98577325840178
4053,0.20696996790950417,255.08828374892806,255.26324943257023,255.50861800167942,122.2096106569491
4054,0.03104809129260351,255.13521799465047,255.13521799465047,255.16626608594308,122.05265233748955
4055,0.014958999759008997,255.1639114012372,255.16626608594308,255.1812250857021,122.02308053721384
4056,0.03821592865814915,255.2757108518453,255.2757108518453,255.31410945304498,122.11552880882732
4057,0.4234703822698587,255.28553553693516,271.32219670983966,273.55269591875265,140.32858650941256
4058,0.00018267254150629915,255.2913749627427,255.2913749627427,255.29155763528422,122.04565008687082
4059,0.012671959373659477,255.51306580388766,255.51306580388766,255.5257377632613,122.25379443223733
4060,0.09417240513097547,255.5860906556654,255.5860906556654,255.68026306079636,122.31545212506688
4061,0.054483934092813754,255.68763440029713,255.68763440029713,255.74211833438994,122.38783435562215
4062,0.0046919927842565936,255.7831259722455,255.7831259722455,255.78781796502975,122.44087968290776
4063,0.06839330686830328,255.9075052901403,255.9075052901403,255.9758985970086,122.60844276768808
4064,0.1130459162918468,255.923104028265,256.05081351499615,256.163859431288,122.693911115487
4065,0.0749149179875511,255.95164940276112,255.9758985970086,256.05081351499615,122.58574384490633
4066,0.10632406282558579,256.1929095439148,256.1929095439148,256.30688189517656,122.84095336930028
4067,0.0033621686265294624,256.1972669755568,256.1972669755568,256.2006291441833,122.79230230110056
4068,0.004286119809586455,256.2303428552582,256.2303428552582,256.2346289750678,122.81075220307737
4069,0.16452901543886564,256.3630101535692,256.51680883591814,256.92310087855685,123.36908900475206
4070,0.07102970155275133,256.58252074098147,256.58252074098147,256.6535504425342,123.04728114506659
4071,0.1294595017637691,256.5966581733949,256.92310087855685,257.0563592021992,123.36776811774405
4072,0.05737099532137667,256.6218692109292,256.6806281578241,256.7379991531455,123.09520515094461
4073,0.0270777152898983,256.64139876037297,256.6535504425342,256.6806281578241,122.95054380913176
4074,0.07573854473235221,256.7344189445037,256.7379991531455,256.81373769787785,123.06663303418883
4075,0.13804451413516391,256.8130124857553,257.0563592021992,257.3369826124859,123.50129804476053
4076,0.010546070303470757,256.83234294433834,256.83234294433834,256.8428890146418,123.00203489397738
4077,0.003788472091352261,256.985744323454,256.985744323454,256.98953279554536,123.12974531749676
4078,1.0349787205127575e-05,256.9931844135957,256.9931844135957,256.9931947633829,123.13374567420205
4079,0.04654697856434264,257.0706028601441,257.0706028601441,257.11714983870843,123.20502663260595
4080,0.021222135993749166,257.1183872492987,257.1183872492987,257.13960938529243,123.2212101960037
4081,0.012935666798819039,257.1557396615603,257.1557396615603,257.1686753283591,123.2086070711435
4082,0.1443337247854022,257.1823379125271,257.3369826124859,257.484973982055,123.51536989361243
4083,0.022722292147332627,257.2302351441229,257.2302351441229,257.2529574362702,123.23078514944878
4084,0.0391518226473253,257.2328844827496,257.2529574362702,257.29210925891755,123.23896043734094
4085,0.0036576447837376467,257.44255312730104,257.44255312730104,257.4462107720848,123.39836081839306
4086,0.037996925632291616,257.48261684568473,257.484973982055,257.5229709076873,123.43901476915666
4087,0.17891521559288492,257.62669667719257,258.46354583910454,259.5275476536613,125.26649010635367
4088,0.16576049657909953,257.6412702546543,257.86769610892713,258.244274350261,124.02888088000344
4089,0.030433626850562088,257.66324614189756,257.66324614189756,257.6936797687481,123.51322587197104
4090,0.04376475100837,257.72781002536664,257.72781002536664,257.771574776375,123.57406960961322
4091,0.018556889896474707,257.8154830128624,257.8154830128624,257.8340399027589,123.58657928468543
4092,0.036434447393219035,257.8910688126273,257.8910688126273,257.9431190169446,123.67302370008557
4093,0.015615756924070173,257.8910754599131,257.8910754599131,257.9066912168372,123.56456120918705
4094,0.03664031105989664,257.918497488252,257.9810476630195,258.0176879740794,123.55527527791193
4095,0.03518651020841336,257.93482358773497,257.9431190169446,257.9810476630195,123.51199975110208
4096,0.0027421358665322554,257.9739887383265,257.9739887383265,257.97673087419304,123.49016831543577
4097,0.000768831666335401,258.0324577039751,258.0324577039751,258.03322653564146,123.5114264412552
4098,0.013222881185930617,258.039675472409,258.039675472409,258.0528983535949,123.47641161351069
4099,0.029809682974216743,258.04229454584913,258.0528983535949,258.0827080365691,123.35731520362268
4100,0.040397187476162895,258.05039433207327,258.0827080365691,258.1231052240453,123.37877921495273
4101,0.1363595516046804,258.1760642682421,258.244274350261,258.46354583910454,123.60077527644972
4102,0.03724489197035025,258.2935367768115,258.2935367768115,258.33078166878187,123.53609369005324
4103,0.04566704526849752,258.3262560654016,258.33078166878187,258.37644871405035,123.52241011776512
4104,0.15223940816167422,258.4638695511706,258.4638695511706,258.70410061525723,123.69355423448268
4105,0.039841260207911414,258.55335154199184,258.55335154199184,258.5931928021998,123.62343763860679
4106,0.0771834741785158,258.57498240785895,258.76252552491525,258.84175386019945,123.84023251834275
4107,0.04757006334587878,258.58673786408525,258.5931928021998,258.64076286554564,123.61954891859779
4108,0.057607859656155745,258.6492284790697,258.70410061525723,258.76252552491525,123.69087481319355
4109,0.0005803323711553762,258.65141460533835,258.65141460533835,258.6519949377095,123.60432598012888
4110,0.000817050001861348,258.71822587081357,258.71822587081357,258.7190429208154,123.66362581667968
4111,0.1166619658870856,258.76835664631807,258.9106961699859,259.1406764890788,124.0407229870597
4112,0.002044861105668469,258.8036318857966,258.8036318857966,258.8056767469023,123.71326529206581
4113,0.051424809348668894,258.8046185099271,258.84175386019945,258.8931786695481,123.78079598276129
4114,0.017517500437791045,258.8856315157784,258.8931786695481,258.9106961699859,123.75889119775577
4115,0.010148669568634807,258.93578611464915,258.93578611464915,258.9459347842178,123.79226071491837
4116,0.008709952991681258,258.9559728402226,258.9559728402226,258.9646827932143,123.80682750502864
4117,0.033651848746212985,258.956322060034,258.9841403203444,259.0177921690906,123.82224784683532
4118,0.01945752713012306,258.96387951694953,258.9646827932143,258.9841403203444,123.79194557690542
4119,0.09271075137206601,258.9661929279704,259.23691175662185,259.3489561501345,124.13471980731558
4120,0.041350354769173266,258.98703830642285,259.0177921690906,259.0591425238598,123.79812049872841
4121,0.08234203674418882,259.1050820963845,259.1406764890788,259.223018525823,123.99479575201038
4122,0.013893230798839563,259.2153436980977,259.223018525823,259.23691175662185,123.99320779334978
4123,0.019333642140540435,259.3102240204676,259.3102240204676,259.3295576626082,124.07598395316239
4124,0.17098316232163194,259.52955329366307,259.52955329366307,259.7005364559847,124.41115651086297
4125,0.22884947152521912,259.54649686566785,262.4425815756457,262.8598092303731,127.59457863724685
4126,0.07167544980591731,259.67155964361893,259.7005364559847,259.82576960674186,124.50304608304157
4127,0.05355770095121213,259.7161231901395,259.7161231901395,259.76968089109073,124.43840190541218
4128,0.2053344501581624,259.73774368876195,259.82576960674186,260.2095408460556,124.85155180409762
4129,0.03848509991363687,259.8350756750272,259.8350756750272,259.87356077494087,124.4812651166757
4130,0.03792562879063324,259.89091329587393,259.89091329587393,259.9440054880287,124.51833504763938
4131,0.01516656336420102,259.8986492551427,259.8986492551427,259.91381581850686,124.40824281576062
4132,0.06124270617096732,259.94990899676094,259.94990899676094,260.0111517029319,124.48830266906278
4133,0.025616790916141795,259.9967139080727,260.0111517029319,260.03676849384806,124.42608006948909
4134,0.15996019198095476,260.0939187141909,260.74536116269127,261.5112945070969,125.77727967218145
4135,0.07671599495886788,260.1915417496836,260.2095408460556,260.28625684101445,124.64337665877274
4136,0.07284665235605385,260.21476338132527,260.4067383966154,260.4795850489715,124.73481930764972
4137,0.14223563551693905,260.2533890859257,260.5626714887183,260.7260058371531,124.95829614645393
4138,0.05668462307283078,260.2546460771305,260.33512839485087,260.4067383966154,124.56439455439704
4139,0.032511058516585575,260.27488098229117,260.28625684101445,260.31876789953105,124.41381979737368
4140,0.016360495319814324,260.31634422592396,260.31876789953105,260.33512839485087,124.38738510859068
4141,0.014925378691698705,260.36485562812413,260.36485562812413,260.37978100681585,124.40235332098415
4142,0.0830864397468238,260.44777492492705,260.4795850489715,260.5626714887183,124.50357880291116
4143,0.02109871291780451,260.60979960596217,260.60979960596217,260.63089831888,124.61652482393545
4144,0.019355325538187307,260.71486268189545,260.7260058371531,260.74536116269127,124.70566203730354
4145,0.12854851911043494,260.74644385713225,260.74644385713225,260.8749923762427,124.83269539319318
4146,0.10929163843886071,260.799846385803,260.9253394281106,261.0346310665494,124.85621865227026
4147,0.05034705186791124,260.85685621832675,260.8749923762427,260.9253394281106,124.79166400772921
4148,0.043389142700538834,261.0573026543317,261.0573026543317,261.10069179703225,124.93870567007848
4149,0.05396791189273491,261.0796523086789,261.10069179703225,261.1704547398847,124.97419500543154
4150,0.12303050369320412,261.1020811291284,261.25205809364604,261.37508859733924,125.13101996190792
4151,0.015795030959694575,261.13398687032185,261.13398687032185,261.14978190128153,124.91233459607128
4152,0.08160335376135198,261.15741003171365,261.1704547398847,261.25205809364604,124.9043515990596
4153,0.17391439115885957,261.31439806487504,261.5112945070969,261.7043477061547,125.41469964140121
4154,0.019138807898892985,261.59086518430354,261.59086518430354,261.61000399220245,125.2688584908095
4155,0.19093477266183753,261.67008712092144,261.7043477061547,262.21299561070776,125.82081534477874
4156,0.19137951063838785,261.68754853177904,262.21299561070776,262.4425815756457,125.88853009094929
4157,0.08434727106468258,261.760152022835,261.760152022835,261.8444992938997,125.34900218242431
4158,0.10893961966600468,261.84526648631913,261.84526648631913,261.985268740479,125.45759850950739
4159,0.03106263449385489,261.84688861440833,261.84688861440833,261.8779512489022,125.43714301611172
4160,0.23583928984297897,261.8624975464198,263.1045281387344,263.3741101623947,126.76396837745654
4161,0.044430733342271975,262.06558892885636,262.06558892885636,262.1100196621986,125.61600388246279
4162,0.04893287332444014,262.08075299687124,262.1100196621986,262.15895253552304,125.58175548043127
4163,0.03820645429954812,262.26055345188496,262.26055345188496,262.2987599061845,125.6855016753121
4164,0.007211408860569968,262.46303103600434,262.46303103600434,262.4702424448649,125.84336365391303
4165,0.27807073639450963,262.5114982962762,263.81437518485023,264.793076703335,128.04106187306
4166,0.0010266859023147694,262.53246782006124,262.53246782006124,262.5334945059636,125.81740053070324
4167,0.05354564670301505,262.56951514909724,262.56951514909724,262.62306079580026,125.8366140950478
4168,0.0547638090299921,262.61132920119906,262.62306079580026,262.6778246048302,125.86264512343529
4169,0.17894469175731811,262.6253930792187,262.9223295634821,263.1045281387344,126.21201785841463
4170,0.23903262996887353,262.6540155783967,263.3741101623947,263.81437518485023,126.88017396989771
4171,0.012898961279902435,262.6981099438286,262.6981099438286,262.71100890510854,125.85042652412037
4172,0.044337753939488474,262.74176483773437,262.74176483773437,262.78610259167385,125.88132669252842
4173,0.014593917486937872,262.8050491502554,262.8050491502554,262.81964306774233,125.9062027345186
4174,0.059020418855081455,262.8343595926334,262.863309144627,262.9223295634821,125.9355267854752
4175,0.003499914253893545,262.8563292281379,262.8598092303731,262.863309144627,125.88200045906116
4176,0.003253883494981616,263.0008856366157,263.0008856366157,263.0041395201107,126.02095266823581
4177,0.02804479758912142,263.16853257748005,263.16853257748005,263.1965773750692,126.21028323050706
4178,0.0056979362281410085,263.192047379429,263.1965773750692,263.20227531129734,126.18941805798988
4179,0.04897322606904367,263.43406094461716,263.43406094461716,263.4830341706862,126.39854541643908
4180,0.09357830961421731,263.47744611000707,263.4830341706862,263.5766124803004,126.35825571117799
4181,0.0585232821022017,263.6086862753024,263.6086862753024,263.6672095574046,126.45322538012623
4182,0.00015757470124972553,263.6833649974814,263.6833649974814,263.68352257218265,126.51981014230023
4183,0.04392475066743394,263.81555570848786,263.81555570848786,263.8594804591553,126.62780890618677
4184,0.002975106035629427,263.8701522977502,263.8701522977502,263.8731274037859,126.64901100046818
4185,0.1208229755408335,263.9222816576477,263.9222816576477,264.06327198728303,126.74897159252916
4186,0.020167354094501287,263.9647230684094,263.9647230684094,263.9848904225039,126.61415843846329
4187,0.04540613399961904,264.0230361820934,264.06327198728303,264.10867812128265,126.64949326660353
4188,0.08868298716552833,264.0677135569739,264.2575085771099,264.373151766271,126.8178040890355
4189,0.08565689478268221,264.1082215978499,264.10867812128265,264.24843937346986,126.74018168765399
4190,0.04076328303478616,264.1303367191171,264.1303367191171,264.1711000021519,126.5880939725559
4191,0.013341074369754406,264.1600520280117,264.1711000021519,264.18444107652164,126.57300537390633
4192,0.00906920364002171,264.2477355503016,264.24843937346986,264.2575085771099,126.63261763664732
4193,0.026960201995566053,264.28642565583385,264.28642565583385,264.3133858578294,126.65673576795501
4194,0.02733945054392561,264.38455018214825,264.38455018214825,264.4118896326922,126.73691339100566
4195,0.00414937013956049,264.41119979384933,264.4118896326922,264.4160390028317,126.72144997353622
4196,0.08920132467695922,264.44275723283727,264.44275723283727,264.5596168965263,126.80678060927677
4197,0.022054752607525794,264.48479849308296,264.48479849308296,264.5068532456905,126.77508719758778
4198,0.005603586404534188,264.50214565440643,264.5068532456905,264.51245683209504,126.7454511904343
4199,0.054512332391391305,264.6399617736933,264.6399617736933,264.69447410608467,126.85680155281423
4200,0.01900045410984108,264.867292592319,264.867292592319,264.8862930464289,127.07455805340848
4201,0.009793760724235077,264.91236908112455,264.91236908112455,264.9221628418488,127.1085448508263
4202,0.10620271355429693,264.93997608879516,264.93997608879516,265.1513790342593,127.30540119952184
4203,0.05626232831817678,264.9421803054276,264.9421803054276,265.04738053733746,127.10237705705097
4204,0.0489379035917129,264.9467268452981,264.9467268452981,264.9956647488898,127.02991307285303
4205,0.10761163512433128,265.0621643746845,265.1513790342593,265.3132490978751,127.30336453018658
4206,0.10784186369925429,265.1480615232636,265.42403850741397,265.5341919456304,127.52612252986664
4207,0.14335688011963596,265.1716123687791,265.66165475424367,265.8192583400671,127.68171769077077
4208,0.1274628086132424,265.179543228873,265.5341919456304,265.66165475424367,127.47747003681296
4209,0.054258428491416474,265.2037620177755,265.2037620177755,265.2580204462669,127.12313246974718
4210,0.033926180256640716,265.288970548972,265.3132490978751,265.3471752781317,127.1782080162805
4211,0.07686322928227003,265.29585242417323,265.3471752781317,265.42403850741397,127.2110807389881
4212,0.002311574517171977,265.5276722378432,265.5276722378432,265.5299838123604,127.28190186457553
4213,0.014246705703809858,265.68528235350846,265.68528235350846,265.69952905921224,127.4275328472143
4214,0.042295425951965455,265.826637378675,265.826637378675,265.868932804627,127.55573741066307
4215,0.17194469704708792,265.87536979455473,265.87536979455473,266.4312230081884,128.03667924548668
4216,0.06953452289154394,265.8774304427551,265.8774304427551,265.94696496564666,127.51629534915389
4217,0.5892855845394492,265.92208656094067,289.80340023004726,290.60053487622343,152.13882419868713
4218,0.030498361856535153,265.9806641429017,265.9806641429017,266.0111625047582,127.52567821369627
4219,0.025466329385812628,265.9935694308274,266.0111625047582,266.04743066218794,127.52740549474917
4220,0.010801828043912911,266.0178618781307,266.0178618781307,266.0286637061746,127.46125208452386
4221,0.06169179377625542,266.1087906329539,266.1087906329539,266.1704824267302,127.58518110463139
4222,0.03932834095109571,266.1390926434584,266.1704824267302,266.2108187217523,127.5921861088893
4223,0.11606522429391956,266.14102644352823,267.02059491859745,267.1366601428914,128.4966861525592
4224,0.05052331124030899,266.1538573766643,266.2108187217523,266.26134203299256,127.5952325706646
4225,0.07125055260020817,266.1619194458851,266.26134203299256,266.33259258559275,127.55732066060988
4226,0.0010079540710055635,266.17259231687996,266.17259231687996,266.17360027095094,127.45656102559883
4227,0.07842719064851653,266.1811881081741,266.4312230081884,266.50965019883694,127.708728777014
4228,0.0927387426747845,266.2425237334292,266.50965019883694,266.6252308550898,127.85660543901308
4229,0.02380552176991485,266.35571368036676,266.35571368036676,266.3795192021367,127.58264547631802
4230,0.1567989730248172,266.37919826179365,267.58505852930057,267.98054801181587,129.09623808222744
4231,0.02282700189889346,266.5145220119983,266.5145220119983,266.5373490138972,127.71439624308535
4232,1.491167917160012e-05,266.59758178821556,266.59758178821556,266.5975966998947,127.79534550123789
4233,0.10026268557652977,266.6112633879016,266.65329920020986,266.90933040488585,128.01764087159893
4234,0.02806834512004238,266.6139756645149,266.6252308550898,266.65329920020986,127.81691043040536
4235,0.03040119794105472,266.6697224917096,266.6697224917096,266.70012368965064,127.85137842710735
4236,0.04799860744993386,266.68609261742347,266.70012368965064,266.74812229710056,127.91217005972457
4237,0.11126451371159904,266.73140321608435,266.90933040488585,267.02059491859745,128.01647555374672
4238,0.07277671021509582,266.7475370315729,266.74812229710056,266.82549101080906,127.85596663824505
4239,0.1584230191179397,266.80950677477216,267.98054801181587,268.2207025496952,129.23925069668368
4240,0.004592003493355584,266.81131078774007,266.81131078774007,266.81590279123344,127.77616207397723
4241,0.19358624241106376,267.0527002616603,269.04132224364076,269.4247772364252,130.21779331031456
4242,0.06780670002236916,267.0954549883103,267.1366601428914,267.2205705528814,128.1226985692076
4243,0.09523063601663173,267.10725527530076,267.2205705528814,267.31580118889804,128.21949408682406
4244,0.01610370996766086,267.17044022591784,267.17044022591784,267.1865439358855,128.07519607746522
4245,0.09459108759396491,267.2238584360892,267.3284149417159,267.42704170705457,128.24711419526477
4246,0.10186360693371052,267.2752435473706,267.42704170705457,267.58505852930057,128.4010640957873
4247,0.012613752817830176,267.3127528941989,267.31580118889804,267.3284149417159,128.17464493900735
4248,0.004035677744679969,267.3514066543989,267.3514066543989,267.3554423321436,128.19843118071168
4249,0.03560910545280061,267.4333347452492,267.4333347452492,267.46894385070203,128.2691457340033
4250,0.0045945731401412756,267.5025743886456,267.5025743886456,267.50716896178574,128.31022986581792
4251,0.015949536719374855,267.50303457845973,267.50716896178574,267.5231184985051,128.30792479483418
4252,0.05719337262150517,267.5858605140149,267.5858605140149,267.7283578790913,128.49770454245103
4253,0.05612816158618974,267.58615864810645,267.58615864810645,267.65316096595484,128.3892426841072
4254,0.010874156262193123,267.5879235331518,267.5879235331518,267.598797689414,128.33270228161402
4255,0.018301674606517982,267.6617502966794,267.6617502966794,267.6800519712859,128.40424622173884
4256,0.09496844101258385,267.7049080132217,267.7283578790913,267.8233263201039,128.45820303233043
4257,0.0012247034014551206,267.8924671517433,267.8924671517433,267.89369185514477,128.614400095691
4258,0.19621194061548233,267.98846194646165,269.4247772364252,270.09257928801225,130.66987699155473
4259,0.04216796018684554,268.0835660332248,268.0835660332248,268.1257339934117,128.7398049205427
4260,0.01308679908582065,268.1302591706555,268.1302591706555,268.14334596974135,128.7713108612127
4261,0.026476759488682736,268.13912568665086,268.14334596974135,268.16982272923,128.76373625406546
4262,0.08729576049182458,268.2062661959746,268.2207025496952,268.30799831018703,128.88001811060158
4263,0.0856088393583745,268.28550479264993,268.30799831018703,268.40084564164505,128.90012100614877
4264,0.10459853882729082,268.3002796755191,268.40084564164505,268.6783538723533,129.18291811436347
4265,0.0072384920996399656,268.3416707526147,268.3416707526147,268.3489092447143,128.86267762763234
4266,0.016792566941157876,268.4390939194076,268.4390939194076,268.4607241297117,128.964166653021
4267,0.0048376433629676125,268.4452991726178,268.4452991726178,268.4501368159808,128.94753819684865
4268,0.04999610403190961,268.46168384969246,268.46168384969246,268.51167995372435,128.97658002223523
4269,0.06770001798266126,268.5027275131912,268.72097300745645,268.7886730254391,129.0789880443869
4270,0.043931199795476876,268.52372136953505,268.52372136953505,268.5676525693305,128.8255893167466
4271,0.08119123366367365,268.5473681711282,268.95066173364273,269.04132224364076,129.2712258691739
4272,0.07510580593940683,268.58240714160576,268.7886730254391,268.8819261599406,129.0773477535938
4273,0.023731517305318778,268.591046996141,268.591046996141,268.6147785134463,128.799173262361
4274,0.027110602132001,268.5936699606779,268.6147785134463,268.6483991738905,128.76681163618198
4275,0.0065100583122098925,268.6313647327841,268.6313647327841,268.6378747910963,128.72475762022268
4276,0.04261913510314949,268.6616497517892,268.6783538723533,268.72097300745645,128.77120002653785
4277,0.018147328562072497,268.8140005111639,268.8140005111639,268.83214783972596,128.78049533892113
4278,0.06873557370215448,268.8483381082189,268.8819261599406,268.95066173364273,128.81094689477627
4279,0.0012785276343455654,268.9803110904927,268.9803110904927,268.98158961812703,128.8956792248323
4280,0.008190748700055032,269.02269935197666,269.02269935197666,269.0308901006767,128.93628892913972
4281,0.08936074583474811,269.0903694330249,269.0903694330249,269.18436752602804,129.03238196917604
4282,0.004637347168372687,269.1365588817558,269.1365588817558,269.1411962289242,128.98703571511086
4283,0.0291655980630447,269.17551057077424,269.18436752602804,269.2135331240911,129.0350757435707
4284,0.03435957617116283,269.19434918938424,269.2135331240911,269.24789270026224,129.0372114611224
4285,0.03234548313597621,269.24920495739894,269.24920495739894,269.28155044053494,129.0550683091133
4286,0.002499576554707185,269.4253992272137,269.4253992272137,269.4278988037684,129.14286463192076
4287,0.04462246722427593,269.4810927076879,269.4810927076879,269.5452147632539,129.21759280157937
4288,0.017264682247585962,269.49372418478526,269.49372418478526,269.51098886703284,129.17121616890503
4289,0.11269356846813539,269.52528134087083,269.5452147632539,269.65790833172207,129.25900790896912
4290,0.0022349060941961947,269.5373123639187,269.5373123639187,269.5395472700129,129.18438212247978
4291,0.07776231946804416,269.5929402354447,269.65790833172207,269.7874722080715,129.42555794253164
4292,0.05180155688139147,269.67570755092083,269.67570755092083,269.72750910780223,129.29318032433142
4293,0.05958059069265166,269.78650234032636,269.7874722080715,269.85768555179607,129.43265398109398
4294,0.010632753031913876,269.8197113997898,269.8197113997898,269.83034415282174,129.3587735519282
4295,0.09249769030869803,269.83591922165294,269.85768555179607,269.95018324210474,129.37655307337113
4296,0.0030419734264953793,270.11431019192304,270.11431019192304,270.11735216534953,129.6109429839579
4297,0.06264438631799896,270.1284753565148,270.1284753565148,270.1911197428328,129.65989874268467
4298,0.18913319051735847,270.1675047923612,270.6387477531261,270.88905561387554,130.3015012018719
4299,0.026078519355927417,270.25221592605476,270.25221592605476,270.27829444541067,129.59683701471076
4300,0.106134332708763,270.3992476426998,270.4018454951857,270.53089412000605,129.84456099412873
4301,0.022914292111600586,270.40194876983793,270.40194876983793,270.4248630619495,129.70978262453983
4302,0.08871417741835914,270.52672820485867,270.53089412000605,270.6387477531261,129.89909780639354
4303,0.019139455701686195,270.5879452367354,270.5879452367354,270.60708469243707,129.85623520059903
4304,0.2547029781256723,270.5890504180106,270.88905561387554,271.32219670983966,130.4294750845939
4305,0.0383737416904542,270.7822171375746,270.7822171375746,270.8433918078067,129.94942994895146
4306,0.02280092854162912,270.7952122603265,270.7952122603265,270.8180131888681,129.9084855627397
4307,0.05363242588179776,270.8997938196695,270.8997938196695,270.9534262455513,129.9575878405689
4308,0.021244994522385336,271.01002042143,271.01002042143,271.03126541595236,130.0061693850861
4309,0.03512825995341597,271.15644555875974,271.15644555875974,271.19157381871315,130.1568577951949
4310,0.049766906543633485,271.18488001681555,271.19157381871315,271.25288023029304,130.15844399606624
4311,0.007776609456112379,271.2012140612931,271.2012140612931,271.20899067074924,130.09111233889897
4312,0.0037628955800862733,271.241701596762,271.241701596762,271.24546449234214,130.10744296864158
4313,0.00712602590097062,271.27750037375614,271.27750037375614,271.2846263996571,130.1338762496365
4314,0.011714696428266266,271.3325339936197,271.3325339936197,271.34424869004795,130.19067179480643
4315,0.021532377835883184,271.33987020148754,271.34424869004795,271.36578106788386,130.18246838767502
4316,0.09527499738296645,271.41320012029786,271.41320012029786,271.5084751176808,130.30384374579006
4317,0.17812538109738954,271.46421788421463,271.76075093488834,271.959361152445,130.74665281562866
4318,0.14141591195318098,271.49102274292966,271.5084751176808,271.66906681736594,130.43541658608706
4319,0.000744388947883321,271.57957101716903,271.57957101716903,271.58031540611694,130.34921491814376
4320,0.018431398784045937,271.5944519019456,271.5944519019456,271.61288330072966,130.34552141041803
4321,0.059862174487302064,271.60128436778047,271.700888760401,271.76075093488834,130.42658079655087
4322,0.03182194303508509,271.65406717802085,271.66906681736594,271.700888760401,130.3785465012098
4323,0.02048483645927126,271.84802942413705,271.84802942413705,271.8685142605963,130.50846748840252
4324,0.1511424569788939,271.925570390984,272.2164095431141,272.4790672039604,131.0874083948273
4325,0.11972974630142807,271.9518906916481,271.959361152445,272.10567273221335,130.69932807440617
4326,0.02509392852421535,272.05017915677325,272.05017915677325,272.07527308529745,130.62760696583493
4327,0.029478831590301548,272.0515722934677,272.10567273221335,272.1351515638037,130.59818539588312
4328,0.001487904942723564,272.0876514401895,272.0876514401895,272.08913934513225,130.49527547924225
4329,0.03421887743859147,272.1151797873925,272.1821906656755,272.2164095431141,130.48769783538427
4330,0.031654152199725144,272.13056756799523,272.15053651347574,272.1821906656755,130.4149812250158
4331,0.01538494967204838,272.13142782448557,272.1351515638037,272.15053651347574,130.1517008023136
4332,0.0023858988776766263,272.2722117665394,272.2722117665394,272.27459766541705,130.27935371750962
4333,0.06938166720979463,272.2782679557066,272.2782679557066,272.3476496229164,130.2480372817318
4334,0.039747637780000504,272.3952255752808,272.3952255752808,272.4349732130608,130.35295455221757
4335,0.4521732588977985,272.469865579009,288.5166709548083,289.54837876031706,147.46576394440348
4336,0.07171839928983327,272.579625305623,272.579625305623,272.67873379477516,130.5709356393278
4337,0.019464642028115327,272.5985649292303,272.5985649292303,272.61802957125843,130.49397243363586
4338,0.007925447834199356,272.61420057812774,272.61802957125843,272.62595501909266,130.49426993305636
4339,0.015265853944431373,272.72734943568275,272.72734943568275,272.74261528962717,130.5763977803684
4340,0.04387347565582178,272.731099820227,272.74261528962717,272.78648876528297,130.5167446003538
4341,0.04918802740078902,272.7459935992162,272.8178577323669,272.86704575976773,130.54400218432943
4342,0.12644932670216133,272.75548846398755,272.86704575976773,272.9934950864699,130.64662201584918
4343,0.03136896708395607,272.7802992188554,272.78648876528297,272.8178577323669,130.45834980886278
4344,0.18077461682139123,272.87300930473657,273.09254459313075,273.32451428808406,130.89685913116705
4345,0.07028891864524962,272.9588987675339,272.9934950864699,273.09254459313075,130.68772955412115
4346,0.022246498701654713,273.03222647472757,273.03222647472757,273.06098706274315,130.65638172004816
4347,0.0065140893139254506,273.04311509343387,273.04311509343387,273.0496291827478,130.6207023954655
4348,0.3103626670996917,273.0476277264502,273.55269591875265,274.9371261023322,132.43108575372867
4349,0.051195078131899274,273.1847346277021,273.1847346277021,273.235929705834,130.70084107546447
4350,0.01114020783951683,273.3927016013248,273.3927016013248,273.4038418091643,130.9075545828888
4351,0.0005011193234187888,273.54528415355657,273.54528415355657,273.54578527288,131.05959102031116
4352,0.015172265902026303,273.56125024808074,273.56125024808074,273.5764225139828,131.0599311271563
4353,0.13013047355574164,273.5637209202368,273.5764225139828,273.76347729682084,131.15186977322844
4354,0.03744177265446307,273.615205986585,273.615205986585,273.65264775923947,131.11566265070326
4355,0.019482536627841694,273.6382439770487,273.65264775923947,273.6721302958673,131.11609271486762
4356,0.017078871076669735,273.86518534155294,273.86518534155294,273.8822642126296,131.32240046600765
4357,0.09775609844036723,273.97265204875293,273.97265204875293,274.1379504450167,131.55124212510347
4358,0.03869982880925582,274.00739013606284,274.00739013606284,274.0470646478163,131.45247662426613
4359,0.0009746829442154887,274.0077217337979,274.0077217337979,274.0086964167421,131.38720314706302
4360,0.027867786069954468,274.0198199973591,274.0470646478163,274.07493243388626,131.38160303455655
4361,0.10638229549285148,274.1045520904443,274.1379504450167,274.2763880616278,131.56660740117565
4362,0.08271253003279845,274.16182163028014,274.35622231083715,274.52420151762175,131.73336456324196
4363,0.09977005472203924,274.1627556607542,274.6214245439226,274.7211945986447,131.90033705982773
4364,0.07983424920936058,274.1765778961591,274.2763880616278,274.35622231083715,131.56665547439255
4365,0.020663361161194098,274.18296565916825,274.18296565916825,274.2150209802865,131.39229968531723
4366,0.01139195995704309,274.1872899747801,274.1872899747801,274.1986819347371,131.36153832012167
4367,0.0844983556243327,274.2523174785433,274.52420151762175,274.6214245439226,131.74093523409624
4368,0.13269844678337747,274.31673868085113,274.9371261023322,275.06982454911554,132.16451985441438
4369,0.024633444391213035,274.3602398904302,274.3602398904302,274.3848733348214,131.5166418504762
4370,0.014132785049159057,274.37693525997656,274.3848733348214,274.3990061198706,131.51327394970414
4371,0.023569727664979133,274.3820813418926,274.3990061198706,274.4225758475356,131.5429771892685
4372,0.022699921057802743,274.41584415892623,274.4225758475356,274.445506567182,131.5385059658748
4373,0.10154181700142595,274.42612174830856,274.7211945986447,274.8227364156461,131.88282729450802
4374,0.0002307985886204983,274.44431163508426,274.44431163508426,274.4445424336729,131.49181645616832
4375,0.012724670676558346,274.5820194573335,274.5820194573335,274.59474412801006,131.61477246370433
4376,0.16462663338757685,274.80284001531436,275.06982454911554,275.5631987614425,132.55339435886407
4377,0.004677229769922908,274.88081138689626,274.88081138689626,274.8854886166662,131.87687499320353
4378,0.23905751611911877,275.02887136810267,275.60471035347047,276.7454748606832,133.64531345369056
4379,0.020416278714540183,275.09397302305445,275.09397302305445,275.114389301769,132.01638852643617
4380,0.04561678256844717,275.13192679959775,275.13192679959775,275.1775435821662,132.05078947692027
4381,0.11402515076160515,275.16290126296934,275.1775435821662,275.29156873292783,132.01449130818074
4382,0.09437039458507201,275.2956775754279,275.2956775754279,275.390047970013,132.12449809343784
4383,0.04750789797052738,275.4035377739633,275.4035377739633,275.45785674627297,132.23523780953008
4384,0.0068110743391137565,275.40793976263956,275.40793976263956,275.41475083697867,132.22495397464115
4385,0.04151159202799391,275.543835960683,275.5631987614425,275.60471035347047,132.34020709908634
4386,0.06679256213539926,275.63823572832297,275.63823572832297,275.70502829045836,132.44812934487723
4387,0.06417010483818113,275.67741418652594,275.70502829045836,275.77660842978975,132.49917852599913
4388,0.11127927653633769,275.7126772169325,275.77660842978975,275.8955569086947,132.58409456256334
4389,0.007410034493186033,275.7297973884485,275.7297973884485,275.7372074229417,132.37342202284395
4390,0.007669202368614556,275.8636010587763,275.8636010587763,275.8712702611449,132.49277751271984
4391,0.03146759060487248,275.88732636585894,275.8955569086947,275.92702449929953,132.51400995704978
4392,0.10134097180113531,275.951065586879,275.951065586879,276.0794156582708,132.67384396646375
4393,0.020839350175038168,275.9912948136121,275.9912948136121,276.01213416378715,132.59041693541207
4394,0.006169749415656876,276.0231072654595,276.0231072654595,276.02927701487516,132.59257075171556
4395,0.06661230657002949,276.0242302118393,276.0895195199731,276.1561318265432,132.64748848157288
4396,0.0813045933691567,276.04496771711604,276.1561318265432,276.23743641991234,132.70027676280546
4397,0.010103861702291248,276.0702075321893,276.0794156582708,276.0895195199731,132.53580384641364
4398,0.17333778611121453,276.21340467883255,276.23743641991234,276.45425781470135,132.80384110547718
4399,0.03820245700703665,276.3159376093178,276.3159376093178,276.3594212179956,132.7368229294979
4400,0.005281151670709282,276.32477005329656,276.32477005329656,276.3300512049673,132.71568347942457
4401,0.01303448793299149,276.49124662081624,276.49124662081624,276.50428110874924,132.87447335285324
4402,0.06476514478767034,276.52156791331197,276.52156791331197,276.61825941767364,132.95965730017468
4403,0.03192635957403201,276.5500169243164,276.5500169243164,276.58194328389044,132.92407314955537
4404,0.2137518541820377,276.6946654583796,276.7454748606832,277.15402401777897,133.50442994943222
4405,0.10611270948803493,276.7541504354716,276.7541504354716,276.9404004206493,133.2024762375256
4406,0.08013727568965666,276.7673067842857,276.7673067842857,276.8474440599754,133.09323224868342
4407,0.12741407962306087,277.07565792369417,277.1900859148495,277.31749999447254,133.47328625580616
4408,0.16042433140573,277.100932634917,277.8410062750654,278.4352510631878,134.49874904361985
4409,0.008547317736038567,277.10161399452784,277.10161399452784,277.11016131226387,133.18583203310286
4410,0.036061897070486494,277.14193903919096,277.15402401777897,277.1900859148495,133.22156298519812
4411,0.10917757413650195,277.2235549838572,277.40523566868364,277.52250307232526,133.5216482510329
4412,0.0877356742110926,277.2973018415434,277.31749999447254,277.40523566868364,133.27717898461634
4413,0.008089829505155695,277.4306529273301,277.4306529273301,277.4387427568352,133.35403716280948
4414,0.12539663750180616,277.44551607423955,277.59358821185964,277.8410062750654,133.72871074255602
4415,0.07108513953438343,277.472193426518,277.52250307232526,277.59358821185964,133.42516618860063
4416,0.058436728793459285,277.64898876181655,277.64898876181655,277.70742549061004,133.58791663525966
4417,0.04798098295235329,277.68574154594455,277.70742549061004,277.7554064735624,133.59797169712965
4418,0.007136408638291019,277.7962541620668,277.7962541620668,277.8033905707051,133.67702144125218
4419,0.008467305319821641,277.8032065019415,277.8033905707051,277.81185787602493,133.67424839902435
4420,0.1612011288521107,277.84178942537096,278.5766973467538,278.7460338958818,134.52907721145507
4421,0.00024024220167919778,277.8714649828739,277.8714649828739,277.8717052250756,133.68872127999526
4422,0.04588585840160446,277.89102198689216,277.89102198689216,277.9369078452938,133.71606379617992
4423,0.04739647222606754,277.89521754234187,277.9369078452938,277.9945199904837,133.7738754244051
4424,0.08454425742580034,277.89596709705853,278.2400579439813,278.3246022014071,133.98687193136428
4425,0.07170749763043142,277.91360625857,278.09325584294754,278.16496334057797,133.74640905037066
4426,0.06475989989995967,277.95598361789246,278.0284959430476,278.09325584294754,133.7002953627006
4427,0.03397595256388022,277.9631383092672,277.9945199904837,278.0284959430476,133.5516934807319
4428,0.010215672963878106,277.96716043647154,277.96716043647154,277.9773761094354,133.49341461920682
4429,0.1807112605183564,278.0372829038118,278.7460338958818,278.92674515640016,134.40959847693807
4430,0.0750946034033337,278.0657528434867,278.16496334057797,278.2400579439813,133.64507496680002
4431,0.12341183997499877,278.09508623489114,278.4352510631878,278.5766973467538,133.9598307741639
4432,0.3135336580678798,278.4069538437598,284.6494993655127,286.8221290477797,142.17228167840727
4433,0.018034443590971963,278.5350993038359,278.5350993038359,278.5531337474269,133.90145093307885
4434,0.1840398482910547,278.56932954112625,280.2228377617504,280.53038880607835,135.80910130235188
4435,0.0017273321613555399,278.64823494158077,278.64823494158077,278.6499622737421,133.93822808882067
4436,0.006408088114541929,278.67695072410305,278.67695072410305,278.6833588122176,133.94745217502742
4437,0.1518914670198403,278.85884618999006,279.1056357295124,279.25903341423725,134.48095018606966
4438,0.05352883559684456,278.88500612415834,278.92674515640016,278.9811670038905,134.23621757711282
4439,0.08352196635268175,278.92036352161006,279.0221137631597,279.1056357295124,134.28522875394017
4440,0.0008930118934795627,278.9365242735897,278.9365242735897,278.9374172854832,134.16649224032508
4441,0.040946759269196886,278.9730362417392,278.9811670038905,279.0221137631597,134.19424819193603
4442,0.2096391345753546,278.9813213785487,280.53038880607835,281.91589058645116,137.04448469426498
4443,0.09622976624119357,279.1635458709728,279.25903341423725,279.35526318047846,134.44777314640996
4444,0.1232399054583631,279.18714166697106,279.6647490633149,279.7879889687733,134.8863755352587
4445,0.0015062177049874443,279.2129823166646,279.2129823166646,279.2144885343696,134.26546710329822
4446,0.08874345769609611,279.32948379345237,279.35526318047846,279.54758169533426,134.53979086419096
4447,0.06543022087925217,279.370771605832,279.370771605832,279.4362018267112,134.38860723540424
4448,0.03814483628047031,279.4067496984677,279.4362018267112,279.4743466629917,134.39359906825138
4449,0.09068736112711542,279.5138030907493,279.54758169533426,279.6647490633149,134.50275807421423
4450,0.026480006853541894,279.56530167248604,279.56530167248604,279.5917816793396,134.44888063016822
4451,0.0831914283651173,279.73259944651585,279.7879889687733,279.8932820838995,134.72861919135357
4452,0.13407444844255392,279.78065571150256,279.8932820838995,280.0662151697802,134.86093872560733
4453,0.011985825713949884,279.8089590970466,279.8089590970466,279.8209449227606,134.65397272929408
4454,0.15662259197019487,279.86144793589517,280.0662151697802,280.2228377617504,134.83589359184631
4455,0.01011586104717354,279.8701800433067,279.8701800433067,279.88029590435383,134.59748695142693
4456,0.023859849926642942,279.95641306904076,279.95641306904076,279.9802729189674,134.65823098915715
4457,0.014998787511504214,279.99775471966615,279.99775471966615,280.01275350717765,134.51487525247708
4458,0.010646612024850118,280.2538493895508,280.2538493895508,280.26449600157565,134.76910650881507
4459,0.07227213899048193,280.2580575783477,280.26449600157565,280.3723225192332,134.82495164136878
4460,0.035554378667089125,280.28810311630735,280.28810311630735,280.32365749497444,134.75225653995233
4461,0.005038066354529522,280.4717055320654,280.4717055320654,280.47674359841994,134.8933362517904
4462,0.14282227285543883,280.5632846236699,280.5632846236699,280.71269940760044,135.0515625771825
4463,0.2270626924871925,280.5718949164462,283.6146512931458,283.841713985633,138.16733202183232
4464,0.006592511075117693,280.6338809801752,280.6338809801752,280.6404734912503,134.97944612869804
4465,0.11736181835126995,280.6527601638549,280.71269940760044,280.92278924816327,135.25733004443956
4466,0.05564306061662129,280.72776391863096,280.72776391863096,280.78340697924756,135.08644195850658
4467,0.037084961595010665,280.76577430369366,280.78340697924756,280.82049194084254,135.10148855475185
4468,0.02621376337173646,280.91591200072764,280.93106452244723,280.957278285819,135.23859843338676
4469,0.008275274283983657,280.9192114602362,280.92278924816327,280.93106452244723,135.21298788144816
4470,0.06809251941603973,280.9714769325017,280.9714769325017,281.0656866822912,135.28493593805635
4471,0.02611723037345053,280.9832519045621,280.9832519045621,281.0093691349356,135.2552049300224
4472,0.027944339880945336,281.0837282482397,281.0837282482397,281.11167258812065,135.34711245325857
4473,0.05410167923246605,281.09233440807617,281.11167258812065,281.16577426735313,135.33928934674
4474,0.05639795418613898,281.14013355295674,281.16577426735313,281.22217222153927,135.37183068462497
4475,0.05590963426702917,281.17733348441,281.22217222153927,281.2780818558063,135.43186584495368
4476,0.05376509929881007,281.24833649355924,281.2780818558063,281.3318469551051,135.46582958592458
4477,0.09841256042183752,281.2851138524967,281.3318469551051,281.5262452065768,135.58017002419064
4478,0.06178460058401598,281.3364101061928,281.3364101061928,281.3981947067768,135.45494903245384
4479,0.1400274379199914,281.3364478346701,281.5262452065768,281.7713874820986,135.77009883758743
4480,0.01796561683220044,281.40347101679663,281.40347101679663,281.42143663362884,135.4073441935815
4481,0.016235473633602178,281.4396874062749,281.4396874062749,281.45592287990854,135.4301175982569
4482,0.03545136299557662,281.5413940109061,281.5413940109061,281.5768453739017,135.5107294704139
4483,0.037063353254851716,281.6216569451092,281.6216569451092,281.658720298364,135.5137766648104
4484,0.005758216423889388,281.67136258812434,281.67136258812434,281.6771208045482,135.50913998506837
4485,0.01884810750386278,281.6846631166635,281.6846631166635,281.71150502159105,135.51658785054792
4486,0.00799379742370421,281.69495100509545,281.69495100509545,281.70294480251914,135.48044542551153
4487,0.0946458358599175,281.844336797567,281.9851105271268,282.0797563629867,135.8464639999153
4488,0.06921994067563074,281.882264873578,281.91589058645116,281.9851105271268,135.702015223954
4489,0.11715505212061457,281.9374573200014,282.10340486620134,282.2981236951692,136.05168882994735
4490,0.02364850321461848,282.07108536954786,282.0797563629867,282.10340486620134,135.78828634242532
4491,0.07223963256509129,282.1301797237392,282.1301797237392,282.2024193563043,135.8010723545547
4492,0.04376825192931798,282.2499575728276,282.31917338469646,282.36294163662575,135.94639274436545
4493,0.005324144282179782,282.2735118678071,282.2735118678071,282.27883601208924,135.89996116977449
4494,0.12139332713258522,282.27549035441575,282.36294163662575,282.51075036484156,136.11347740316094
4495,0.021049689527262636,282.2873496246803,282.2981236951692,282.31917338469646,135.88965670105202
4496,0.003644504476925705,282.400671193481,282.400671193481,282.40431569795794,135.89908071112754
4497,0.18862380350164243,282.43568278842025,282.56474557049665,283.58824128590686,137.05473460760868
4498,0.053995205655088335,282.445445085322,282.51075036484156,282.56474557049665,135.98338842394753
4499,0.021813252087767583,282.44696220157033,282.44696220157033,282.4687754536581,135.90076159559752
4500,0.0009576445185057675,282.5082015770383,282.5082015770383,282.5091592215568,135.94991434416912
4501,0.11253276677234662,282.5866172364933,282.5866172364933,282.69915000326563,136.0500003766997
4502,0.15231859354205032,282.6365772989988,282.69915000326563,282.8514685968077,136.21049045416262
4503,0.10971746014061164,282.76489312073284,283.23092575623565,283.3928970526103,136.72816502592525
4504,0.05760494979363546,282.8321793581326,282.8514685968077,282.92099356439866,136.25586353061604
4505,0.06052744745191478,282.8646293328827,282.92099356439866,282.9815210118506,136.1917885998166
4506,0.01192001779733037,282.8663617322357,282.8663617322357,282.878281750033,136.12567660790623
4507,0.10403625261054492,282.91529321300527,282.9815210118506,283.08555726446116,136.3168125009566
4508,0.053030454133410156,283.06843688921856,283.12455541438163,283.17758586851505,136.3820092829683
4509,0.03899814992049325,283.0776598625673,283.08555726446116,283.12455541438163,136.2216698461206
4510,0.04305361835444883,283.1587859742979,283.17758586851505,283.23092575623565,136.33623553247756
4511,0.010286269366158927,283.2079201064438,283.2079201064438,283.2182063758099,136.3127641386225
4512,0.002297356736655163,283.2459920423866,283.2459920423866,283.2482893991233,136.34612804094377
4513,0.02780010117981886,283.25018459785446,283.25018459785446,283.2779846990343,136.34505963854065
4514,0.02215637831754117,283.3232246198851,283.3232246198851,283.34538099820264,136.41060965608418
4515,0.011096710788926671,283.38413447910193,283.3928970526103,283.4039937633992,136.47549670523105
4516,0.012382251298990161,283.40358917964755,283.4039937633992,283.42148914840186,136.47283967528992
4517,0.005113133703603535,283.40771183220585,283.40771183220585,283.41282496590946,136.39491325525853
4518,0.02641000723892967,283.57489391424247,283.58824128590686,283.6146512931458,136.52171354707426
4519,0.10058404310465574,283.7590418035147,283.88374902488295,284.02527543143594,136.9422341901818
4520,0.0420350392499272,283.8080882778287,283.841713985633,283.88374902488295,136.7920070848318
4521,0.12408083787005507,283.8617667264581,284.09565001801536,284.2197308558854,137.0810294402697
4522,0.040942363448341366,283.8960674116028,283.8960674116028,283.93700977505114,136.78412103790657
4523,0.0399342859527206,284.0098009655426,284.02527543143594,284.09565001801536,136.94464635917308
4524,0.0164666989361111,284.03124064847486,284.03124064847486,284.04770734741095,136.8700701549759
4525,0.013973601690599961,284.03989864580006,284.04770734741095,284.06168094910157,136.8651401334141
4526,0.09729845702006047,284.15761799479657,284.2197308558854,284.3402388568342,137.12079505686768
4527,0.14785903331088304,284.2367543605704,284.3402388568342,284.5077754821291,137.2579826224511
4528,0.018142876702222088,284.24835509313505,284.24835509313505,284.26649796983725,137.03911956007028
4529,0.005066667226535665,284.30508391331205,284.30508391331205,284.31015058053856,137.07281237158915
4530,0.11958280067060287,284.408799685798,284.5077754821291,284.6494993655127,137.2591605505904
4531,0.019677591983965244,284.4307349860426,284.4307349860426,284.45041257802654,137.15284905666883
4532,0.022141082713025607,284.51271704187195,284.51271704187195,284.53485812458496,137.19908530976605
4533,0.09439118084915257,284.6511071854207,284.6511071854207,284.76047457512817,137.38408576968038
4534,0.10868972965476739,284.6758607710193,284.76047457512817,284.89227817303544,137.46235444805862
4535,0.014976208858343632,284.69869477494825,284.69869477494825,284.7136709838066,137.32530636744193
4536,0.014207846267903886,284.76971606586113,284.76971606586113,284.783923912129,137.3776853518586
4537,0.008906021984629942,284.7996466716426,284.7996466716426,284.80855269362723,137.38036914339122
4538,0.0567301054571307,284.9127136374407,284.9127136374407,284.9694437428978,137.5347710597189
4539,0.060294135539623345,284.95507245892725,284.9694437428978,285.0297378784374,137.52090305860298
4540,0.036971281940971205,285.0011998224484,285.0297378784374,285.06670916037837,137.553926597787
4541,0.19178278989471975,285.0443654792325,285.06670916037837,285.2584919502731,137.73036470045528
4542,0.07605150732999832,285.22997324777236,285.34727965348156,285.4233311608116,137.8287538889599
4543,0.04825134203495446,285.2429402551416,285.2584919502731,285.30674329230806,137.7348247739219
4544,0.040536361173502934,285.2865308881386,285.30674329230806,285.34727965348156,137.72218650659423
4545,0.007955938654616385,285.42535265815184,285.42535265815184,285.43330859680646,137.75138400964826
4546,0.0710084619182992,285.5299530629244,285.5299530629244,285.6009615248427,137.85895101315688
4547,0.17874904482553183,285.5539207224521,285.6009615248427,285.86508091845684,138.08648270767773
4548,0.03688593078288454,285.6158623088754,285.6158623088754,285.66550543157774,137.88081481227877
4549,0.012757191919415704,285.63166469391626,285.63166469391626,285.6444218858357,137.83902494874425
4550,0.035727226086280116,285.66344014983605,285.66550543157774,285.70123265766404,137.8533810635858
4551,0.24338318079409416,285.71468173497584,288.2013196134798,288.5166709548083,140.40276953257617
4552,0.09681642215323673,285.76916953906124,285.8905499619278,286.0004591872553,138.05336123234022
4553,0.025469043470908132,285.86173736106963,285.86508091845684,285.8905499619278,137.91882959964292
4554,0.013092803174268967,285.9169182763165,285.9169182763165,285.9300110794908,137.9262999539095
4555,0.05875097681632856,285.9646448541221,286.0004591872553,286.0592101640716,138.0165758699595
4556,0.11503255397362136,285.9861017525283,286.28423642255433,286.39926897652794,138.26380123918725
4557,0.045004416573327016,286.0346454625376,286.0592101640716,286.1042145806449,138.01396104431777
4558,0.0506209929112846,286.0718516488167,286.1042145806449,286.1694609494312,138.09141677298533
4559,0.014625375875041223,286.13939232696833,286.13939232696833,286.15401770284336,138.0544139249891
4560,0.08597082724561547,286.1396990077188,286.1694609494312,286.28423642255433,138.13231596743188
4561,0.1866862109038634,286.19276390064493,286.39926897652794,286.6163335590546,138.46031663332428
4562,0.028804645877515224,286.208011440878,286.208011440878,286.23681608675554,138.02334583580515
4563,0.030378371622794265,286.5432561458325,286.5432561458325,286.57363451745533,138.3477204296994
4564,0.19822588678980443,286.6324320613145,286.8472471823397,288.07226920887746,139.84985133380928
4565,0.012971078428596716,286.6333301872865,286.6333301872865,286.6463012657151,138.4131668850707
4566,0.02511813455999173,286.801311835041,286.8221290477797,286.8472471823397,138.5922516368319
4567,0.0367190723233635,286.89914307680783,286.89914307680783,286.9358621491312,138.6878588464418
4568,0.11527842462632906,286.93531791489414,286.9358621491312,287.12690482758484,138.80629026651263
4569,0.0014964585933678778,286.9795310153887,286.9795310153887,286.98102747398207,138.6257452106324
4570,0.04130204802931919,286.9985387482325,286.9985387482325,287.0398407962618,138.64165386098645
4571,0.032965747204614836,287.0078837105161,287.0398407962618,287.0728065434664,138.59409096148596
4572,0.13352437343067036,287.09215617390373,287.12690482758484,287.2604292010155,138.76778535000736
4573,0.12601299666264315,287.2274692179905,287.7575117674328,287.917413261854,139.3876028027609
4574,0.05099079232396228,287.2299353286899,287.2604292010155,287.3114199933394,138.77004682220237
4575,0.08230779786041134,287.2648832007144,287.3114199933394,287.4865068044353,138.9177285460014
4576,0.11483156239247591,287.29997619959363,287.621784193444,287.7575117674328,139.0982059241592
4577,0.043818746841397346,287.32724261319055,287.32724261319055,287.37106136003194,138.7093242000425
4578,0.03696073196067159,287.34009832002033,287.37106136003194,287.4080220919926,138.7119407629264
4579,0.011999534433385256,287.45334765642883,287.45334765642883,287.4653471908622,138.7751745628197
4580,0.05437091686776938,287.45440216586917,287.4865068044353,287.58019848285073,138.8987124090099
4581,0.039320761547667775,287.49718659647476,287.49718659647476,287.53650735802245,138.78306744863232
4582,0.016530444505246586,287.5706780846951,287.58019848285073,287.59672892735597,138.82739833646409
4583,0.025055266088027744,287.5791339525614,287.59672892735597,287.621784193444,138.79117743916538
4584,0.019801874948529363,287.67687507352554,287.67687507352554,287.6966769484741,138.8072743869681
4585,0.001094136647819199,287.6966327707325,287.6966769484741,287.6977710851219,138.7225051961808
4586,0.015125053456371478,287.8161766924856,287.8161766924856,287.83130174594197,138.81299777061818
4587,0.018763444302202475,287.83238936948743,287.83238936948743,287.8511528137896,138.78163559991123
4588,0.008525954701785186,288.01414413548963,288.01414413548963,288.0226700901914,138.80247856216891
4589,0.08019816265647749,288.06976352466324,288.07226920887746,288.2013196134798,138.83427179335675
4590,0.048852241945893715,288.0789104565858,288.0789104565858,288.1277626985317,138.75653565972362
4591,0.06082163094361913,288.2041164859345,288.2041164859345,288.2760846464689,138.92610609769002
4592,0.011146529590805152,288.24631943735335,288.24631943735335,288.25746596694415,138.90808661637405
4593,0.06313200806276108,288.77172248863684,288.77172248863684,288.8348544966996,139.41696352404645
4594,0.14845426007662346,288.80588276259647,288.8348544966996,289.01400461860834,139.59373219109708
4595,0.030695861832117324,288.91328437715794,288.91328437715794,288.94398023899004,139.4579809425715
4596,0.0651865433442486,288.9530831744802,289.01400461860834,289.07919116195256,139.53207548069065
4597,0.08992572629651469,288.9933507642096,289.07919116195256,289.1691168882491,139.65390945701648
4598,0.05005986236143642,289.14779860291776,289.1691168882491,289.21917675061053,139.64201530320392
4599,0.05265645256904797,289.18145623688315,289.21917675061053,289.2718332031796,139.64801656602964
4600,0.06333359035955359,289.3793659601433,289.3793659601433,289.4426995505028,139.808038005124
4601,0.0801578290875281,289.4607676810106,289.54837876031706,289.6285365894046,140.01154059522003
4602,0.016090241708618322,289.49829085584514,289.49829085584514,289.5143810975538,139.89191858437667
4603,0.12310150402258521,289.61442546388184,289.6285365894046,289.80340023004726,140.1412364984845
4604,0.0015887185754597788,289.69410634162716,289.69410634162716,289.69569506020264,140.05775996970257
4605,0.024851458828567704,289.72201201886855,289.72201201886855,289.7468634776971,140.10223547755817
4606,0.025321959216036975,289.74195109171256,289.7468634776971,289.77218543691316,140.06000518487278
4607,0.0016451015510014569,289.81907346733857,289.81907346733857,289.82071856888956,140.05337598740903
4608,0.027972672686125365,289.9071675462726,289.9071675462726,289.93514021895874,140.11379528864848
4609,0.046629679583672416,289.9137729222004,289.93514021895874,289.9817698985424,140.1135520521263
4610,0.02057337004722828,290.152965435297,290.152965435297,290.1735388053442,140.29766964698808
4611,0.056792544746049334,290.1931916338779,290.1931916338779,290.24998417862395,140.341966929138
4612,0.05423569302276608,290.203597563991,290.24998417862395,290.3042198716467,140.35941200426134
4613,0.029412209493085435,290.5804573082951,290.60053487622343,290.62994708571654,140.70519504386482
4614,0.06301732807126471,290.7259473766691,290.7259473766691,290.8002241123367,140.76100394604737
4615,0.0014403310390631962,290.7303378475237,290.7303378475237,290.73177817856276,140.7261536353823
4616,0.009819076557229457,290.7499830458525,290.7499830458525,290.7598021224097,140.70373555656207
4617,0.060765554599356425,290.7513888143393,290.8002241123367,290.86098966693606,140.69966603675337
4618,0.18844987334461333,291.03061532437476,291.03061532437476,291.26763389474723,140.91135948164322
4619,0.04856869702783451,291.14918619448514,291.14918619448514,291.197754891513,140.84029917129777
4620,0.055512069897967184,291.30154354649653,291.30154354649653,291.3570556163945,140.9408318655413
4621,0.019722269511223228,291.46386853552866,291.46386853552866,291.4835908050399,140.98254387198935
4622,0.16096783007219867,291.51138017085486,291.51138017085486,291.67234800092706,141.12653952965627
4623,0.11176633625028584,291.6454476000682,291.7268613238825,291.9041359570093,141.28071760102094
4624,0.054513322955437454,291.6503992504857,291.67234800092706,291.7268613238825,141.11258355152162
4625,0.025520784831534492,291.73782158995806,291.73782158995806,291.7633423747896,141.15190666633012
4626,0.019758565704147073,291.77391948823345,291.77391948823345,291.7936780539376,141.14702432661133
4627,0.012677900475516308,291.7980374030963,291.7980374030963,291.81071530357184,141.15055766077683
4628,0.0041427174707649415,291.8259713856234,291.8259713856234,291.83011410309416,141.17591359896585
4629,0.0034083283945608536,291.8300629540785,291.83011410309416,291.83352243148875,141.14690399230622
4630,0.052409257310892625,291.94206796177843,291.94206796177843,291.99447721908933,141.22905443258307
4631,0.11376539542170723,291.97006739448307,292.0225467822591,292.1410384742519,141.27726666166137
4632,0.020339547176200814,291.98720643295167,291.99447721908933,292.0225467822591,141.11442728622794
4633,0.007730015993540589,292.007020972993,292.007020972993,292.0147509889866,141.02911793740944
4634,0.30107562330798704,292.11931832649674,292.1410384742519,292.46741250994756,141.34314843869586
4635,0.0047262965710823095,292.1261822586715,292.1261822586715,292.1309085552426,140.99345251715516
4636,0.0252984123876418,292.35635329966584,292.35635329966584,292.3816517120535,141.21658823649324
4637,0.09689486312136879,292.4415490002616,292.46741250994756,292.5643073730689,141.4088755110538
4638,0.0743386179867696,292.5590516227843,292.5643073730689,292.6386459910557,141.39525868026215
4639,0.0030711091537378938,292.70658748199844,292.70658748199844,292.70965859115216,141.42738334997887
4640,0.06663394556176458,292.7350514600266,292.7350514600266,292.8016854055884,141.38205754901435
4641,0.02894585954849895,293.07547138197106,293.07547138197106,293.10441724151957,141.46244682882195
4642,0.11482982391756828,293.09173298300254,293.10441724151957,293.2385505660893,141.50899385365523
4643,0.019303500652215144,293.12094214537683,293.12094214537683,293.14024564602903,141.48086469323957
4644,0.05094171594636676,293.25471272868964,293.25471272868964,293.3076322345857,141.6158521424372
4645,0.001977789949696929,293.2586415754553,293.2586415754553,293.260619365405,141.53905605737958
4646,0.1189836265881806,293.284038381661,293.3076322345857,293.443785498205,141.66450136640762
4647,0.17745721305519407,293.284106623654,293.5200317849145,294.1869838929319,142.35387790461334
4648,0.017169637031099142,293.33227105996457,293.33227105996457,293.34944069699566,141.46302502281796
4649,0.07624628670953933,293.38736546417977,293.443785498205,293.5200317849145,141.57360887915323
4650,0.06974903377350565,293.5377626197879,293.5377626197879,293.6075116535614,141.71984759034737
4651,0.13454720345010804,293.5959608183567,293.6075116535614,293.81617174709515,141.83667621187024
4652,0.0365923115054916,293.6522506634888,293.6522506634888,293.6888429749943,141.7159957179253
4653,0.03752057857812843,293.7341688029056,293.7341688029056,293.7716893814837,141.78074769207782
4654,0.023207626805252235,293.82167253567155,293.82167253567155,293.8448801624768,141.8001568111461
4655,0.07323997753480505,293.855618564011,293.855618564011,293.9288585415458,141.87829802287737
4656,0.07623366512237019,293.86012974766265,293.9672630397383,294.0434967048607,141.88437974973243
4657,0.038404498192517414,293.92305768869744,293.9288585415458,293.9672630397383,141.80308052467066
4658,0.05504367582926121,294.15857272554194,294.1869838929319,294.24202756876116,141.9923287608981
4659,0.04404532953139521,294.2932669318042,294.2932669318042,294.3373122613356,142.0173809223727
4660,0.15427652097746128,294.39136337814364,294.39136337814364,294.55029505573947,141.95906233436537
4661,0.16080913684709525,294.4157929884084,294.55029505573947,294.8486433626114,142.22429523485232
4662,0.004655156618341184,294.42079430095913,294.42079430095913,294.4254494575775,141.80682436708977
4663,0.06962247801777816,294.56030876634173,294.56030876634173,294.64356399944006,142.00115505331289
4664,0.013632755080576197,294.60601813619684,294.60601813619684,294.6196508912774,141.94674997584983
4665,0.0003499967547688336,294.68472309511344,294.68472309511344,294.6850730918682,141.955052470601
4666,0.04932411777386251,294.69842267325146,294.69842267325146,294.7477467910253,141.87615517296098
4667,0.18705825917978788,294.7930906472368,294.8486433626114,295.46838462088067,142.57197112758553
4668,0.004609822397901512,294.8314288317087,294.8314288317087,294.83603865410663,141.92262429938262
4669,0.009264560106538321,294.8549064454972,294.8549064454972,294.86417100560374,141.93035489780803
4670,0.018196643623902223,294.89852097266464,294.89852097266464,294.91671761628857,141.97649500500373
4671,0.10270929471204035,294.90475686709385,294.96383702604857,295.0844421134817,142.0783331773015
4672,0.04711940975997297,294.905382260262,294.91671761628857,294.96383702604857,141.92650398646919
4673,0.01789579272111931,294.9766134442266,294.9766134442266,294.9945092369477,141.93364827038604
4674,0.06627000471340143,295.05487459157393,295.0844421134817,295.1507121181951,142.0939849442729
4675,0.16777183932756992,295.09235977998213,296.8788668756524,297.0570365115484,143.96969670480644
4676,0.015494284686754735,295.14588267529047,295.1507121181951,295.16620640288187,142.03882108427555
4677,0.10505285140344665,295.20874004706934,295.46838462088067,295.6106473722564,142.41104002696048
4678,0.027935763846383146,295.23342955018023,295.23342955018023,295.2613653140266,142.0625728630845
4679,0.045799442638585534,295.2377338618606,295.2795030128507,295.3253024554893,142.04373404295714
4680,0.11343649138404185,295.2455485061613,295.639659886693,295.80733252271756,142.54087921159265
4681,0.018137698824110097,295.2563059211832,295.2613653140266,295.2795030128507,141.9880033602424
4682,0.06386010345662511,295.3311000346206,295.3311000346206,295.39496013807724,142.04552564909335
4683,0.022523160271169986,295.4969346461129,295.4969346461129,295.5194578063841,142.18070040767412
4684,0.014686739701071256,295.54887678546595,295.54887678546595,295.563563525167,142.18656274311022
4685,0.12394051755085977,295.56539723970013,296.14730716888715,296.271247686438,142.84090124614704
4686,0.02901251443659004,295.5865981837148,295.6106473722564,295.639659886693,142.1864738078341
4687,0.10339942721889865,295.6901669402703,295.80733252271756,295.91073194993646,142.38913103493556
4688,0.04521829668158742,295.69763010615196,295.69763010615196,295.74284840283354,142.22196578748668
4689,0.009017847958970778,295.7875790180509,295.7875790180509,295.79659686600985,142.2939927773276
4690,0.11769443600938691,295.8064108886674,295.91073194993646,296.02842638594586,142.5125946676326
4691,0.2581245992882027,295.85237642968445,297.43399769930767,297.7734633019741,144.18935758913386
4692,0.0645435105719382,296.0126809944592,296.02842638594586,296.0929698965178,142.53964322151378
4693,0.1385719298438953,296.02633619246586,296.285401455915,296.57920631306393,142.94256900047102
4694,0.054337272369360104,296.0784099370017,296.0929698965178,296.14730716888715,142.33845355146312
4695,0.014153769477017963,296.2617517421184,296.271247686438,296.285401455915,142.50457336075772
4696,0.10310413362145285,296.29427720331176,296.29427720331176,296.3973813369332,142.49912584956436
4697,0.04560016550987157,296.42102578674235,296.42102578674235,296.46662595225223,142.65683527498942
4698,0.14532004966176654,296.4564236844755,296.73354682599063,296.8788668756524,142.9153986052126
4699,0.11798564411235113,296.467603301577,296.5947887902963,296.73354682599063,142.8050858364534
4700,0.006528628173670297,296.4924386895621,296.4924386895621,296.4989673177358,142.64741839355145
4701,0.015582477232411194,296.56831020223547,296.57920631306393,296.5947887902963,142.73212661890872
4702,0.020772391581917387,296.60717869585716,296.60717869585716,296.6279510874391,142.75599667535673
4703,0.01039779656845556,296.9287587408538,296.9287587408538,296.93915653742226,143.0732944370086
4704,0.11135556807027555,296.9752796327371,297.11580672345326,297.22716229152354,143.31883773414026
4705,0.029471237104349582,297.02792023340584,297.0570365115484,297.08650774865276,143.20702593763798
4706,0.029298974800495443,297.06862600681774,297.08650774865276,297.11580672345326,143.20859898287014
4707,0.12120346590603201,297.1758029735413,297.22716229152354,297.3747753347218,143.48198677463108
4708,0.05922236458587899,297.2904650355018,297.3747753347218,297.43399769930767,143.48874820813504
4709,0.021651612182747908,297.30640954895017,297.30640954895017,297.3280611611329,143.40471324932142
4710,0.004757965109512406,297.3605629518859,297.3605629518859,297.3653209169954,143.45574521062935
4711,0.0813410033782708,297.6009062524589,297.6009062524589,297.6822472558372,143.7094896827756
4712,0.10982018404339455,297.65211949065537,297.9328184334769,298.04263861752025,143.99753800500434
4713,0.09766449016495006,297.7131988244385,297.8351539433119,297.9328184334769,143.8309451575801
4714,0.05100653071708138,297.72764205912483,297.7734633019741,297.8351539433119,143.82362794834424
4715,0.010684110620715668,297.8067921818353,297.8067921818353,297.81747629245604,143.73336416923158
4716,0.147124827199558,297.8143789644104,298.5613915515672,298.7085163787668,144.47783948287747
4717,0.11143812806817985,297.83281585145,298.44995342349904,298.5613915515672,144.35139826402727
4718,0.10575733239227823,297.9714753248898,298.10878460265644,298.29452238558446,144.10261622622528
4719,0.06614598513617267,297.9840602619308,298.04263861752025,298.10878460265644,143.8401508326773
4720,0.020282371663481794,298.1566507040052,298.1566507040052,298.17693307566867,143.84948133253272
4721,0.055277387179149144,298.1658718708008,298.17693307566867,298.23663115454093,143.76298813599604
4722,0.06694831561265517,298.17588429216005,298.29452238558446,298.3614707011971,143.8230904960299
4723,0.004420691693088844,298.2143951512732,298.2143951512732,298.2188158429663,143.74025391296695
4724,0.07500694788818085,298.28290310361666,298.3614707011971,298.4364776490853,143.92964204678518
4725,0.013475774413733195,298.4286503575146,298.4364776490853,298.44995342349904,143.91797696674075
4726,0.23213759268326856,298.5227537534661,298.7085163787668,299.24717891157024,144.67764996291064
4727,0.06511750285578471,298.7212389837108,298.7212389837108,298.8142492731229,144.21579646190898
4728,0.02274667968369826,298.7239843680998,298.7239843680998,298.75187715465614,144.1511537351026
4729,0.005146106872645725,298.72483837404593,298.72483837404593,298.7299844809186,144.11924926763646
4730,0.03324656931344661,298.82121871832675,298.82121871832675,298.8544652876402,144.207867915736
4731,0.035612953245111004,298.9046717215752,298.9046717215752,298.94992939289546,144.32043722825176
4732,0.006016745595610713,298.91055028103,298.91055028103,298.9165670266256,144.25121944195743
4733,0.003627972479541766,298.9396419944357,298.9396419944357,298.94326996691524,144.24765576711945
4734,0.023080662053279105,298.9524421032145,298.9524421032145,298.9755227652678,144.2508262393323
4735,0.1066239658462889,299.02064933610154,299.02064933610154,299.1272733019478,144.2295311956447
4736,0.003723635145875941,299.1624599658761,299.1624599658761,299.166183601022,144.20608588260797
4737,0.0015821470288699486,299.20667165294805,299.20667165294805,299.20825379997694,144.24674364543597
4738,0.13878738223002152,299.4346384512129,299.4346384512129,299.5734258334429,144.39378249181465
4739,0.2337116823251219,299.44786338942305,299.86869223412396,301.7121321546808,146.45704021136922
4740,0.055695684097068675,299.5211643449572,299.5734258334429,299.64331300132585,144.3799594936714
4741,0.11180323366317772,299.5236582523392,299.7568890004608,299.86869223412396,144.50358695077531
4742,0.059300626696050546,299.55402174185986,299.64331300132585,299.70929163236457,144.40722943559047
4743,0.014191483785827453,299.6089019001112,299.6089019001112,299.62309338389707,144.28410481624297
4744,0.006678004342716326,299.670449795701,299.670449795701,299.6771278000437,144.3071987638039
4745,0.04690438763784784,299.6776935565826,299.70929163236457,299.7568890004608,144.32472713763073
4746,0.0006929804584073998,299.73867887365424,299.73867887365424,299.7393718541126,144.24347183349303
4747,0.08289617593904157,299.925186035237,299.925186035237,300.00808221117603,144.39538588256858
4748,0.0110919320896812,300.0394012923235,300.0394012923235,300.0504932244132,144.5053353977382
4749,0.07655553309266064,300.05582158439046,300.05582158439046,300.1356190688615,144.579192123849
4750,0.003241951378370674,300.1073317301056,300.1073317301056,300.11057368148397,144.55904742296133
4751,0.04367236333410115,300.1159997613231,300.1356190688615,300.1792914321956,144.57848562445724
4752,0.04877358099084086,300.1408931981184,300.1792914321956,300.22806501318644,144.59994328352974
4753,0.0036295315646222006,300.22933010699484,300.22933010699484,300.23295963855946,144.62171516249182
4754,0.10669336064958398,300.24102995375085,300.24102995375085,300.3477233144004,144.62612782942378
4755,0.11183773987118259,300.24200410314955,300.3477233144004,301.5599594603457,145.74160622147926
4756,0.05171404787868618,300.34884977238386,300.34884977238386,300.40056382026256,144.65558000186144
4757,0.10080142258350008,300.36405764142546,300.92961567192106,301.0425070817126,145.19052247938112
4758,0.04246420862629419,300.37555567443144,300.40056382026256,300.4430280288889,144.57750930402727
4759,0.04259453471474808,300.42467520901425,300.4430280288889,300.4856225636036,144.55851266084827
4760,0.08404647468118835,300.4255359552301,300.4856225636036,300.5893104604383,144.65031772385274
4761,0.01964142215349114,300.5167115638171,300.5167115638171,300.5363529859706,144.5698148212777
4762,0.07407171739417351,300.5250925299514,300.72737664978297,300.8309878757152,144.79320408456636
4763,0.04894596223198558,300.54516440973026,300.647621592405,300.72737664978297,144.73574613787304
4764,0.046838542814909956,300.5547311345878,300.5893104604383,300.6361490032532,144.54766418311414
4765,0.08275628743647215,300.58855138878386,300.8309878757152,300.9137441631517,144.7323757115615
4766,0.011472589151808469,300.63593054687817,300.6361490032532,300.647621592405,144.40360521522499
4767,0.03080909514595393,300.6538809376663,300.6538809376663,300.6846900328123,144.4197461769526
4768,0.13256095029451873,300.7260129678069,301.76414828441716,301.9816761915333,145.69050610247382
4769,0.02953950853802479,300.7532213342113,300.7532213342113,300.7827608427493,144.36287734734444
4770,0.01587150876936392,300.9069219590207,300.9137441631517,300.92961567192106,144.51131315956917
4771,0.1039680545487769,300.94269845481864,301.24074635799684,301.3447144125456,144.92561000413107
4772,0.012089987208015721,300.99375227033863,300.99375227033863,301.00584225754665,144.46435447523766
4773,0.0320673210389746,301.0256271347203,301.0425070817126,301.0745744027516,144.46270217688917
4774,0.06306487455904174,301.0526981842862,301.0745744027516,301.1376392773106,144.4963219734799
4775,0.09313982225660099,301.10482326406293,301.1376392773106,301.2307790995672,144.5979337474145
4776,0.009967258429659127,301.227880173341,301.2307790995672,301.24074635799684,144.59694493416177
4777,0.20255153856508834,301.289119036272,303.02350093349537,303.52014020412156,146.751791352712
4778,0.10453376591230076,301.3306710413637,301.3447144125456,301.44924817845794,144.61197853124722
4779,0.02093766324752819,301.63633784472205,301.63633784472205,301.6572755079696,144.8806285418652
4780,0.140125503922308,301.6470262790273,302.6792882389318,302.85047825348244,146.0209796085919
4781,0.05201612973637109,301.68778661669006,301.7121321546808,301.76414828441716,144.88111923453258
4782,0.10873566422244392,301.8171206995913,302.24389145848994,302.4349192492315,145.52916842289167
4783,0.059847542779552634,301.82370044155,301.82370044155,301.90228063617604,144.94877658409104
4784,0.018732651846486564,301.8309197875454,301.8309197875454,301.8496524393919,144.85332543194818
4785,0.006386762195603149,301.9110315669171,301.9110315669171,301.91741832911265,144.8777649871729
4786,0.07304386895548719,301.96819896174014,301.9816761915333,302.1002021860192,144.91999494664012
4787,0.043274711860930425,301.98763587441397,301.98763587441397,302.0309105862749,144.80477388753408
4788,0.143201237303151,302.04230272965657,302.86095781429054,303.0041590515937,145.79873556975193
4789,0.0022074136694735214,302.07240625366177,302.07240625366177,302.0746136673312,144.88256797151845
4790,0.08904341792284041,302.0773050647501,302.1002021860192,302.189245603942,144.94854308599315
4791,0.05464585454791492,302.1709940668792,302.189245603942,302.24389145848994,144.97972579967183
4792,0.11450161268551683,302.20458340114834,302.54541241427137,302.67068351477303,145.433501647284
4793,0.010257854316250939,302.2475117910734,302.2475117910734,302.25776964538966,144.96489761340686
4794,0.012527797731062518,302.2619544056744,302.2619544056744,302.27448220340546,144.97311688148105
4795,0.11049316503988411,302.27949694943703,302.4349192492315,302.54541241427137,145.1453947777563
4796,0.015809517320409916,302.3027961654448,302.3027961654448,302.3186056827652,144.8856119297799
4797,0.026256037528763116,302.3073109848249,302.3186056827652,302.344861720294,144.87899810996635
4798,0.0174409196226394,302.35141543947174,302.35141543947174,302.36885635909437,144.88010384022502
4799,0.25261779355479136,302.5025318086899,303.86774918846834,304.2662689406063,146.68392857944625
4800,0.010769487816146419,302.5629806324794,302.5629806324794,302.5737501202956,144.95327424982867
4801,0.008604724158794548,302.667269574826,302.67068351477303,302.6792882389318,144.9759660660776
4802,0.006981755872964042,302.71342262607345,302.71342262607345,302.7204043819464,145.01811141856098
4803,0.023374373744534594,302.77742156486227,302.77742156486227,302.8007959386068,145.08640148160612
4804,0.0007083810108005816,302.80021380317123,302.8007959386068,302.8015043196176,145.07817876913657
4805,0.010479560808097982,302.850104486464,302.85047825348244,302.86095781429054,145.12225522841445
4806,0.01934188190165677,302.98498195424406,303.0041590515937,303.02350093349537,145.23762997470888
4807,0.1937532089963279,303.02377197529864,303.02377197529864,303.24118280996817,145.4404162224159
4808,0.224512002690004,303.0240083354694,303.52014020412156,303.86774918846834,145.87304403512834
4809,0.014339836898800635,303.14348557368015,303.14348557368015,303.15782541057894,145.33041303779825
4810,0.009317788774415636,303.203848600806,303.203848600806,303.2131663895804,145.3383588286197
4811,0.07605017785488344,303.3352589804322,303.3352589804322,303.41130915828705,145.46375758009697
4812,0.000626719536677153,303.4830713361167,303.4830713361167,303.4836980556534,145.59059241521854
4813,0.09271664381752265,303.5405184123528,303.5405184123528,303.64235502735147,145.63108475899264
4814,0.009119971181144207,303.5675328226723,303.5675328226723,303.57665279385344,145.52392793156628
4815,0.021260366658100632,303.62755301514585,303.64235502735147,303.6636153940096,145.5504446355455
4816,0.03347555190758258,303.9110165363351,303.9110165363351,303.9444920882427,145.8136233289764
4817,0.004513526973631196,304.01145772691206,304.01145772691206,304.0159712538857,145.87357981393822
4818,0.09300221822100749,304.05522443044265,304.05522443044265,304.1631373101446,145.96512850849112
4819,0.01491066148095561,304.1152704091904,304.1152704091904,304.1301810706713,145.92690144015245
4820,0.4219945274829032,304.2464959724848,304.2662689406063,305.96248050073956,147.68629312775903
4821,0.07329036292966622,304.3133195186056,304.3133195186056,304.3868372763375,146.14515993379513
4822,0.0002273948022301608,304.3731775214339,304.3731775214339,304.3734049162361,146.09568401359488
4823,0.16348332679415523,304.3860991569783,304.3868372763375,304.55032060313164,146.20172323382607
4824,0.056863389006690496,304.51451708854586,304.55032060313164,304.63057711205846,146.24283939769947
4825,0.02339311992013402,304.5526283868772,304.5526283868772,304.5760215067973,146.21333341786925
4826,0.08048421882390135,304.65990225463435,304.65990225463435,304.7403864734583,146.38526839492718
4827,0.03981203573704615,304.7296463127371,304.78014436529094,304.819956401028,146.38258756764515
4828,0.03975789183263731,304.74020607374496,304.7403864734583,304.78014436529094,146.31526623862737
4829,0.10568535676432328,304.9545662249233,304.9545662249233,305.0602515816876,146.51415873087856
4830,0.10897790780661792,305.0241004564647,305.0602515816876,305.1850119534006,146.5477749725398
4831,0.01578246390636629,305.0776705319139,305.0776705319139,305.09345299582026,146.43414280623637
4832,0.06376044741609835,305.1499841454342,305.1850119534006,305.2487724008167,146.4793053622793
4833,0.0001927884114014095,305.3221073275289,305.3221073275289,305.3223001159403,146.5930846908871
4834,0.03344034698071657,305.32602805943867,305.32602805943867,305.3594684064194,146.52867133271215
4835,0.028691835816498514,305.3347869413293,305.3594684064194,305.3896892116642,146.54054093670902
4836,0.0015289694282332464,305.3662964748777,305.3662964748777,305.36782544430594,146.50610533559887
4837,0.09677095009170338,305.38783875234463,305.3896892116642,305.4864601617559,146.57952912834054
4838,0.11837432817579731,305.405991180516,305.64765453717285,305.79120964887824,146.7200687948753
4839,0.07639685289870561,305.4532188631986,305.4864601617559,305.6108004938746,146.56016862196387
4840,0.047943479220016606,305.4990182250044,305.4990182250044,305.54696170422443,146.43317523809569
4841,0.036854043298274505,305.59188788864026,305.6108004938746,305.64765453717285,146.46927707511148
4842,0.025180783529606482,305.6572295849798,305.6572295849798,305.6824103685094,146.4906561683813
4843,0.03732473905951902,305.8874832116376,305.8874832116376,305.9248079506971,146.69691417130704
4844,0.06747930978742249,305.8914286829277,305.96248050073956,306.084313562954,146.77264644261462
4845,0.013102768225855389,305.962587580726,305.962587580726,305.97569034895184,146.70219130959617
4846,0.04125098420115715,305.9807574047098,305.9807574047098,306.02200838891093,146.73335432291827
4847,0.08219839280814864,306.0100145068847,306.084313562954,306.16651195576213,146.8543765878211
4848,0.05869240086424956,306.1545780110773,306.16651195576213,306.22520435662636,146.82531520575222
4849,0.09693857668159099,306.26432426105924,306.26432426105924,306.3630131793955,146.900632333208
4850,0.001750341654712729,306.33989353194664,306.33989353194664,306.34164387360136,146.8847024775545
4851,0.09674600846288015,306.6217570179338,306.6217570179338,306.7632400881377,146.92815722175084
4852,0.019468595536803336,306.63463422267716,306.63463422267716,306.65410281821397,146.85491191211065
4853,0.02526846620417784,306.6627298559424,306.6627298559424,306.6879983221466,146.86366301564834
4854,0.006555226189090814,306.77917508288476,306.77917508288476,306.78573030907387,146.94339852088896
4855,0.015262082141241192,306.8570463497805,306.8570463497805,306.87230843192174,146.94002654879137
4856,0.051306750861166435,306.88622086658575,306.88622086658575,306.9375276174469,146.9352552342024
4857,0.06744510646893662,307.0197581592992,307.0197581592992,307.08720326576815,146.98477266085848
4858,0.019758724791923275,307.1585748854227,307.1585748854227,307.1783336102146,147.0394435864318
4859,0.1009665857082893,307.21788054869984,307.21788054869984,307.44333852219876,147.17934381300435
4860,0.04437952415254801,307.226688493358,307.226688493358,307.2710680175105,146.87754913954228
4861,0.02910364388425407,307.275763563133,307.275763563133,307.30486720701725,146.92463866064034
4862,0.1433588078182085,307.27761252046673,307.44333852219876,307.6475516855549,147.24045327156793
4863,0.039163807641107724,307.33998639883634,307.33998639883634,307.37915020647745,146.90231729783324
4864,0.009682634707569172,307.38142895481917,307.38142895481917,307.39111158952676,146.85586797320258
4865,0.0021617774051631657,307.40654499499766,307.40654499499766,307.4087067724028,146.86083397392107
4866,0.00023550672726880452,307.50272489870713,307.50272489870713,307.5029604054344,146.95670103867994
4867,0.029050584003961946,307.5103212825677,307.5103212825677,307.5393718665717,146.9590349033779
4868,0.0267289191185752,307.5154059130263,307.5393718665717,307.56610078569025,147.00513068394193
4869,0.18272205043515807,307.5442630990677,307.75131314351427,308.2052670289457,147.51784134635517
4870,0.004839345688079499,307.5639840308716,307.56610078569025,307.57094013137834,146.91484092018763
4871,0.10376145795938979,307.60568896338947,307.6475516855549,307.75131314351427,146.9563666572413
4872,0.00756963605043429,307.7766555967366,307.7766555967366,307.78422523278704,147.04721611572614
4873,0.1497103686116964,307.80204108658535,308.2052670289457,308.44235408438294,147.6984826230316
4874,0.0065840283696507245,307.83991663137004,307.83991663137004,307.8465006597397,146.99968090751955
4875,0.03137377143164905,307.86554942657267,307.86554942657267,307.89692319800434,147.0238412618663
4876,0.04847445949670608,307.87774983869065,307.89692319800434,307.9453976575011,147.0226259245825
4877,0.06518820034222705,307.9305526246788,307.9453976575011,308.0105858578433,147.0421718241255
4878,0.07457566588247846,307.9636383554225,308.0105858578433,308.12262759714883,147.13866755675042
4879,0.03746607342305815,308.0436689824175,308.0436689824175,308.08113505584055,146.98274696380247
4880,0.17866833742642477,308.0920328718317,308.87844611743196,309.05887928246415,147.91919020817727
4881,0.045327275806864555,308.23943753598695,308.23943753598695,308.2847648117938,147.19469867997003
4882,0.036097481140181124,308.2684783762974,308.2847648117938,308.320862292934,147.1992084590537
4883,0.005951929878526179,308.36136004807094,308.36136004807094,308.36731197794944,147.26679438947582
4884,0.08942227588767446,308.4308728812375,308.44235408438294,308.73839119366176,147.55490969601925
4885,0.07345883030704718,308.4563783836086,308.4563783836086,308.6101030012478,147.4330987976924
4886,0.028940207273874474,308.4897839650319,308.4897839650319,308.5187241723058,147.30343513084208
4887,0.035976070835884284,308.50006849845,308.5237544111555,308.5597304819914,147.26134037445564
4888,0.005030238849724797,308.5178012859399,308.5187241723058,308.5237544111555,147.2342609393551
4889,0.010319270372670875,308.57903682635623,308.57903682635623,308.5893560967289,147.26652247275828
4890,0.0335572312031738,308.6014045546966,308.62254944638096,308.65610667758415,147.3044705521735
4891,0.012446445133134752,308.60819706107986,308.6101030012478,308.62254944638096,147.2749595674841
4892,0.006886539415574906,308.65778866661697,308.65778866661697,308.66467520603254,147.2953093374406
4893,0.14005492377021986,308.6986410931176,308.73839119366176,308.87844611743196,147.33274067003956
4894,0.0017648276057493151,308.89681440504387,308.89681440504387,308.89857923264964,147.41504420232448
4895,0.18807944555484735,308.9829164801283,309.05887928246415,309.41571166706603,147.7434342013062
4896,0.04961361543150977,309.11054128513496,309.11054128513496,309.16015490056645,147.51201930391346
4897,0.05536907703604446,309.20128387393993,309.20128387393993,309.256652950976,147.6021002181138
4898,0.10970150755238253,309.23501831792964,309.41571166706603,309.61058343260885,147.93203399682662
4899,0.06377024657949593,309.24913633437006,309.256652950976,309.3204231975555,147.5809919459521
4900,0.007397765107641499,309.42452949039955,309.42452949039955,309.4319272555072,147.697245185518
4901,0.05014368991089905,309.44507803461505,309.44507803461505,309.5203018359493,147.7111912722299
4902,0.025080111423321533,309.45733154659797,309.45733154659797,309.4824116580213,147.65681323679578
4903,0.002548691548549511,309.52947556107404,309.52947556107404,309.5320242526226,147.68309815776374
4904,0.0404624670503774,309.60449499193396,309.61058343260885,309.6510458996592,147.65276740651396
4905,0.20534203137505244,309.62689770229116,309.6510458996592,310.0494823643706,148.04859427276253
4906,0.025843570384023153,309.65533476319536,309.65533476319536,309.6811783335794,147.6562206345085
4907,0.07142741475888442,309.6973435742234,309.6973435742234,309.7687709889823,147.74605935281676
4908,0.23012312684032948,309.7665746824625,311.6319399968163,312.0749001301847,149.97555330202042
4909,0.0021382059000867345,309.87420819065863,309.87420819065863,309.87634639655874,147.82126905090578
4910,0.034529697576570595,309.8804730215238,309.8804730215238,309.91500271910036,147.83090141878907
4911,0.048580262357123725,309.91108218482645,309.91500271910036,309.97006180415127,147.86026029312436
4912,0.12924406704209856,309.9123191320352,310.0494823643706,310.6553994529295,148.44153605776066
4913,0.006478822693818501,309.9466337275766,309.9466337275766,309.9531125502704,147.67790910234956
4914,0.004096459665856011,310.02464606849435,310.02464606849435,310.0287425281602,147.7256269217368
4915,0.08516898780010984,310.0683172744698,310.0683172744698,310.1534862622699,147.80132228656768
4916,0.05782246875378984,310.1487590870131,310.1534862622699,310.2113087310237,147.80914465416546
4917,0.06558883498416497,310.1875459228904,310.2113087310237,310.33957985620856,147.91697191541937
4918,0.016745536704358664,310.21351814724756,310.21351814724756,310.23026368395193,147.8069594197232
4919,0.04593675349635825,310.2452700109472,310.2452700109472,310.29120676444353,147.81157372100313
4920,0.17700347864420837,310.2536524785494,310.97855494597565,311.6319399968163,149.03047158420333
4921,0.0585932121179447,310.30934068168204,310.33957985620856,310.3981730683265,147.91086122387054
4922,0.04950411040936276,310.36717373374375,310.3981730683265,310.4476771787359,147.95972845100553
4923,0.04594110778067126,310.435783255201,310.4476771787359,310.49361828651655,147.93600469763547
4924,0.1180134469757249,310.50372793303416,310.68688273293014,310.8048961799059,148.06183342837454
4925,0.05137200947003675,310.5356413774003,310.5356413774003,310.5870133868703,147.90885662567067
4926,0.0314832800006589,310.6304804348507,310.6553994529295,310.68688273293014,148.02661271494884
4927,0.14958722036907607,310.67001162785624,310.8048961799059,310.97855494597565,148.17213064229668
4928,0.024071545700678848,310.85122075568586,310.85122075568586,310.87529230138654,148.12131017942025
4929,0.06222624639429316,310.9799095129862,310.9799095129862,311.04213575938047,148.2866733820048
4930,0.15120468724956565,310.99740670420255,311.18450349331175,311.33955262925195,148.3606880198262
4931,0.030101269648095747,311.0184521078395,311.04213575938047,311.07223702902854,148.2269586803727
4932,0.05780751467861611,311.06448886882913,311.07223702902854,311.1300445437072,148.27201343003728
4933,0.03994840863702343,311.1115233783772,311.1445550846747,311.18450349331175,148.2831658239884
4934,0.014510540967512578,311.1223932984851,311.1300445437072,311.1445550846747,148.26249481636836
4935,0.003844448690646142,311.1867128051872,311.1867128051872,311.19055725387784,148.27625519411927
4936,0.07018637489014709,311.36661896442627,311.36661896442627,311.4833574203569,148.5258404462941
4937,0.033806404719900825,311.39036875042206,311.39036875042206,311.43692083146254,148.46937097011835
4938,0.012745676320594123,311.3984401234372,311.3984401234372,311.4111857997578,148.44144573713
4939,0.04487461507764667,311.6716058007794,311.6716058007794,311.71648041585706,148.72987448622266
4940,0.0324760665620352,311.6906043956206,311.71648041585706,311.7489564824191,148.72286684991568
4941,0.05827655518587263,311.71114914316894,311.7489564824191,311.8272201720732,148.75635842945815
4942,0.019987134468238566,311.7707954341993,311.7707954341993,311.7907825686675,148.65097025726251
4943,0.03129909812212282,311.8863226603846,311.8863226603846,311.91762175850675,148.75920842208805
4944,0.023365267979447303,311.95583043819073,311.95583043819073,311.9791957061702,148.75973828994012
4945,0.002558269132637631,312.0063157909442,312.0063157909442,312.00887406007683,148.80624392525309
4946,0.017694468273192956,312.22147756815446,312.22147756815446,312.23917203642765,148.82461033348724
4947,0.06195354401002115,312.2549104228615,312.2549104228615,312.3168639668715,148.78751096558477
4948,0.012196403217249786,312.33276581387173,312.33276581387173,312.344962217089,148.80903766166642
4949,0.09650908116303472,312.34471925832815,312.344962217089,312.4416203816596,148.82935344663107
4950,0.0001490834075851854,312.38545412359707,312.38545412359707,312.38560320700464,148.77149566934384
4951,0.0994635211340762,312.41989657749036,312.4416203816596,312.54767236719334,148.84049437706878
4952,0.08556790135928072,312.5055439606644,312.54767236719334,312.63324026855264,148.95823284087726
4953,0.006588464399691715,312.50778191563774,312.50778191563774,312.5143703800374,148.7113174591247
4954,0.060556592219179015,312.5771197428854,312.7197160576074,312.82272018135495,148.96402524020047
4955,0.06023962537195914,312.6320480024874,312.6555479129311,312.7197160576074,148.89629233223303
4956,0.022307644378490192,312.63318049363414,312.63324026855264,312.6555479129311,148.8197791232516
4957,0.003928519304350815,312.704945289497,312.704945289497,312.70887380880134,148.88505335056414
4958,0.04244753152836699,312.72413337408665,312.72413337408665,312.766580905615,148.88144564162948
4959,0.1605591256296214,312.89741791323314,312.89741791323314,313.0825786727351,149.0836064967905
4960,0.023360137352352196,312.9518026590897,312.9518026590897,312.97640429296206,148.93849963513486
4961,0.0012414965199898421,312.95777832577596,312.95777832577596,312.95901982229594,148.92335411466632
4962,0.0781842213866244,313.0535269550272,313.0825786727351,313.1607628941217,149.0901658801939
4963,0.02397261820837367,313.15581249445336,313.1607628941217,313.18473551233006,148.9516488336577
4964,0.12628579594100767,313.2174415931992,313.2174415931992,313.3437273891402,149.056345562822
4965,0.08678627226302707,313.304936058244,313.3437273891402,313.43051366140327,149.11475530882245
4966,0.03106649857385014,313.4012889646544,313.43051366140327,313.46158015997713,149.0986888424589
4967,0.07730016696775116,313.490222386188,313.490222386188,313.5868075005908,149.15286282922384
4968,0.16752693019967538,313.50664275092487,313.5868075005908,314.132067145592,149.69447175834773
4969,0.019284947435024208,313.5174143491083,313.5174143491083,313.53669929654336,149.06776908796084
4970,0.19917345906960904,313.57482519886617,314.4691165888371,315.06261033766276,150.54808316788947
4971,0.09187503903992161,313.63671365449414,313.63671365449414,313.779160673128,149.20400522660958
4972,0.02293711056781051,313.6448837172235,313.6448837172235,313.6678208277913,149.13611387067994
4973,0.02763486902614946,313.6640768718476,313.6678208277913,313.6954556968174,149.0770957227208
4974,0.07238112220464042,313.72215452099283,313.779160673128,314.0144463692956,149.38797221109732
4975,0.05108071989513716,313.78037956360396,313.78037956360396,313.8314602834991,149.18771539318502
4976,0.05969603539110553,313.7863803357589,313.83917336977015,313.94328413756693,149.27245918010826
4977,0.007713086271034549,313.8296386018632,313.8314602834991,313.83917336977015,149.18092891152054
4978,0.003992207875035108,313.8677096271312,313.8677096271312,313.87170183500626,149.17866908781625
4979,0.021174263202879594,313.8760065509593,313.8760065509593,313.91642907548993,149.14519100971611
4980,0.006426396582846877,313.8791931303151,313.8791931303151,313.885619526898,149.07429198907968
4981,0.012821864744905235,313.88787218394634,313.88787218394634,313.90069404869126,149.02882917012096
4982,0.20990024810743624,313.99950512735603,316.0617778385391,316.92077476972054,152.01775832733603
4983,0.06240944638639076,314.0791666448042,314.25754601589193,314.3199554622783,149.37623883093917
4984,0.04748142407426756,314.12766909209535,314.132067145592,314.1795485696662,149.2241485737001
4985,0.03160130897339217,314.16272123069393,314.22594470691854,314.25754601589193,149.24700463441212
4986,0.027766705516885343,314.1714763214637,314.1795485696662,314.20731527518313,149.20105672521092
4987,0.018629431735396617,314.1916516383208,314.20731527518313,314.22594470691854,149.2229660669863
4988,0.13490651231671894,314.2235457912488,314.3199554622783,314.4691165888371,149.4309578826923
4989,0.013363290035853964,314.3367852904517,314.3367852904517,314.35014858048754,149.2934850968428
4990,0.0008913242062124963,314.4564361323941,314.4564361323941,314.45732745660035,149.37597459575997
4991,0.00581761641992102,314.4849224243994,314.4849224243994,314.4907400408193,149.39829236094525
4992,0.04531925077767016,314.48641705867595,314.4907400408193,314.5360592915969,149.39381276531938
4993,0.15563284151967563,314.48899618616406,314.5815787473492,314.84218577169844,149.65982492071228
4994,0.031350394400276836,314.51265347351944,314.550228352949,314.5815787473492,149.30350292426317
4995,0.014169061352028538,314.53019590812426,314.5360592915969,314.550228352949,149.18671906385697
4996,0.08267610985354183,314.60309249188526,314.60309249188526,314.6857686017388,149.24297008827833
4997,0.005630034020303939,314.728357054509,314.728357054509,314.7339870885293,149.29063761699246
4998,0.016668038955686467,314.7778102963207,314.7778102963207,314.7944783352764,149.32286338980614
4999,0.18769513346272404,314.82174387560144,315.86226176116077,316.0617778385391,150.4179959575306
5000,0.02964884674301179,314.82352551013383,314.84218577169844,314.8718346184414,149.18038776755935
5001,0.00740809571403605,314.9914956890431,314.9914956890431,314.99890378475715,149.30709743878344
5002,0.12778084306743437,315.0165162113602,315.06261033766276,315.1903911807302,149.33360702540173
5003,0.06980319307202981,315.15817359379525,315.3399876525567,315.4097908456287,149.26037375269888
5004,0.06851932202910428,315.16403912778105,315.1903911807302,315.3006402036203,149.1811250761746
5005,0.04172970086096168,315.21040585463453,315.21040585463453,315.2521355554955,149.12091965722576
5006,0.039347448936464434,315.26410129750275,315.3006402036203,315.3399876525567,149.18573561616165
5007,0.1133264175532726,315.26486912520926,315.4097908456287,315.523117263182,149.36651436275233
5008,0.13124926288825364,315.5118272066457,315.62999704104817,315.78310813336054,149.56207057997503
5009,0.10687977786617806,315.51397154150055,315.523117263182,315.62999704104817,149.21975824706348
5010,0.2136683067628295,315.5175524098308,317.3800297879441,319.87045363430855,153.31135636839662
5011,0.07915362780023373,315.72573890792677,315.78310813336054,315.86226176116077,149.41449679416175
5012,0.02186182942410271,315.73358071696435,315.73358071696435,315.75544254638845,149.34773855865686
5013,0.01182094391562371,315.92141182652864,315.92141182652864,315.93323277044425,149.42664095331327
5014,0.051452840741057125,316.07942877581166,316.07942877581166,316.1374589523087,149.6133305197636
5015,0.00657733575600042,316.1065977880466,316.1065977880466,316.1131751238026,149.60451083296272
5016,0.0013915951694541337,316.16117341117206,316.16117341117206,316.16256500634154,149.64490839609792
5017,0.01684505555891452,316.1822228305546,316.1822228305546,316.19906788611354,149.66375418687176
5018,0.13844339952048554,316.19556414335545,316.19906788611354,316.33751128563404,149.79881410600632
5019,0.09476015283140657,316.33038475262816,316.4951643168477,316.5899244696791,150.0088231260211
5020,0.05513246467529194,316.33062406249,316.33751128563404,316.41449445485966,149.77163975116892
5021,0.0120835963850649,316.357313653912,316.357313653912,316.3693972502971,149.7581580633571
5022,0.009767108165236717,316.3651638903702,316.3693972502971,316.37916435846233,149.6609673079864
5023,0.08066986198805996,316.3668498554613,316.41449445485966,316.4951643168477,149.6617289298654
5024,0.07619645762666293,316.58099875913143,316.5899244696791,316.66612092730577,149.83290007904438
5025,0.0021585831329572424,316.67532043816954,316.67532043816954,316.6774790213025,149.90776681541388
5026,0.07652389631424682,316.72646733828606,316.72646733828606,316.8029912346003,149.94976925390867
5027,0.026742986270755317,316.82102170102047,316.82102170102047,316.8481160362296,150.0483611130231
5028,0.14561679400551633,316.82300036498384,317.0291648907827,317.1747816847882,150.2269068288579
5029,0.00035134893839149214,316.8431210562096,316.8431210562096,316.843472405148,149.9966031877644
5030,0.057656935669606155,316.8932581859399,316.92077476972054,316.97843170539016,150.0875698479508
5031,0.05073318539252314,316.9414683203003,316.97843170539016,317.0291648907827,150.12112064575
5032,0.18205653335992675,317.05619689205434,317.1747816847882,317.3568382181481,150.41488965890247
5033,0.023191569796039504,317.34243486020125,317.3568382181481,317.3800297879441,150.3792115210592
5034,0.1055581328031122,317.38434764081273,317.38434764081273,317.50286272987677,150.47808178511883
5035,0.1005018609384304,317.4278083013987,317.50286272987677,317.7212745745273,150.67911703817677
5036,0.012956956260896341,317.472151510318,317.472151510318,317.4851084665789,150.4583093999633
5037,0.08999349791586407,317.50780633694757,317.50780633694757,317.61025579544435,150.53074212753418
5038,0.012455960580876672,317.5600973886329,317.5600973886329,317.5725533492138,150.51001970303517
5039,0.006116127104310346,317.6231180838741,317.6231180838741,317.6292342109784,150.5168248036006
5040,0.09846617932436506,317.66499598007016,317.7212745745273,317.81974075385165,150.5391774497542
5041,0.009344398111021534,317.67943413835866,317.67943413835866,317.68877853646967,150.35887085048145
5042,0.10784550779919283,317.6913251900089,317.97959238556456,318.2059893870829,150.82964991888858
5043,0.09151273185358848,317.76740428302054,317.888079653711,317.97959238556456,150.64168240510054
5044,0.05572776596369286,317.7788336100031,317.81974075385165,317.888079653711,150.52997240945564
5045,0.012611133895648831,317.8503149948269,317.8503149948269,317.8629261287225,150.50044606798068
5046,0.16970675470533336,317.9700910198223,318.9211290487728,319.16895703666887,151.7238220496943
5047,0.05914139292723023,317.9886914273322,317.9886914273322,318.04783282025943,150.57496627994433
5048,0.059410100791934754,318.0053509072556,318.04783282025943,318.10724292105135,150.61525245111835
5049,0.08719203147010057,318.15544571068676,318.2059893870829,318.29318141855305,150.84305042869934
5050,0.11018257459656015,318.26672321418727,318.29318141855305,318.5435775588419,151.08684362063227
5051,0.11868037481707762,318.2783517618585,318.7234816260684,318.9211290487728,151.39236254679494
5052,0.07304287145897796,318.3277724292186,318.3277724292186,318.46148593749683,150.9942413824235
5053,0.017128104405012067,318.34470854541274,318.34470854541274,318.36183664981775,150.8352691766705
5054,0.04354253241423115,318.37200322881813,318.37200322881813,318.41554576123235,150.84956676306797
5055,0.1182977095127601,318.45921887876585,318.60518391655563,318.7234816260684,151.08257291948297
5056,0.06160635771375826,318.5069942828924,318.5435775588419,318.60518391655563,151.01922702195844
5057,0.006500057414105793,318.5175015277151,318.5175015277151,318.5240015851292,150.9207646723348
5058,0.22941002013522205,318.7428362099188,319.87045363430855,320.1097378032752,152.39843772396085
5059,0.01295136676181674,318.7592395853842,318.7592395853842,318.7789954484101,151.10463674882246
5060,0.006804496264141672,318.7649784645338,318.7649784645338,318.7717829607979,150.990932696377
5061,0.05921118486138792,318.7867112647893,318.7867112647893,318.8459224496507,150.94254562910356
5062,0.20429944243988774,318.96524356214866,319.16895703666887,319.55775404154315,151.53713228518987
5063,0.017300300851145686,319.0117527543543,319.0117527543543,319.02905305520545,150.99182610902665
5064,0.0385490397874595,319.03852911100404,319.03852911100404,319.0770781507915,150.99497904015698
5065,0.022271892552124493,319.1183262754961,319.1183262754961,319.1405981680482,151.0632582811809
5066,0.12076917188503913,319.20619799762744,319.20619799762744,319.3269671695125,151.1480074569913
5067,0.02973028016739653,319.3686888182189,319.3686888182189,319.3984190983863,151.33175175039676
5068,0.03399811038195002,319.39326358606814,319.3984190983863,319.43241720876824,151.32309446269323
5069,0.10334913887120051,319.47345461075554,319.55775404154315,319.66110318041433,151.47607822870657
5070,2.1927506621659546e-05,319.9485080769974,319.9485080769974,319.94853000450405,151.8547133110644
5071,0.19187247283740133,320.00004229414924,320.1097378032752,320.3016102761126,152.17785712311056
5072,0.009852221324806072,320.0342050199731,320.0342050199731,320.04405724129793,151.8929496528563
5073,0.11255303976582617,320.23352564549197,320.3218317436324,320.46796132777314,152.2766589825698
5074,0.21124830384186105,320.2817346193307,320.93215748095554,321.3764553380438,153.18129553189357
5075,0.17195863679945536,320.2866766851279,320.48026359200594,320.6522222288054,152.41465297241757
5076,0.02022146751978921,320.29398194747455,320.3016102761126,320.3218317436324,152.0509897700268
5077,0.03357654437491218,320.35123755655115,320.35123755655115,320.38481410092606,152.0298958831815
5078,0.012302264232804266,320.46647151896514,320.46796132777314,320.48026359200594,152.06738609734083
5079,0.0750287811521159,320.64603994642425,320.6522222288054,320.73945167320613,152.26289233708985
5080,0.012200663248646767,320.65453526025203,320.65453526025203,320.66673592350065,152.22168681813125
5081,0.07580515950548948,320.69167152687487,320.73945167320613,320.8718117661726,152.3940708138728
5082,0.026522595647472464,320.7595158938089,320.7595158938089,320.78603848945636,152.27559817620184
5083,0.030032337813492148,320.7684541281795,320.78603848945636,320.81607082726987,152.289442894341
5084,0.060345714782961794,320.85004296470595,320.8718117661726,320.93215748095554,152.37367072961243
5085,0.01290222630314862,320.96216160534664,320.96216160534664,320.9750638316498,152.42882404879856
5086,0.011211953549032599,321.0075428823892,321.0075428823892,321.01875483593824,152.45968067471713
5087,0.09051168029293784,321.05484143214295,321.05484143214295,321.1453531124359,152.51354779550508
5088,0.10790167648911589,321.0814198064226,321.1453531124359,321.253254788925,152.5193649552976
5089,0.010522016612210347,321.25839274343787,321.25839274343787,321.26891476005005,152.57154045935198
5090,0.04544273334904013,321.3535622917044,321.378980888354,321.42494704358654,152.70206579974345
5091,0.002525550310239931,321.3741438021916,321.3764553380438,321.378980888354,152.63745898425572
5092,0.0005234218834753269,321.41007768674297,321.41007768674297,321.41060110862645,152.6710813329549
5093,0.15329034787279489,321.48398283929055,321.48398283929055,321.6986520502344,152.85444806233693
5094,0.013717149804356121,321.50012894510985,321.50012894510985,321.5138460949142,152.6607749203835
5095,0.038899764713922945,321.50368185434496,321.5138460949142,321.5615078081809,152.6791915249874
5096,0.008761948552826459,321.5384859358018,321.5384859358018,321.54724788435465,152.67042957643457
5097,0.028605967370859953,321.69250247725955,321.6986520502344,321.72725801760527,152.82446226426842
5098,0.0399719548370266,321.7677445095226,321.7677445095226,321.8077164643596,152.84033679389444
5099,0.033554485282697465,321.81781388190103,321.81781388190103,321.85136836718374,152.8834214487957
5100,0.043471068371311476,321.8402355527933,321.85136836718374,321.8981827910113,152.9254525719477
5101,0.044765950777105906,321.8744445207328,321.8981827910113,321.9429487417884,152.90144632330217
5102,0.003343355456271757,321.878923320489,321.878923320489,321.88226667594523,152.87446409402475
5103,0.042246321028545024,322.0217178909527,322.0217178909527,322.0639642119812,152.93486075469662
5104,0.020813810978146427,322.1122797269968,322.1122797269968,322.13309353797496,152.97278199124665
5105,0.043792503948248004,322.1195702801002,322.13309353797496,322.1768860419232,152.961641695675
5106,0.02143921493392464,322.2085860156354,322.2085860156354,322.2390239779657,153.02153537133825
5107,0.00899874739638439,322.21568843995396,322.21568843995396,322.22468718735036,152.9391903091098
5108,0.16157926600640005,322.3652542907137,322.3652542907137,323.53878903271914,154.09595033994333
5109,0.12284875979465261,322.368270305968,322.368270305968,322.9774715802754,153.4717651755474
5110,0.0947138022576617,322.3717192695941,322.3717192695941,322.55829639960547,153.0936796746773
5111,0.0700065674662844,322.3754614456466,322.3754614456466,322.4454680131129,152.96720145260772
5112,0.021856760287385618,322.4411197926684,322.4454680131129,322.46732477340026,152.86277189769984
5113,0.013987394913929151,322.545583828661,322.55829639960547,322.5722837945194,152.806443805099
5114,0.09215665431907277,322.59714079365074,322.59714079365074,322.7002742119638,152.8992826235346
5115,0.07442932134279129,322.6302360725908,322.7002742119638,322.7928668649338,152.84675051567905
5116,0.010976763993986139,322.6401584540471,322.6401584540471,322.6511352180411,152.72699310782266
5117,0.018163331627219597,322.71509436671374,322.71509436671374,322.73325769834094,152.77019251980215
5118,0.09155818233828518,322.797997932191,322.9774715802754,323.1070610508418,153.09637582738603
5119,0.07035183870952551,322.81574368454034,322.81574368454034,322.8860955232499,152.8531027779135
5120,0.019710079594875536,322.8768567649306,322.8860955232499,322.90580560284474,152.8546518568001
5121,0.03343231456726138,322.9945674152651,322.9945674152651,323.03259870349325,152.92246171751208
5122,0.004598973660836111,323.00216410108493,323.00216410108493,323.0067630747458,152.82828158439276
5123,0.06438152485335838,323.06053672680224,323.1070610508418,323.1886812470208,152.97502858223464
5124,0.01723867132560685,323.11871292067497,323.11871292067497,323.1359515920006,152.93062262193982
5125,0.060563924863409294,323.1333102601388,323.1886812470208,323.2492451718842,152.8291538756734
5126,0.11331477941233392,323.1623289442122,323.2492451718842,323.36255995129653,152.88842940053047
5127,0.005908014199688885,323.4672661984069,323.4672661984069,323.4731742126066,153.029099315558
5128,0.011757816470801735,323.48320740884407,323.48320740884407,323.49496522531484,153.04504052599518
5129,0.04016552168455234,323.52878521979477,323.53878903271914,323.595866248131,153.08810054170948
5130,0.0101309125675122,323.5411688641188,323.5411688641188,323.5512997766863,153.0763081165549
5131,0.006780781159802884,323.54628813269153,323.5512997766863,323.5580805578461,153.05235825216093
5132,0.0035369527057681994,323.6479422235954,323.6479422235954,323.65147917630117,153.0969247236056
5133,0.0072153223124071224,323.67323705727847,323.67323705727847,323.68045237959086,153.0478643412765
5134,0.09022283388805728,323.71147881240597,323.71147881240597,323.801701646294,153.140279915319
5135,0.1148469360239959,323.7164851724982,323.81554855084966,323.99570567592133,153.20671047381677
5136,0.013846904555608821,323.7966790641361,323.801701646294,323.81554855084966,153.05942853904318
5137,0.05132182226419703,323.8293261133767,323.8293261133767,323.88064793564087,153.07133229216743
5138,0.013988366783500652,323.8736159507084,323.88064793564087,323.8946363024244,153.07836427709987
5139,0.0886938277321271,324.0883440247375,324.0883440247375,324.17703785246965,153.2417661472391
5140,0.12549273468168118,324.10401291803953,324.68308046144847,324.80857319613017,153.7813182105432
5141,0.03994552982171497,324.1402473857152,324.17703785246965,324.21698338229135,153.29077355220065
5142,0.11388455711765949,324.21173393710626,324.21698338229135,324.68308046144847,153.72183374257185
5143,0.04269999056743575,324.22099368938024,324.22099368938024,324.26369367994766,153.22384600708816
5144,0.06989129846667021,324.2913943583578,324.2913943583578,324.4256551516535,153.41216217510163
5145,0.04607179769505322,324.3116774774063,324.3116774774063,324.36822419648024,153.2576186048764
5146,0.010474921378909176,324.3302915884404,324.3302915884404,324.3407665098193,153.24714368349748
5147,0.007822775755086157,324.36931960572036,324.36931960572036,324.37714238147544,153.2140526993975
5148,0.21685110772077476,324.3964214294947,324.80857319613017,327.63848730102694,156.47982510846867
5149,0.06927253055538918,324.4093098573937,324.4256551516535,324.49492768220887,153.2454768031095
5150,0.07978566693583973,324.45528251845525,324.49492768220887,324.5747133491447,153.28512196686313
5151,0.026193540685138347,324.61660058679223,324.61660058679223,324.6427941274774,153.3763574903321
5152,0.15698977626575494,324.8388563131449,324.8388563131449,324.99584608941063,153.64709366233322
5153,0.17733283296900043,324.8636245502382,325.12244553018576,325.32463670349796,154.04695109726867
5154,0.10934156427738505,324.89523505267255,324.99584608941063,325.105187653688,153.81717452618759
5155,0.01725787649775733,325.0960298616886,325.105187653688,325.12244553018576,153.8127004387573
5156,0.014490245001531319,325.1753977805345,325.1753977805345,325.18988802553605,153.82848730408628
5157,0.10164988214252692,325.2368676252446,325.7204271128281,325.84516222877215,154.4157788630058
5158,0.06812977152179461,325.29470158293213,325.32463670349796,325.4009610115136,154.00750932925752
5159,0.010368095341685589,325.3021270459372,325.3021270459372,325.3124951412789,153.93100589359847
5160,0.008194536493822376,325.354771063869,325.354771063869,325.3629656003628,153.85909363406924
5161,0.04669906046969277,325.35553361357955,325.4444078857836,325.4911069462533,153.83241857945993
5162,0.04344687427003744,325.3653041991321,325.4009610115136,325.4444078857836,153.7787616056323
5163,0.060539850102716376,325.3774134374779,325.4911069462533,325.551646796356,153.80397387162415
5164,0.062241008428236835,325.42550248496036,325.551646796356,325.61388780478427,153.90136227487008
5165,0.07912354128003941,325.5944464535438,325.61388780478427,325.7031114657361,153.9734525440034
5166,0.1744113863628743,325.60925274196217,326.4063808444894,326.6368139177038,154.85249436385382
5167,0.01731564709202679,325.6770927643092,325.7031114657361,325.7204271128281,153.9309732908658
5168,0.010100119671778011,325.6796173914044,325.6796173914044,325.6897175110762,153.9074792165341
5169,0.023085233801559316,325.7404725596697,325.7404725596697,325.76355779347125,153.9713303830504
5170,0.14397961429971565,325.7482570302456,325.84516222877215,326.4063808444894,154.53140032492718
5171,0.01548568597275703,325.87884443151927,325.87884443151927,325.894330117492,154.0609735122585
5172,0.06421952327678966,325.9362859263147,325.9362859263147,326.02159851963177,154.17019027572886
5173,0.06161535413225064,325.9583687942305,326.02159851963177,326.09522167844796,154.20052236119474
5174,0.01675909961413744,325.97102283957435,325.97102283957435,325.9877819391885,154.08367324219452
5175,0.0043339704261201135,326.01215899724116,326.01215899724116,326.01649296766726,154.1229308485794
5176,0.012007804683953991,326.03368804533375,326.03368804533375,326.0456958500177,154.12629414444393
5177,0.05482332926061484,326.0576920346628,326.09522167844796,326.15004500770857,154.0968966944066
5178,0.028490817202586293,326.14815412587853,326.15004500770857,326.17853582491114,154.09878757623665
5179,0.04816657379093845,326.1851046221282,326.1851046221282,326.3044471708708,154.21069081338808
5180,0.00429061929278341,326.18952814161753,326.18952814161753,326.1938187609103,154.12944662304818
5181,0.028173368061879443,326.1903870302327,326.1938187609103,326.22199212897215,153.97581093578006
5182,0.03871198759703254,326.20051496630117,326.22199212897215,326.2607041165692,153.98088484534972
5183,0.04016086810575861,326.2650165876859,326.3044471708708,326.34460803897656,154.03323867576722
5184,0.03946393217675977,326.4699573942631,326.4699573942631,326.50942132643985,154.18799067459622
5185,0.016557754674831043,326.55240008459026,326.55240008459026,326.56895783926507,154.23054255516993
5186,0.07535433805002081,326.6621873098166,326.6621873098166,326.7539238207234,154.38872376453756
5187,0.13210712920697032,326.6803344805524,327.08845953804246,327.23635478225066,154.86733064633205
5188,0.09385380440015242,326.7002367743405,326.7539238207234,326.8861950217723,154.45048624090933
5189,0.016382172856788026,326.70112615306596,326.70112615306596,326.7175083259227,154.30272026864657
5190,0.03841739664876847,326.7820592627847,326.7820592627847,326.82047665943344,154.377467990948
5191,0.12932645251907557,326.8201528210157,326.8861950217723,327.08845953804246,154.57313797094668
5192,0.03315275853425119,326.9289259080932,326.9289259080932,326.96207866662746,154.46311169887443
5193,0.03978530521680312,326.9948422632245,326.9948422632245,327.0346275684413,154.51553978258858
5194,0.1485984290265675,327.1609702849804,327.3123605689596,327.46095899798615,154.81653701217516
5195,0.01578811500121283,327.1837679603444,327.1837679603444,327.19955607534564,154.66349885375536
5196,0.019953439082831294,327.22439687039093,327.23635478225066,327.2563082213335,154.66089258934866
5197,0.046804694495627575,327.2415854311254,327.2563082213335,327.3031129158291,154.54751739660793
5198,0.009247653130513433,327.30298757390653,327.3031129158291,327.3123605689596,154.53789940697862
5199,0.016333704447511865,327.60287988675714,327.60287988675714,327.61921359120464,154.8366883108462
5200,0.033159414063977787,327.6265572565468,327.65052670739465,327.6836861214586,154.87360433735407
5201,0.012039406367707456,327.6350920147912,327.63848730102694,327.65052670739465,154.82127257661855
5202,0.001667209789164127,327.7024281853932,327.7024281853932,327.7040953951824,154.86647139705025
5203,0.04198007938123268,327.82994647937016,327.82994647937016,327.8719265587514,154.8943271406464
5204,0.14382866614377274,327.86839706930874,327.8719265587514,328.01575522489514,155.00044206660914
5205,0.08737936736228899,327.9745119952715,328.01575522489514,328.10313459225745,155.07797851950826
5206,0.11752960239627948,328.0253735222293,328.10313459225745,328.22066419465375,155.22289378826142
5207,0.15504032923203281,328.0588518745589,329.0712791380042,329.30121522325766,156.20514057384048
5208,0.11653090956612047,328.1107055675092,328.4968186694621,328.6825776708776,155.59329461936915
5209,0.07904843424302674,328.20376714331206,328.22066419465375,328.39706694193353,155.25033294891497
5210,0.03038978293290646,328.2582956482387,328.2582956482387,328.2886854311716,155.16238878678206
5211,0.09975172752855654,328.28208378191516,328.39706694193353,328.4968186694621,155.23614865104264
5212,0.1439022852439697,328.286690710098,328.6825776708776,329.0712791380042,155.83370381118482
5213,0.03626571792049114,328.2867678198795,328.31938424335493,328.35564996127545,155.06272380828932
5214,0.030698812183322703,328.28694705343725,328.2886854311716,328.31938424335493,155.02368097723746
5215,0.2047203253484607,328.5080006838967,336.3735744253748,336.75565591296777,163.4148581671083
5216,0.04495212460543539,328.55143032169104,328.55143032169104,328.5963824462965,155.25539997010617
5217,0.0242759672439767,328.60600941149994,328.60600941149994,328.6302853787439,155.2906850300652
5218,0.06665370284932197,328.74099633428295,328.74099633428295,328.8197012479721,155.48230268276896
5219,0.17050526387364218,328.74315801675596,329.30121522325766,329.48081203223376,156.13061236742874
5220,0.012051210839856837,328.79423678564075,328.79423678564075,328.8062879964806,155.44815226242864
5221,0.018090949150463227,328.8260523041552,328.8260523041552,328.8441432533057,155.4851528246046
5222,0.01397204276608434,328.83504160898974,328.8441432533057,328.85811529607173,155.47665841641495
5223,0.02969225433973997,328.8567500248936,328.85811529607173,328.8878075504115,155.46822670772164
5224,0.04806047231530149,328.89028308013843,328.89028308013843,328.9383435524537,155.49164222223104
5225,0.04356340753188754,328.914616786805,328.9383435524537,328.9946221020756,155.51004378491325
5226,0.006996487675306714,328.9487118000803,328.9487118000803,328.95570828775556,155.48094455118778
5227,0.0057186544147179086,328.97164744905615,328.97164744905615,328.97736610347084,155.49634260247666
5228,0.016726651608793816,329.1530364203589,329.1530364203589,329.1697630719677,155.62971760095488
5229,0.055881235252954034,329.1711453010917,329.1711453010917,329.2293144055044,155.69065857697464
5230,0.2158277853307819,329.1716089565089,343.90067063299864,344.2569670341557,170.68231148575316
5231,0.0022878691597123953,329.2184925062991,329.2184925062991,329.22078037545884,155.61191908318352
5232,0.0919295904641967,329.38637525570965,329.48081203223376,329.57274162269795,155.84894187706692
5233,0.12925692794327462,329.42415009927635,329.57274162269795,329.7096660801715,155.99507531116805
5234,0.004424990916713176,329.45367855949246,329.45367855949246,329.4581035504092,155.75094079825877
5235,0.004666554185765965,329.45731051430033,329.4581035504092,329.46277010459494,155.63044321278946
5236,0.007667529530215907,329.6419519930609,329.6419519930609,329.64961952259114,155.77150420115458
5237,0.13119280614438714,329.64520361053826,329.7454894308259,329.8936313313441,155.9155547186837
5238,0.025309797984333148,329.7014450272096,329.7096660801715,329.7454894308259,155.70337402717465
5239,0.010513552670114126,329.72121073227345,329.72121073227345,329.73172428494354,155.69177167398456
5240,0.27006262001246617,329.76903755624005,373.8400974392098,374.3526328759492,200.2909373731617
5241,0.016949094373822377,329.77196185388544,329.77196185388544,329.7889109482593,155.718399386206
5242,0.04722728368294088,329.8562005717734,329.8936313313441,329.9408586150271,155.837823228084
5243,0.11948458318973156,329.88284972055953,330.572282188718,330.7059165329697,156.57709579751162
5244,0.10657966913573526,329.90546579474227,329.96508217836737,330.0716618475031,155.8433177726335
5245,0.0242235633402727,329.91880589100964,329.9408586150271,329.96508217836737,155.63203493540763
5246,0.10654382493007215,330.0477390482939,330.0716618475031,330.51447599059355,156.16318171547223
5247,0.053895572942102066,330.09385737792303,330.09385737792303,330.1640695344822,155.75866227342186
5248,0.12812859182452585,330.0951257758755,330.70968498714393,331.037963570434,156.5830057203439
5249,0.07760410019137973,330.1159546285627,330.352523595892,330.4301276960834,155.89364875108157
5250,0.016316583617080785,330.11816348798703,330.11816348798703,330.1344800716041,155.65928864317658
5251,0.06797172005126911,330.1402491158676,330.2019807150458,330.352523595892,155.81661349330037
5252,0.03227130469674828,330.14034305024006,330.1640695344822,330.2019807150458,155.71724963024005
5253,0.005639875866844259,330.18282154335947,330.18282154335947,330.1884614192263,155.60406460140922
5254,0.03789780765542201,330.2052541214917,330.2052541214917,330.24315192914713,155.655395288256
5255,0.04467335313952658,330.23415223020623,330.24315192914713,330.28782528228663,155.68645317721985
5256,0.17278167294024327,330.28225377601115,333.4318004292366,333.93024268373813,159.266607720655
5257,0.057806198124445624,330.4911951883465,330.51447599059355,330.572282188718,155.91108383750418
5258,0.014149761061930465,330.59171209324353,330.59171209324353,330.6058618543055,155.97088686186825
5259,0.0037684541742272677,330.7033393909978,330.7059165329697,330.70968498714393,156.0454854690833
5260,0.021350740946258828,330.71830606768316,330.71830606768316,330.73965680862943,156.05787500379677
5261,0.005943274000482239,330.7405899260328,330.7405899260328,330.74653320003324,156.06767220928546
5262,0.13953628844420668,330.7913547787715,331.037963570434,332.44306958440075,157.68221704049196
5263,0.06454705341091761,330.7918305206433,330.7918305206433,330.85637757405425,156.09501881400593
5264,0.0496140588189815,330.82847788846345,330.85637757405425,330.9059916328732,156.1513040764843
5265,0.058694864288917674,330.88476315094186,330.9059916328732,330.9646864971621,156.12037674580264
5266,0.0028656929117754845,331.0435327657102,331.0435327657102,331.046398458622,156.21230430052447
5267,0.09075596035485267,331.0471801439039,331.0471801439039,331.13793610425876,156.20427189573235
5268,0.02270793554492292,331.12748946323575,331.13793610425876,331.1606440398037,156.21860031280482
5269,0.11704836930734712,331.15108996122615,331.1606440398037,331.36570329235275,156.38589825601295
5270,0.023418607738947758,331.1829622133599,331.1829622133599,331.20638082109883,156.23389575231423
5271,0.15648041243466387,331.18519420585665,332.6201544373377,332.9676684158962,157.933726176302
5272,0.029651866480966915,331.19323809264074,331.20638082109883,331.2360326875798,156.23502267220462
5273,0.01831440483891783,331.21894664760646,331.2360326875798,331.2543470924187,156.21698404426226
5274,0.09859332825647124,331.26946857697243,331.54048439620874,331.6390777244652,156.5914763455419
5275,0.11414449787724065,331.27336869112673,331.9677266349102,332.08187113278746,156.93895366367934
5276,0.016626004182903227,331.2737833860369,331.2737833860369,331.2904093902198,156.24155299499893
5277,0.06777329166849218,331.3220425958225,331.36570329235275,331.43744733750384,156.374872628399
5278,0.08951406153060924,331.38058010925016,331.43744733750384,331.54048439620874,156.40602819766093
5279,0.003970753482562292,331.4166173638524,331.4166173638524,331.420588117335,156.33861503722665
5280,0.013522997174253771,331.4419203742061,331.4419203742061,331.4554433713804,156.35655707547423
5281,0.09161571666064625,331.55361924793635,331.6843089423639,331.77592465902455,156.65981257869598
5282,0.0452312178987004,331.6105249888595,331.6390777244652,331.6843089423639,156.5241645400556
5283,0.11072029886674147,331.6650582334606,331.8527895126829,331.9677266349102,156.72468078423856
5284,0.06140291994923751,331.75110302927567,331.77592465902455,331.8527895126829,156.646780179731
5285,0.01546193370908543,331.8001469445683,331.8001469445683,331.81560887827743,156.5950004558473
5286,0.15333013324524844,331.8053249578991,332.44306958440075,332.6201544373377,157.3704343505642
5287,0.11611211149274223,331.85433722060407,332.08187113278746,332.1979832442802,156.88393257467496
5288,0.004216823360594626,331.8747369274121,331.8747369274121,331.87895375077267,156.62464843566326
5289,0.09954460019549184,332.11106418458206,332.1979832442802,332.30030902655085,156.9667963280945
5290,0.0027811820751706376,332.2570140622877,332.2570140622877,332.25979524436286,156.93881424285848
5291,0.009575149963820228,332.34555960727545,332.34555960727545,332.3551347572393,156.9899447834709
5292,0.023754719691700937,332.55974742270223,332.55974742270223,332.5835021423939,157.19776448980306
5293,0.0064948783527624355,332.63525176810094,332.63525176810094,332.6417466464537,157.25111923612334
5294,0.02685464443095564,332.65469418402324,332.65469418402324,332.69558199536584,157.22416283401614
5295,0.014033166911659404,332.6644237743184,332.6644237743184,332.67845694123,157.1162270206747
5296,0.017994704164988964,332.7380344415038,332.7380344415038,332.75602914566883,157.1896238542791
5297,0.11727251620603095,332.763683536183,332.9676684158962,333.2965186378493,157.69642006239934
5298,0.028997412466778186,332.77116370081745,332.77116370081745,332.8001611132842,157.20508463885912
5299,0.02860107012969304,332.7908480183123,332.8001611132842,332.8287621834139,157.19787568991183
5300,0.05557149001638833,332.83222649314627,332.83222649314627,332.88779798316267,157.22741171292046
5301,0.012486199650527365,332.90099236547945,332.90099236547945,332.91347856513,157.2899532046278
5302,0.04706659678341946,332.98833488620204,332.98833488620204,333.03540148298543,157.3438460636069
5303,0.023276617385065396,333.03582208182263,333.03582208182263,333.0590986992077,157.3857197065161
5304,0.2537910298843429,333.0615742849321,361.1735645328176,362.7979357066653,187.0778386772519
5305,0.06460340823397434,333.0637660199556,333.0637660199556,333.12836942818956,157.3336887205759
5306,0.3032729671730887,333.0721506520406,377.8510424780873,379.5873912553981,203.77313656123786
5307,0.03759360136258217,333.1506670051525,333.1506670051525,333.1882606065151,157.39385893733294
5308,0.039037481982122854,333.1764609514432,333.1882606065151,333.2272980884972,157.39034051127172
5309,0.09768042407226493,333.2560345204571,333.2965186378493,333.4318004292366,157.46989165767314
5310,0.03760136731499622,333.31691924164903,333.31691924164903,333.35452060896404,157.3871434059257
5311,0.07458569917513437,333.4902055180291,333.4902055180291,333.56479121720423,157.52408214099526
5312,0.18085763592610915,333.5564312856713,334.1837676445838,336.2675750911228,160.18507356595921
5313,0.03851635166481574,333.5814052804351,333.5814052804351,333.61992163209993,157.49564611573382
5314,0.03407326517235728,333.64723914238766,333.64723914238766,333.68131240756003,157.53245412956858
5315,0.06035590205209273,333.6839230538975,333.6839230538975,333.7442789559496,157.53042566356444
5316,0.04581549399714087,333.7006180323715,333.7442789559496,333.79009444994676,157.55626214573024
5317,0.05051557366209241,333.7101864812322,333.79009444994676,333.86240831944644,157.64341272279412
5318,0.021798295837562626,333.8013302487391,333.8013302487391,333.82312854457666,157.55559180071256
5319,0.0859527856333229,333.85320147861864,333.93024268373813,334.01619546937144,157.721595135747
5320,0.10613691513364924,333.97117999106064,334.01619546937144,334.1837676445838,157.86760055857087
5321,0.04275429474537698,334.07156429547894,334.07156429547894,334.1143185902243,157.70726500805839
5322,0.003452840857174071,334.1291259922824,334.1291259922824,334.1325788331396,157.72256351743022
5323,0.0068499059212154285,334.14326866363945,334.14326866363945,334.1501185695607,157.72794355749727
5324,0.00837821855494692,334.16177490859,334.16177490859,334.17015312714494,157.71857913030846
5325,0.13699205060506395,334.1944737171284,334.1944737171284,334.8498001718075,158.37417932621963
5326,0.10564297257851211,334.2414556132739,334.9605596806597,335.0838109999203,158.59467216754206
5327,0.08468561101704788,334.24250751234297,334.24250751234297,334.3472315070328,157.82627986637405
5328,0.020038383672756316,334.24306312061896,334.24306312061896,334.26310150429174,157.7299550858088
5329,0.0826689882769029,334.32962546894174,334.3472315070328,334.4835933458732,157.95721586729144
5330,0.05369285056347163,334.3692448899263,334.3692448899263,334.4229377404898,157.8077300938701
5331,0.029227446609788578,334.47522902315524,334.4835933458732,334.512820792483,157.93524518231652
5332,0.07291185296572175,334.4878917073143,334.6879300634513,334.760841916417,158.02554036864925
5333,0.059644375925961356,334.51150146041493,334.512820792483,334.572465168409,157.86244581898387
5334,0.07007264515957345,334.564076395094,334.572465168409,334.6425378135686,157.8739642022149
5335,0.045392249882710387,334.6348674150388,334.6425378135686,334.6879300634513,157.812410538215
5336,0.09854687382271192,334.82414115448404,334.8498001718075,334.9605596806597,158.06469473826567
5337,0.012212635029490503,334.91181252338225,334.91181252338225,334.9240251584117,158.0226065330772
5338,0.14956979068437803,334.98728710677534,335.5607572858551,335.7433558685231,158.7882929242804
5339,0.10784384275224018,335.0222244550266,335.0838109999203,335.1916548426725,158.2540952192325
5340,0.0176083466820827,335.03187684216783,335.03187684216783,335.0494851888499,158.10331791021392
5341,0.14269038107045462,335.1752374749895,335.1916548426725,335.5129216907675,158.58377849410323
5342,0.10225829371293894,335.20128011725814,335.20128011725814,335.36283095950057,158.38257827428572
5343,0.03916934206568882,335.224043596152,335.224043596152,335.2632129382177,158.2541859188558
5344,0.020123206463764087,335.3079887765144,335.3079887765144,335.32811198297816,158.26305406105536
5345,0.01702562478209411,335.4446513180358,335.4446513180358,335.4616769428179,158.39403913255592
5346,0.04783559508761517,335.5127738203276,335.5129216907675,335.5607572858551,158.50026957070807
5347,0.1600970928470974,335.556975860026,335.7433558685231,335.9046287968957,158.80106128263935
5348,0.23519700204312366,335.5811537103809,357.48327267357035,357.7566552331215,180.6336235508682
5349,0.03302879198360707,335.65536811190236,335.65536811190236,335.688396903886,158.57691936436945
5350,0.0011758355255079673,335.78091523703137,335.78091523703137,335.78209107255685,158.6939240211765
5351,0.045332179448406985,335.86069965193906,335.9046287968957,335.95259530976085,158.83045721782264
5352,0.05435653931516249,335.91036562937876,335.9656951653983,336.02005170471347,158.7514268872801
5353,0.0026343334167544447,335.92182016450676,335.92182016450676,335.92445449792353,158.6943613582089
5354,0.013099855637450388,335.9522638661009,335.95259530976085,335.9656951653983,158.6663534659677
5355,0.022778691941688994,336.1256884615788,336.1256884615788,336.1484671535205,158.68023610920298
5356,0.031209682283099355,336.1505965284298,336.1505965284298,336.18180621071286,158.6868420534401
5357,0.023383448803081946,336.208171511363,336.208171511363,336.2315549601661,158.7212330502072
5358,0.10599933425196992,336.2433372448391,336.2675750911228,336.3735744253748,158.75120304778633
5359,0.00515734389903171,336.4505857100052,336.4505857100052,336.45574305390426,158.90648436936354
5360,0.11124926010384105,336.46423961666886,336.46423961666886,336.6003757051156,159.04195548787504
5361,0.1916807473824229,336.47427285670943,337.3650592258584,337.5567399732408,159.83451162325764
5362,0.022572256546439448,336.4790530339838,336.4790530339838,336.5026216303237,158.87669596742933
5363,0.0009963397934324872,336.4920594437082,336.4920594437082,336.49305578350163,158.86039729509548
5364,0.001318232003002354,336.5936754986902,336.5936754986902,336.5949937306932,158.952383683102
5365,0.008426351289642508,336.62082801500867,336.62082801500867,336.6292543662983,158.96521417241874
5366,0.027641378609106548,336.645022957704,336.645022957704,336.6726643363131,158.97418498120658
5367,0.17492156765725878,336.6494086517306,336.88716258539995,337.1445357975329,159.43223866389013
5368,0.13150667243220204,336.69081559223827,336.75565591296777,336.88716258539995,159.04373354243612
5369,0.07682747045989259,336.94333033918997,336.94333033918997,337.02015780964985,159.19667802299642
5370,0.21144126790402923,337.0289286561978,338.71620069921977,339.0029369737529,161.21186833659655
5371,0.005624174015869784,337.12890826909177,337.12890826909177,337.1345324431076,159.31554250145368
5372,0.10397833994966997,337.1351188062654,337.1445357975329,337.2485141374826,159.39656038575737
5373,0.08576244515300158,337.23556097692153,337.2485141374826,337.3650592258584,159.4405509006353
5374,0.025383308726240394,337.2534811813532,337.2534811813532,337.27886449007946,159.3871282973785
5375,0.005399334496546523,337.29324797723655,337.29324797723655,337.2986473117331,159.37107925251064
5376,0.1669047431512645,337.42347317638547,337.9992917857143,338.1661965288656,160.1666763172808
5377,0.1227873683501407,337.4382448355246,337.5567399732408,337.77147316536247,159.7607120906742
5378,0.04007967291601961,337.5707208192382,337.5707208192382,337.6108004921542,159.56598934200238
5379,0.007367744662088459,337.654366199904,337.654366199904,337.6617339445661,159.63255527334493
5380,0.14141467887818837,337.66486309528204,337.81508675043534,337.9650101036685,159.8567926343518
5381,0.004541955111848827,337.6686184401208,337.6686184401208,337.6731603952326,159.5638618095544
5382,0.03217188258859318,337.6891059391016,337.6891059391016,337.7212778216902,159.53517017728205
5383,0.04361358507288435,337.75106117676745,337.77147316536247,337.81508675043534,159.5643979634721
5384,0.007784568492952424,337.7526194003919,337.7526194003919,337.7604039688849,159.47716397878384
5385,0.008508674354949402,337.9297815413343,337.9297815413343,337.9382902156893,159.65336285648738
5386,0.03428168204581732,337.9364584570881,337.9650101036685,337.9992917857143,159.64438904104173
5387,0.16117836305181626,338.1368866043551,338.2139961099936,338.4520222611544,160.09029907772037
5388,0.04779958112802509,338.16412458082783,338.1661965288656,338.2139961099936,159.82099248089352
5389,0.006081495476397149,338.2561738435251,338.2561738435251,338.2622553390015,159.91215804344924
5390,0.12731891856507763,338.25795424961376,338.4520222611544,338.6164461283593,160.1558286250092
5391,0.03397882935839067,338.31842731093786,338.31842731093786,338.35240614029624,159.86330843650086
5392,0.028790759081840075,338.36580692219167,338.36580692219167,338.3945976812735,159.79867431942228
5393,0.007996704192362477,338.42561525470387,338.42561525470387,338.4336119588962,159.75039840865597
5394,0.027826551578092856,338.50496987319076,338.50496987319076,338.54207482183057,159.83584935315835
5395,0.0006548613157288363,338.5124479772665,338.5124479772665,338.51310283858226,159.8050068139013
5396,0.008623535745990034,338.5214546037675,338.5214546037675,338.5300781395135,159.80658916869197
5397,0.0802143932340703,338.52442347606035,338.6164461283593,338.71620069921977,159.95890782555918
5398,0.019540177626379215,338.6611991572239,338.6611991572239,338.6807393348503,159.94489907035643
5399,0.23382587793182866,338.6791503086531,347.0452663104656,356.9273069608683,178.15642692120983
5400,0.20104733238191658,338.72661081683725,340.0871955917576,340.4293212760284,161.56813301552063
5401,0.014155609266708804,338.7484004946878,338.7484004946878,338.7625561039545,159.8699974956764
5402,0.027474335444354438,338.8522419421643,338.8522419421643,338.8797162776087,159.96838105803593
5403,0.032067844194941436,338.89207765223705,338.89207765223705,338.9257427141551,159.90549380649244
5404,0.001597217723088743,338.91621292301267,338.91621292301267,338.91781014073575,159.83587639763934
5405,0.09666617492340633,338.92874943739525,339.0029369737529,339.2453140434456,159.98053042312574
5406,0.1099543933417831,338.9637899182537,339.2453140434456,339.3552684367874,160.0197028067239
5407,0.0023884268829528488,339.00422794790006,339.00422794790006,339.006616374783,159.74099493766246
5408,0.04908553163278407,339.0140817061006,339.0140817061006,339.11218272194634,159.81628850765446
5409,0.03142680876906752,339.0312704545581,339.0312704545581,339.08028593877106,159.78903428815775
5410,0.017588675443824617,339.03142682782226,339.03142682782226,339.0490155032661,159.72979457833583
5411,0.12933703753740577,339.03604316741007,339.3552684367874,339.53847919819873,160.201182843974
5412,0.03258141268030802,339.0717895695005,339.11218272194634,339.14476413462666,159.77862607087764
5413,0.16170448681805016,339.13157759383955,339.54416061636226,339.83571237690774,160.39373154969005
5414,0.01264003936029074,339.13779283690957,339.14476413462666,339.15740417398695,159.76176604345974
5415,0.03487841773216292,339.3869873718285,339.3869873718285,339.4218657895607,160.03492184271184
5416,0.018995306141722533,339.41807721184097,339.4218657895607,339.4408610957024,160.0241975284675
5417,0.20423132003839264,339.4229294395104,342.62784361017225,342.92767522228837,163.44204505873554
5418,0.00568141816351244,339.53314758799684,339.53847919819873,339.54416061636226,160.1023330939448
5419,0.05360562358597251,339.6438219932444,339.6438219932444,339.69742761683034,160.2427955542129
5420,0.06087667084638044,339.68366600116434,339.69742761683034,339.7736692669718,160.28799416971222
5421,0.18529884072109773,339.6872061835518,339.83571237690774,340.0871955917576,160.44884926183352
5422,0.0153649792950888,339.719195283449,339.719195283449,339.7345602627441,160.23571225192688
5423,0.034675376454946984,339.8520527220879,339.8520527220879,339.88672809854285,160.37248873504527
5424,0.03150899767383068,339.872382909953,339.88672809854285,339.91823709621667,160.35316554932783
5425,0.05662123363153564,340.10232571760724,340.10232571760724,340.15894695123876,160.5525749441649
5426,0.0405374302366974,340.27861600339236,340.27861600339236,340.3191534336291,160.64868009580638
5427,0.04391968802064478,340.3339685228188,340.3339685228188,340.37788821083944,160.69875485648686
5428,0.19279533086232073,340.3455645562438,342.321037469902,342.62784361017225,162.8099765308577
5429,0.11192408408163407,340.3580843256082,340.4293212760284,340.54124536011005,160.69072974365076
5430,0.14957273725608783,340.36192214058775,340.5927232420724,340.76789406407516,160.9204098869137
5431,0.051477881962367904,340.49420349271986,340.54124536011005,340.5927232420724,160.67903266589514
5432,0.025598084746690064,340.6934024730415,340.6934024730415,340.71900055778815,160.7645440148773
5433,0.06596045985173034,340.7513374048181,340.76789406407516,340.87725383573485,160.87416324277314
5434,0.12005252306424068,340.7580770343545,341.2055460295125,341.3326450212913,161.32003464872153
5435,0.10356046807659813,340.76158169858485,341.0383894642965,341.2055460295125,161.071451845411
5436,0.033014432479840164,340.79696822005377,340.79696822005377,340.8403675318617,160.7306629380901
5437,0.010384879328140832,340.79895938923073,340.79895938923073,340.80934426855885,160.68461666179525
5438,0.09808262320729487,340.83291057799573,340.9403068410892,341.0383894642965,160.7762925229075
5439,0.06305300535430565,340.85683801586174,340.87725383573485,340.9403068410892,160.70875347066
5440,0.05027729908737271,341.09087126759374,341.09087126759374,341.1445984484562,160.94208067959977
5441,0.0034498817750747693,341.09370502124426,341.09370502124426,341.0971549030193,160.8874913697128
5442,0.009868916277033044,341.14357807315787,341.1445984484562,341.1544673647332,160.9330373016482
5443,0.10191896660671622,341.2279414041362,341.3326450212913,341.5070285768858,161.1848689844234
5444,0.00523841612244143,341.2992686968083,341.2992686968083,341.30450711293076,160.9959672927464
5445,0.0018080525920716728,341.3093462539367,341.3093462539367,341.3111543065288,160.98801755672375
5446,0.04297920371851975,341.35254083911997,341.35254083911997,341.3955200428385,161.02863534154199
5447,0.029485385269229968,341.4271331741538,341.4271331741538,341.4566185594231,161.08162709380238
5448,0.17715652287607,341.457734763863,341.5070285768858,341.8469030281635,161.43746552316014
5449,0.03806423968954139,341.55286381167423,341.55286381167423,341.5909280513638,161.21348482965743
5450,0.054775235326096246,341.57289354426445,341.5909280513638,341.64570328668987,161.22711366216862
5451,0.015451485194541204,341.68255897148094,341.68255897148094,341.6980104566755,161.30304466035977
5452,0.18721395199858895,341.72733496103757,341.8469030281635,342.15662954071126,161.64439410064136
5453,0.054426968191487554,341.73788983109387,341.73788983109387,341.79231679928535,161.2878315954291
5454,0.008243319679168635,341.84741581331735,341.84741581331735,341.85565913299655,161.37519970226083
5455,0.007571202060871175,341.87199402723076,341.87199402723076,341.87956522929164,161.36763055129973
5456,0.024189791606009235,341.88216851989904,341.88216851989904,341.9063583115051,161.35116759968457
5457,0.02380655376547616,341.9419394560331,341.9419394560331,341.9657460097986,161.39063871356134
5458,0.05870169343752605,341.9819590153246,341.9819590153246,342.0406607087621,161.42179870609675
5459,0.1097046417783973,342.0482678695678,342.15662954071126,342.2663341824897,161.6362166999191
5460,0.03111133144440277,342.2553257017311,342.2663341824897,342.321037469902,161.64372201939813
5461,0.015705043473130034,342.2695924901005,342.2695924901005,342.2852975335736,161.6294388820065
5462,0.007886912494830513,342.28125927409803,342.2852975335736,342.29318444606844,161.62930757576737
5463,0.0321572975532735,342.3261945672558,342.3261945672558,342.3583518648091,161.64828628568378
5464,0.0325141737970646,342.3843705974965,342.3843705974965,342.41688477129355,161.68010955991332
5465,0.02323543665861011,342.4411619308827,342.4411619308827,342.4643973675413,161.73293032619543
5466,0.026103901398905623,342.46029117700317,342.4643973675413,342.49050126894025,161.72931662928036
5467,0.0065406752274004745,342.70086288105296,342.70086288105296,342.7074035562804,161.9072294680738
5468,0.05864256786154929,342.75966861234394,342.75966861234394,342.8277600680142,161.91076800311183
5469,0.009448887808662298,342.79499701540203,342.79499701540203,342.8044459032107,161.85330623295738
5470,0.12305814276057474,342.8053041447213,342.92767522228837,343.1070712460563,162.14287355992417
5471,0.020968161180064684,342.855130994091,342.855130994091,342.87609915527105,161.8566176922421
5472,0.052827161646954265,342.97877154546387,342.97877154546387,343.03159870711085,162.00439290830775
5473,0.2094329065847675,342.98286728525204,343.27502087876485,343.50508327006224,162.47273472918357
5474,0.11955546704683763,343.02301582180496,343.1070712460563,343.27502087876485,162.172273454104
5475,0.003510719360384968,343.0820972661279,343.0820972661279,343.0856079854883,162.03633919932017
5476,0.04839416566171688,343.1564478089347,343.1564478089347,343.2048419745964,162.10857111061034
5477,0.020629484712642202,343.3254176636975,343.3254176636975,343.34604714841015,162.23225800490926
5478,0.14602099596559445,343.43570855443346,343.73789368041173,343.90067063299864,162.65511211765937
5479,0.024831223711698196,343.4916422066204,343.50508327006224,343.52991449377396,162.33316741648434
5480,0.08470415187961658,343.4956604987998,343.52991449377396,343.6146186456536,162.3243413909784
5481,0.10826539271940992,343.4981363325087,343.6146186456536,343.73789368041173,162.46846830879736
5482,0.015009642038730066,343.66772065271294,343.66772065271294,343.68273029475165,162.4122104120898
5483,0.016755956621309215,343.79195691545095,343.79195691545095,343.80871287207225,162.5017096868785
5484,0.09684960175844719,343.9226009549209,343.9226009549209,344.0441412810394,162.683877492749
5485,0.024690724360075144,343.95134944825435,343.95134944825435,343.97604017261443,162.63841918064074
5486,0.18131586612475958,344.13850597618045,346.6832345951179,346.9399119891826,165.56708877715445
5487,0.018928289707800125,344.16754910755344,344.16754910755344,344.1864773972612,162.78371961464205
5488,0.08932344985439114,344.1727774832525,344.80287931839285,344.8922027682473,163.39454380485148
5489,0.6579266822411471,344.1926664000599,389.6628458103604,395.4190437297146,213.95858585509424
5490,0.07921336529409442,344.20434613536867,344.3784854032999,344.4581218845386,162.9374961039687
5491,0.07994414653189243,344.2359458989073,344.51490455797517,344.67462290206583,163.15318280366762
5492,0.03441577819609285,344.23700691137014,344.272944158963,344.3073599371591,162.78972101459567
5493,0.015977124807319425,344.24270355930344,344.2569670341557,344.272944158963,162.7153320904128
5494,0.07112546614079655,344.3014760318715,344.3073599371591,344.3784854032999,162.788683304941
5495,0.08577194502416968,344.35177640136106,344.71710737336866,344.80287931839285,163.05862920818666
5496,0.0004231159446223199,344.4334350569472,344.4334350569472,344.4338581728918,162.67190842039375
5497,0.16778628727578634,344.4394574733961,346.3233724662302,346.6189727151157,164.75656453782256
5498,0.05678267343652303,344.44177571882074,344.4581218845386,344.51490455797517,162.6417370187434
5499,0.06242254769719744,344.5217951023635,344.5217951023635,344.6015692999223,162.70835523079964
5500,0.0173516498615753,344.52802591877264,344.52802591877264,344.5453775686342,162.66924857748725
5501,0.04248447130284072,344.66079030452465,344.67462290206583,344.71710737336866,162.79559613348405
5502,0.14523732084397598,344.7134074733946,344.8922027682473,345.58820648803976,163.5915568140342
5503,0.0815954629485964,344.9257582865326,344.9257582865326,345.0073537494812,163.01043465193115
5504,0.10507846676603527,344.93817349546595,345.2752150726826,345.407733524862,163.39172652355288
5505,0.09445811221549012,344.9512550329957,345.0723208958024,345.18057313074775,163.1747750656948
5506,0.0649671463212317,344.9975344257045,345.0073537494812,345.0723208958024,162.97628693745844
5507,0.013794122729852526,345.08896734926947,345.08896734926947,345.1027614719993,163.02698114330167
5508,0.14949138091683511,345.09845850332823,345.58820648803976,345.91944893860824,163.787097631639
5509,0.04639388907075011,345.16950529081976,345.1927635273857,345.23915741645646,163.0794277320619
5510,0.012190396637948403,345.17399244908194,345.18057313074775,345.1927635273857,162.9968998204114
5511,0.03605765622617314,345.22482022263557,345.23915741645646,345.2752150726826,163.01245077816853
5512,0.027439985413374675,345.2872499014398,345.2872499014398,345.31468988685316,163.05790055953318
5513,0.04592208407048618,345.38522891470706,345.407733524862,345.4536556089325,163.1123603866902
5514,0.02286907654859836,345.4718568445011,345.4718568445011,345.4947259210497,163.08264823732156
5515,0.24880480376481043,345.5721818344978,358.33137638883113,359.0939701481708,176.65000107887357
5516,0.04336232686131591,345.6436756492502,345.6436756492502,345.6870379761115,163.2315611485505
5517,0.06956501377949799,345.64435555242204,345.6870379761115,345.8188004953527,163.35858262228226
5518,0.03709592295543117,345.6903416208116,345.6903416208116,345.727437543767,163.28945039984544
5519,0.12969986013798893,345.71622120804585,346.03511372484246,346.2480725199085,163.69830609438966
5520,0.02510158250626713,345.75467528363555,345.75467528363555,345.77977686614184,163.2236083217588
5521,0.09074154663592351,345.83013481820075,345.91944893860824,346.03511372484246,163.42629710938553
5522,0.0066262235491296685,345.8949641173278,345.8949641173278,345.9015903408769,163.30784080620734
5523,0.024923239598326444,345.9554696194486,345.9554696194486,345.9803928590469,163.3031427840756
5524,0.07214921739114037,346.04192601471607,346.04192601471607,346.1251849496441,163.35167039878442
5525,0.011109717536886226,346.0710848115864,346.0710848115864,346.0821945291233,163.30892462356667
5526,0.07529994632168586,346.18519993843086,346.2480725199085,346.3233724662302,163.47620472377884
5527,0.054242601958770516,346.4296738684669,346.4296738684669,346.4839164704257,163.68036222458835
5528,0.06426188000215048,346.48261485419147,346.6189727151157,346.6832345951179,163.77392889335667
5529,0.025203728430550475,346.4917971174072,346.4917971174072,346.51700084583774,163.64478363090174
5530,0.04836763122048511,346.49847773354213,346.51700084583774,346.5653684770582,163.59312705450358
5531,0.04895830589193762,346.7729553260776,346.7729553260776,346.8219136319695,163.84351459330082
5532,0.015581529549222803,346.82283662837926,346.82283662837926,346.83841815792846,163.8734346499576
5533,0.01082169249882841,346.8326251681084,346.83841815792846,346.8492398504273,163.83508595832242
5534,0.10535432128301592,346.88607010236973,346.9399119891826,347.0452663104656,163.90021305182296
5535,0.1859464612958371,347.0523115848426,347.0523115848426,347.24720477709997,164.15943803221643
5536,0.00894673096156593,347.0937009875826,347.0937009875826,347.1026477185442,163.98439568833993
5537,0.0754116245088339,347.212406464869,347.24720477709997,347.3243125834247,164.16499925140056
5538,0.07794296859034404,347.22519464186865,347.70801048664106,347.7859534552314,164.60711579789472
5539,0.06575290725372714,347.27928837058954,347.39486550852473,347.50826896637926,164.30501445677473
5540,0.09980197153393863,347.29182341767967,348.0599783557592,348.15978032729316,164.95737228393378
5541,0.001696181815926963,347.2946485053695,347.2946485053695,347.2963446871854,164.08506505441795
5542,0.05215839458775287,347.30771904688504,347.34087651567563,347.39486550852473,164.1522945586626
5543,0.016563932250918106,347.30988154925905,347.3243125834247,347.34087651567563,164.05124958439941
5544,0.0018305982613373989,347.3725855258248,347.3725855258248,347.3744161240861,164.03182468799443
5545,0.1967937632354736,347.37576968068623,350.719518379682,351.05027966493884,167.66611676305868
5546,0.03613233408722457,347.41019436791106,347.41019436791106,347.44632670199826,164.00379121661928
5547,0.05209374324819439,347.4430822944311,347.50826896637926,347.56036270962744,164.08329579160755
5548,0.011518216513611429,347.455656664087,347.455656664087,347.46717488060057,163.95841085272272
5549,0.052316090154858656,347.4833992442183,347.5822627092549,347.6345787994098,164.0494041917863
5550,0.07343168723129102,347.53535422121206,347.6345787994098,347.70801048664106,164.0407587224663
5551,0.02189999962749061,347.54292718694126,347.56036270962744,347.5822627092549,163.94106699238054
5552,0.2509327363915097,347.5541317764624,359.27788544575924,360.2329779578317,176.5555094672537
5553,0.11137372258896441,347.56232504734743,348.15978032729316,348.272307205552,164.48520476750033
5554,0.0883554373192156,347.76990608116984,347.92217724186247,348.01053267918167,164.24991277384962
5555,0.048573374917066925,347.78381790950516,347.8167833730129,347.8809930794558,164.05747575245863
5556,0.03082991778156153,347.784954412999,347.7859534552314,347.8167833730129,163.9688931285668
5557,0.015636331525825272,347.8277137270421,347.8277137270421,347.8433500585679,164.00274468540195
5558,0.04118416240670147,347.84981285798784,347.8809930794558,347.92217724186247,163.9968322187258
5559,0.049445676577536846,348.00776673366835,348.01053267918167,348.0599783557592,164.107426863728
5560,0.1421964948512032,348.15808660868174,348.5528153892342,348.83426350562684,164.88993770945362
5561,0.12664282117530737,348.18284330333375,348.272307205552,348.39895002672733,164.41871607653968
5562,0.0011531556698881548,348.2257082324284,348.2257082324284,348.2268613880983,164.28993336745103
5563,0.09469136268672218,348.3225279374466,348.39895002672733,348.5528153892342,164.52803483555817
5564,0.15168720251302611,348.3510566077478,349.78909514180174,350.21182629807265,166.21120061962884
5565,0.05013628684497996,348.4198388596629,348.4198388596629,348.46997514650786,164.4222104764819
5566,0.009037712975161432,348.46194898125236,348.46997514650786,348.479012859483,164.42706944234726
5567,0.14216336153203388,348.60889860161205,349.58701931368034,349.73038563657406,165.57987854338796
5568,0.0954296812995149,348.61047938176534,349.17067741445743,349.2661070957569,165.05163078177776
5569,0.04329038033985642,348.6427220353451,348.6427220353451,348.68601241568496,164.42219045642904
5570,0.0509137819476838,348.6483769247147,348.68601241568496,348.7369261976326,164.34951767992496
5571,0.21142939409804706,348.67858197070257,354.3354660641567,354.69659081070546,170.21141333997684
5572,0.06463363824838078,348.6985350342644,348.9530962797674,349.0177299180158,164.46008090975383
5573,0.06790568184079217,348.7199056733355,349.0177299180158,349.0856355998566,164.48763653918687
5574,0.014121965505575818,348.7316771513072,348.7369261976326,348.7510481631382,164.1695196361418
5575,0.03092549374836401,348.76984279760535,348.76984279760535,348.80076829135373,164.08579177102962
5576,0.04146414806919148,348.78758555347144,348.83426350562684,348.875727653696,164.15147686524378
5577,0.085041814600841,348.85996974278265,349.0856355998566,349.17067741445743,164.34227611724154
5578,0.02826724490321749,348.8686090395057,348.875727653696,348.9039948985992,164.14912383318267
5579,0.031500387278914896,348.8687253264531,348.9215958924885,348.9530962797674,164.12226532721965
5580,0.017600993889302363,348.8958996479805,348.9039948985992,348.9215958924885,164.06553374766006
5581,0.11571872323481654,349.24010933224605,349.2661070957569,349.38182581899173,164.49781596163663
5582,0.1867536380744109,349.358571573985,350.3841064635207,350.57086010159514,165.6406180512613
5583,0.08913207029719263,349.3810801702453,349.38182581899173,349.5639268512076,164.64575002181698
5584,0.06715059818805853,349.3843761889466,349.3843761889466,349.45152678713464,164.5380841105529
5585,0.2369126299027977,349.43843341653815,357.9348616491863,358.33137638883113,173.22637499201002
5586,0.025818363730670552,349.4510867540073,349.45152678713464,349.4773451508653,164.4788300872281
5587,0.023092462472732802,349.5420897236996,349.5639268512076,349.58701931368034,164.50971608137402
5588,0.0012029613616901327,349.717136373209,349.717136373209,349.71833933457066,164.65789954433149
5589,0.058709505227706536,349.72733658058655,349.73038563657406,349.78909514180174,164.65322553776267
5590,0.1268400849754444,349.84406264480936,350.21182629807265,350.3841064635207,165.22612500876372
5591,0.07785769981651901,349.85239993181955,349.85239993181955,350.07467868624286,164.90886086171633
5592,0.025099709748274114,349.85669593174936,349.85669593174936,349.8817956414976,164.73128684843562
5593,0.0619981508136441,349.8755094527816,349.8817956414976,349.9794893113523,164.76543051902536
5594,0.03569551904108965,349.89684968428395,349.89684968428395,349.93254520332505,164.70354609517483
5595,0.02162767500383846,350.0036181530969,350.0036181530969,350.02524582810076,164.78897684963587
5596,0.024517613355204484,350.09008516147213,350.09008516147213,350.11460277482735,164.86965126385104
5597,0.024247585979366836,350.1493673091277,350.1493673091277,350.17361489510705,164.90354478644952
5598,0.04544008047259552,350.2778207586161,350.2778207586161,350.3232608390887,165.01121969300343
5599,0.05547757971038677,350.5307791611975,350.57086010159514,350.63179867851085,165.35162664808598
5600,0.0701037285475366,350.5312181810809,350.641481942274,350.719518379682,165.34828035391536
5601,0.2013953866387041,350.5841690022895,351.97064787784205,352.2713234006396,166.86961147649356
5602,0.00546099720529359,350.6154268589338,350.6154268589338,350.6208878561391,165.22094665253684
5603,0.009683263763205534,350.6237130155131,350.63179867851085,350.641481942274,165.22551345270324
5604,0.007932708860352806,350.670419844306,350.670419844306,350.6783525531664,165.24400966557863
5605,0.08607244540590112,350.7415659318645,350.7415659318645,350.8426991629632,165.36287100509708
5606,0.1893771112618024,350.7627849197521,351.05027966493884,351.81151828096864,166.3517050740231
5607,0.015060785692833322,350.77673547991117,350.77673547991117,350.791796265604,165.29694208551788
5608,0.031590294678220096,350.90924479632963,350.90924479632963,350.94083509100784,165.38858554478284
5609,0.2252957898736106,351.0154932981611,356.40151748541814,356.6786299519003,170.9814781112602
5610,0.0012439962445133675,351.0174033081388,351.0174033081388,351.0186473043833,165.43739201244327
5611,0.13134268061880977,351.0733711277562,351.0733711277562,351.25578430351385,165.5585952977069
5612,0.051070495138834576,351.0743113581688,351.0743113581688,351.12538185330766,165.46258561970876
5613,0.1131748504806834,351.1459908066168,351.25578430351385,351.4503858393922,165.75808902090876
5614,0.0008278856069779891,351.3093638072104,351.3093638072104,351.31019169281734,165.63313946447153
5615,0.036208404578660924,351.313354739451,351.313354739451,351.3495631440296,165.63537390788628
5616,0.0883302755417317,351.31431909976266,351.4503858393922,351.53871611493395,165.75305690132717
5617,0.044390395212104666,351.32694407881445,351.3495631440296,351.3939535392417,165.65195841069374
5618,0.0566208150298707,351.58230717761927,351.58230717761927,351.63892799264914,165.91404637680753
5619,0.04989570256035961,351.62450699719585,351.63892799264914,351.6888236952095,165.91525933641847
5620,0.13843824228826862,351.7255743253961,351.8322096355538,351.97064787784205,166.0988414918249
5621,0.02069135458514085,351.79304144860527,351.81151828096864,351.8322096355538,166.07133079166596
5622,0.19063094476748166,351.98309376860277,353.055075052906,353.926841130194,168.17303674405002
5623,0.0012872734035638935,352.0061170708375,352.0061170708375,352.0074043442411,166.25983638935503
5624,0.013407478631890119,352.0429969906271,352.0429969906271,352.056404469259,166.27256688344963
5625,0.03622899386964448,352.0755691948902,352.0755691948902,352.11179818875985,166.30419122718783
5626,0.04221186119155813,352.13561486225706,352.13561486225706,352.1778267234486,166.38566377768967
5627,0.1706089842507882,352.16116717705927,352.87045420344697,353.055075052906,167.1846118545149
5628,0.006144529062119288,352.19158709484196,352.19158709484196,352.1977316239041,166.30025384077447
5629,0.09096490676354738,352.23079963066294,352.2713234006396,352.3622883074031,166.4282793862084
5630,0.04665401948433949,352.33800240291777,352.3622883074031,352.4089423268874,166.40375608041833
5631,0.10578110819704954,352.3895714964453,352.5292305359408,352.6574929218403,166.6058587943445
5632,0.0472870109589123,352.4065420634512,352.4089423268874,352.45622933784637,166.41524473305168
5633,0.07300119809443929,352.4550686266127,352.45622933784637,352.5292305359408,166.35471964895157
5634,0.022481277702406436,352.57934944527466,352.57934944527466,352.60183072297707,166.4265123238819
5635,0.0800808588079818,352.6100026905609,352.6574929218403,352.7375737806483,166.52909741431364
5636,0.03272447571156008,352.7230003558521,352.7375737806483,352.77029825635987,166.54296368722527
5637,0.03387010935867457,352.7507503031298,352.77029825635987,352.80416836571857,166.56150441062186
5638,0.01987891537182986,352.79837545617187,352.80416836571857,352.8240472810904,166.505370940038
5639,0.03520470534569305,352.8158376476295,352.8240472810904,352.85925198643605,166.4602146511402
5640,0.01120221701089464,352.8587936824478,352.85925198643605,352.87045420344697,166.4603952535072
5641,0.014011865208223633,353.0186210247366,353.0186210247366,353.0326328899448,166.58384736451427
5642,0.08297162035383235,353.0685812758285,353.0685812758285,353.19034019475714,166.71808328649308
5643,0.03878729857486816,353.0960916988402,353.0960916988402,353.13487899741506,166.57950464754063
5644,0.0566254878452266,353.16960513264945,353.2535266681479,353.31015215599314,166.675625852939
5645,0.0556900009666257,353.1899133033522,353.19034019475714,353.2535266681479,166.62311840205473
5646,0.0074964724241077686,353.19723930665833,353.19723930665833,353.20473577908245,166.56232484112522
5647,0.17855125323610974,353.2331866694373,353.950486657388,354.1401054683001,167.4534809195049
5648,0.008961910958599262,353.3320505497182,353.3320505497182,353.3410124606768,166.61475710074671
5649,0.02687396638211439,353.3639223430422,353.3639223430422,353.39079630942433,166.5482707940389
5650,0.026850154272418342,353.3803743811869,353.39079630942433,353.41764646369677,166.54573593948734
5651,0.07466504269975936,353.40488235254907,353.41764646369677,353.61756476567206,166.69666798839026
5652,0.010555033320390938,353.4185630493348,353.4185630493348,353.4291180826552,166.51145263573133
5653,0.0343212740312169,353.42979471801044,353.42979471801044,353.4641159920417,166.530109843147
5654,0.028345784760572097,353.4493174267859,353.4641159920417,353.49246177680226,166.54769163566047
5655,0.037065901536266516,353.47177057972453,353.49246177680226,353.5295276783385,166.5695380640202
5656,0.09047051390603433,353.51615489819096,353.6613195937853,353.75179010769136,166.80090048393936
5657,0.014965265627104509,353.5194031766053,353.5295276783385,353.5444929439656,166.5660773711472
5658,0.04375482811327841,353.59989994469055,353.61756476567206,353.6613195937853,166.63998960617357
5659,0.21638967464112113,353.73399721414324,355.8817492816052,356.40151748541814,169.3249415093665
5660,0.03982077848158153,353.7509243725174,353.75179010769136,353.7916108861729,166.68815545472452
5661,0.0029137982665813408,353.85619295335306,353.85619295335306,353.85910675161966,166.78663656906525
5662,0.0236455271939983,353.9186817757815,353.926841130194,353.950486657388,166.8363750723086
5663,0.011067557675995657,354.0949381101829,354.0949381101829,354.1060056678589,166.95543508988982
5664,0.166818881193261,354.1088477582434,354.1401054683001,354.3354660641567,167.04640956377182
5665,0.028541714663395095,354.2304095935546,354.2304095935546,354.258951308218,167.01575495450976
5666,0.09743752444782258,354.4471482964532,354.4471482964532,354.544585820901,167.23027343495627
5667,0.20968637222571168,354.4594940087715,355.2442565988217,355.8817492816052,168.48149354978185
5668,0.019798958767699916,354.5672217160078,354.5672217160078,354.5870206747755,167.28678952102163
5669,0.0324588692352074,354.59119652572736,354.59119652572736,354.62365539496255,167.30138300561185
5670,0.1102397712101685,354.6766569725878,354.7563996134177,354.8957082730787,167.52404969290427
5671,0.04675351457105668,354.68550996387006,354.69659081070546,354.7563996134177,167.3623530383274
5672,0.013055288141206213,354.70470537821984,354.70470537821984,354.7177606663611,167.34599438576143
5673,0.11731839895739467,354.70642806359893,355.0755636088727,355.2442565988217,167.7710064767714
5674,0.028596964935318006,354.7920998458814,354.7920998458814,354.82069681081674,167.34997484959666
5675,0.09452197695167923,354.84233192783057,354.8957082730787,354.99752058596573,167.51400014846925
5676,0.00047192351546701696,354.85563575598724,354.85563575598724,354.8561076795027,167.38193852381548
5677,0.037629831881502186,354.95737990820913,354.99752058596573,355.0351504178472,167.49498473602347
5678,0.040413191025500096,354.9730656937921,355.0351504178472,355.0755636088727,167.51288455927818
5679,0.007290335935365452,354.9783846539488,354.9783846539488,354.98567498988416,167.43253826968052
5680,0.021961055395190048,355.1243298682996,355.1243298682996,355.1462909236948,167.56728808969848
5681,0.029413535596399427,355.1813534857395,355.1813534857395,355.2107670213359,167.5881464126937
5682,0.008599875552610112,355.2445165829428,355.2445165829428,355.2531164584954,167.63438236389402
5683,0.11282559443767086,355.27317298177843,355.27317298177843,355.3859985762161,167.73933725949232
5684,0.11855969317954301,355.33739430993006,355.40270027922605,355.5212599724056,167.74707800283025
5685,0.01670170300997212,355.373125398094,355.3859985762161,355.40270027922605,167.66337748436786
5686,0.14379527671441864,355.55940786307553,355.55940786307553,355.70320313978993,167.80934597249825
5687,0.027324167663678425,355.72972335589657,355.72972335589657,355.75704752356023,167.95956944913598
5688,0.08901444779579616,355.922596073498,355.922596073498,356.0480406565876,168.22984231500448
5689,0.03643013529375174,355.9649757247667,355.9649757247667,356.00140586006046,168.16276086767627
5690,0.0682602991012994,356.1001980357426,356.1001980357426,356.16871865098284,168.31823290436307
5691,0.00026031613891342283,356.10326721319717,356.10326721319717,356.1035275293361,168.21637953420117
5692,0.10373602213834263,356.1481041885067,356.16871865098284,356.27245467312116,168.2782972734843
5693,0.005677308703716004,356.3261459067,356.3261459067,356.3318232154037,168.42978509097733
5694,0.008445295487081535,356.4355343857395,356.4355343857395,356.4439796812266,168.4544246056119
5695,0.03355736077385773,356.4916686965389,356.4916686965389,356.53504007766037,168.5161660334934
5696,0.009814020347626566,356.4936645436086,356.4936645436086,356.5034785639562,168.4989742164277
5697,0.021150280125551042,356.68351726340643,356.68351726340643,356.70466754353197,168.68468614154344
5698,0.000746125287612473,356.89654719491756,356.89654719491756,356.89729332020516,168.85227863398913
5699,0.028611278700649348,356.91325021921756,356.9273069608683,356.9559182395689,168.89582923195945
5700,0.011802740073602352,356.9448065623325,356.9559182395689,356.96772097964254,168.8165693771754
5701,0.04719950265674285,356.96490004293935,356.96772097964254,357.01492048229926,168.78361467241967
5702,0.11596882554642135,356.99357284318666,357.01492048229926,357.14049972976164,168.8910616270369
5703,0.009610421915947489,357.01613896836284,357.01613896836284,357.0257493902788,168.77784489273333
5704,0.08973625440087604,357.11469152539064,357.14049972976164,357.32023749744064,169.0247594881653
5705,0.034781667063359764,357.1562641687576,357.1562641687576,357.20487157532887,168.8249639000921
5706,0.013825739507858474,357.15948919457946,357.15948919457946,357.17331493408733,168.78529859119635
5707,0.04139410670689552,357.16044508494286,357.20487157532887,357.24626568203576,168.79953470723493
5708,0.07978552246008092,357.29431852967804,357.32023749744064,357.40002301990074,168.96602199815618
5709,0.07474955162399163,357.3781112742386,357.40002301990074,357.48327267357035,168.90056530795636
5710,0.008500102045632221,357.4043766301511,357.4043766301511,357.4128767321967,168.83228782955504
5711,0.1719607197347934,357.57661664695206,357.7566552331215,357.9348616491863,169.2165231868046
5712,0.016386355193083832,357.6555749664424,357.6555749664424,357.6719613216355,168.98826348577887
5713,0.021799202314845743,357.68068988332794,357.68068988332794,357.7024890856428,168.89986203763115
5714,0.006245696330033975,357.8136585583963,357.8136585583963,357.81990425472634,168.91730012099603
5715,0.07696129024816781,358.0214267922241,358.0214267922241,358.09838808247224,169.1468297460709
5716,0.06639067980713338,358.0564106130933,358.09838808247224,358.16477876227935,169.16837130549507
5717,0.016250139686718804,358.17786026600896,358.17786026600896,358.1941104056957,169.21567460956726
5718,0.16870090045657762,358.404958279157,358.404958279157,358.59138772936177,169.59832940308584
5719,0.017728549748205574,358.5516359475551,358.5516359475551,358.5693644973033,169.51079868867507
5720,0.057659763837153585,358.5940017808911,358.5940017808911,358.65166154472826,169.55953970602087
5721,0.1294123776500951,358.60406994857254,358.65166154472826,358.8362704749738,169.74542934120694
5722,0.03448586252151403,358.6685123380272,358.6685123380272,358.70299820054873,169.58514645425268
5723,0.020710690073879764,358.79015506893325,358.79015506893325,358.81086575900713,169.64565693552981
5724,0.07791135416171553,358.8857101042369,358.8857101042369,358.9636214583986,169.7386044842879
5725,0.12415680483882569,358.8861826726967,359.0939701481708,359.27788544575924,170.06165568851748
5726,0.007179457125677327,359.04393444525675,359.04393444525675,359.05111390238244,169.83876536346406
5727,0.020522746732836942,359.1500436913626,359.1500436913626,359.1705664380954,169.8859149156778
5728,0.03562761480197142,359.18386204663386,359.18386204663386,359.22309779265066,169.87160269161706
5729,0.0036081312148072515,359.21513667983766,359.21513667983766,359.2187448110525,169.8594026652257
5730,0.0878571506775664,359.28985847350424,359.28985847350424,359.3777156241818,169.92243313369318
5731,0.035943892353465935,359.45165783890184,359.45165783890184,359.4876017312553,170.0089733904079
5732,0.02885561093071779,359.4968134094391,359.4968134094391,359.5256690203698,170.01082282421297
5733,0.1116105632123068,359.55518286884364,359.55518286884364,359.97919209126013,170.4193380794101
5734,0.09052993340049541,359.57261536834625,359.57261536834625,359.67692793095165,170.17185756913662
5735,0.24569114762917815,359.58715715456117,360.6222696583761,361.1735645328176,171.45587768558383
5736,0.013782629204926395,359.5894438881901,359.5894438881901,359.603226517395,170.03560889528728
5737,0.08211628372360034,359.6668427689977,359.67692793095165,359.8025448512939,170.15397785740788
5738,0.023456376127802693,359.69639007956334,359.69639007956334,359.71984645569114,170.10155951021497
5739,0.020044260490827016,359.7041996184601,359.71984645569114,359.73989071618195,170.09396481206167
5740,0.047716290082780353,359.8248510172223,359.8248510172223,359.8725673073051,170.19886864543466
5741,0.034752886173729444,359.86740755697747,359.8725673073051,359.9073201934788,170.20275718532002
5742,0.034570570339291035,360.04377559932425,360.04377559932425,360.0783461696635,170.3668202518023
5743,0.2592284830850936,360.06162082984184,363.7155050217787,366.1917397151465,176.30792312801822
5744,0.06365501126793914,360.07001690253963,360.25979521539676,360.3343578684638,170.43905478910474
5745,0.04111620946959735,360.09380888434555,360.09380888434555,360.15112863505635,170.237381115669
5746,0.01620354124123421,360.09936227320094,360.09936227320094,360.11556581444216,170.2054665187183
5747,0.035603578252621795,360.12122759819,360.15112863505635,360.18673221330897,170.2500539104772
5748,0.14698013948640393,360.1935782917494,360.3343578684638,360.6222696583761,170.44524817711707
5749,0.026817257565087155,360.2263286216199,360.2329779578317,360.25979521539676,170.1149407344603
5750,0.010907641799123092,360.2693194298091,360.2693194298091,360.28022707160824,170.13207879827954
5751,0.04595546894731157,360.37402412367817,360.37402412367817,360.41997959262545,169.9709695274456
5752,0.02288807689782507,360.42909030462283,360.42909030462283,360.45197838152063,170.02992999295265
5753,0.028041513159872442,360.4329845891852,360.45197838152063,360.4800198946805,169.99359364225094
5754,0.04404659142094136,360.4732817783416,360.4800198946805,360.52406648610145,169.9806491422147
5755,0.1844579782607912,360.6797777757276,360.6797777757276,360.89533289771475,170.31333828037876
5756,0.031097143726360788,360.7687578007363,360.7687578007363,360.79985494446265,170.21299126022316
5757,0.04335126631036312,360.8573375093925,360.89533289771475,360.9457400840382,170.32659791410993
5758,0.00705592001309897,360.91311991711143,360.91311991711143,360.92017583712453,170.31954199409682
5759,0.03964141850158949,360.96750556023187,360.96750556023187,361.0071469787335,170.37340110235579
5760,0.11811609137252296,361.2076679863281,361.2076679863281,361.383206683245,170.66232354154326
5761,0.05742260554436446,361.218940355204,361.218940355204,361.2763629607484,170.43466246722625
5762,0.06118022449437594,361.3590374618314,361.383206683245,361.4443869077394,170.60739879162986
5763,0.12951582695953492,361.4126422764188,361.47636932526177,361.8343562691683,170.89994065309065
5764,0.031982417522391726,361.4242243666615,361.4443869077394,361.47636932526177,170.60437442655478
5765,0.14432156660093862,361.45668520317633,361.8343562691683,361.97867783576925,171.05588068803897
5766,0.031502563724608475,361.4936008380718,361.4936008380718,361.5251034017964,170.59253269471003
5767,0.06933837244948066,361.54694608348683,361.54694608348683,361.6162844559363,170.5924128280151
5768,0.049719178364690246,361.59265603341447,361.6162844559363,361.666003634301,170.63291802620648
5769,0.014697300919022594,361.6536486079144,361.666003634301,361.68070093522,170.629078746529
5770,0.0540798619142286,361.6890377282229,361.6890377282229,361.75225142971215,170.66671061618214
5771,0.009133839575018938,361.7032649868307,361.7032649868307,361.7123988264057,170.55241972418486
5772,0.16550086135817674,361.72761281509094,362.2627176332539,362.5156429819059,171.19363834239272
5773,0.05748052070055368,361.9569488314007,361.97867783576925,362.0361583564698,170.78436542786073
5774,0.07899171901652625,362.0109304639727,362.0361583564698,362.1151500754863,170.86417016686227
5775,0.058673526929976606,362.1098879516583,362.1151500754863,362.1738236024163,170.85121797133996
5776,0.08889403083759023,362.11934362509635,362.1738236024163,362.2627176332539,170.82768117065746
5777,0.07654094487501996,362.27162834235475,362.27162834235475,362.3481692872298,170.9193334582572
5778,0.010883542418792674,362.39788319173687,362.39788319173687,362.4087667341557,171.02839825075685
5779,0.02876516964729003,362.526638800884,362.526638800884,362.57790591952,171.17220591438888
5780,0.02250194898874917,362.527515988027,362.527515988027,362.55001793701575,171.10792325164414
5781,0.01133802974958627,362.722535401103,362.722535401103,362.7338734308526,171.20918005512866
5782,0.05669487902495229,362.7628375657211,362.7979357066653,362.8546305856903,171.33618718205076
5783,0.010555805426705672,362.8510897286918,362.8546305856903,362.865186391117,171.34226174858756
5784,0.032753135098949004,362.86211079070284,362.865186391117,362.89793952621596,171.35094483820257
5785,0.08346181728621074,362.879792435545,362.89793952621596,362.98140134350217,171.42588481069615
5786,0.15158535790083308,362.97022742115587,363.2469432778588,363.43474255163466,171.8351288505692
5787,0.10480054607269329,362.9749464078103,362.98140134350217,363.1198878692848,171.52703253797588
5788,0.03347889340790975,363.0240521358054,363.0240521358054,363.0575310292133,171.43925680184643
5789,0.08854864881235917,363.0656973500971,363.15378553398654,363.2469432778588,171.5610445741323
5790,0.03389766470173178,363.0915852139572,363.1198878692848,363.15378553398654,171.51454852311159
5791,0.00020708630205333077,363.09316986065494,363.09316986065494,363.093376946957,171.4839513156642
5792,0.004609095059899992,363.15540316862695,363.15540316862695,363.16001226368684,171.54153017082908
5793,0.01751330326597874,363.3402406056727,363.3402406056727,363.35775390893866,171.68244282370455
5794,0.01870061260905428,363.36257675962713,363.36257675962713,363.3812773722362,171.71423945502673
5795,0.4123658254131129,363.3738099483133,380.63402088650656,385.0809356627535,193.27671113950194
5796,0.04675330495318697,363.39654964741186,363.43474255163466,363.48149585658786,171.68145226267407
5797,0.12958175555379778,363.4419836058017,363.48149585658786,363.7155050217787,171.86736479111948
5798,0.059337756980972496,363.52888834631784,363.52888834631784,363.58822610329884,171.7952050178541
5799,0.045089652656099655,363.5628673084157,363.58822610329884,363.6333157559549,171.80745479677336
5800,0.01905626194040279,363.7456956653731,363.7456956653731,363.7647519273135,171.95187793316737
5801,0.07596134401680066,363.747920604792,363.7647519273135,363.8407132713303,172.02677763858748
5802,0.038838637535609566,363.8394569612251,363.8407132713303,363.8795519088659,172.03408506283708
5803,0.10164672172102579,363.84732084126244,363.8795519088659,364.0565119550414,172.20782713076696
5804,0.014201670383963845,363.919045005879,363.919045005879,363.93324667626297,172.05256431103996
5805,0.011042023049801678,363.9622925478447,363.9622925478447,363.9733345708945,172.08926708508997
5806,0.020455778127344428,363.9831009384913,363.9831009384913,364.0035567166187,172.10073021741417
5807,0.14601621732792433,363.98871596312864,364.0565119550414,364.3494882039345,172.36910389006786
5808,0.013436240113353844,364.0011102235676,364.0035567166187,364.01699295673205,172.02598085182495
5809,0.016177612779996183,364.0231993701498,364.0231993701498,364.0393769829298,172.02669980217908
5810,0.06866647815798822,364.0580728802954,364.0580728802954,364.1267393584534,172.03863259572734
5811,0.022420695718772348,364.2311590153429,364.2311590153429,364.25357971106166,172.20893796317432
5812,0.025700832401241408,364.2589346901074,364.2589346901074,364.2939230520589,172.24422277801247
5813,0.00928752955023006,364.26166275583023,364.26166275583023,364.2709502853805,172.19139500123322
5814,0.020884495736935526,364.2905648342106,364.2939230520589,364.31480754779585,172.21838458377422
5815,0.04264181142029518,364.3765470351447,364.3765470351447,364.419188846565,172.27541711964238
5816,0.14473110248995666,364.4682952508729,364.4682952508729,364.65747044192267,172.5435124669489
5817,0.014402020989272022,364.46836953443926,364.46836953443926,364.48277155542854,172.3384501746195
5818,0.003029760239987292,364.4863884439503,364.4863884439503,364.4894182041903,172.3305352182662
5819,0.011757851857835502,364.5049514591599,364.5049514591599,364.51670931101773,172.29347892243712
5820,0.012210929596378376,364.5780304350797,364.5780304350797,364.5902413646761,172.28203260532086
5821,0.0030435258762751107,364.61477985449636,364.61477985449636,364.6178233803726,172.28319362139473
5822,0.05419533346589191,364.6562339718837,364.65747044192267,364.71166577538855,172.36325960124142
5823,0.06959164967291193,364.67508785994266,364.71745968929156,364.8028226835617,172.42574401863828
5824,0.0839440449888243,364.68740131577647,365.12251766584114,365.20646171082996,172.81832185625683
5825,0.005793913903023625,364.70712584905084,364.71166577538855,364.71745968929156,172.31733322293755
5826,0.0596329983859172,364.7386273207067,364.8028226835617,364.8624556819476,172.44767894961691
5827,0.010726621216767037,364.74119386609897,364.74119386609897,364.7519204873157,172.33508084291157
5828,0.005044723380457243,364.78331436425884,364.78331436425884,364.7883590876393,172.35014697743063
5829,0.05752973771469638,364.8067307068448,365.00695014678394,365.0644798844986,172.57521740259472
5830,0.055716398863972894,364.8230003104767,364.89877111866457,364.95448751752855,172.3994497928079
5831,0.03631543671696558,364.83034597520566,364.8624556819476,364.89877111866457,172.30906998364804
5832,0.1038048236649157,364.8460529118191,365.2208884948036,365.6583198885387,172.9831813775001
5833,0.05803778134251673,364.8536431325472,365.0644798844986,365.12251766584114,172.41132583694903
5834,0.05246262925538719,364.939147376542,364.95448751752855,365.00695014678394,172.21896785870513
5835,0.12991492909454416,364.94490881492686,365.6583198885387,365.79757269648957,172.9674879360679
5836,0.16438866571518337,365.04070967726193,368.814006741981,369.0845758075021,176.2253084705
5837,0.014426783973642702,365.1996798394601,365.20646171082996,365.2208884948036,172.4278921669174
5838,0.04022535744420096,365.239950757205,365.239950757205,365.33114215997284,172.5412289325707
5839,0.02150295611136168,365.2478236546253,365.2478236546253,365.26932661073664,172.43000474871644
5840,0.029463089212214896,365.2701176155011,365.2701176155011,365.2995807047133,172.4237323080148
5841,0.06316539285744664,365.27357916909756,365.3827745032929,365.4514735418825,172.50482456398225
5842,0.038359799819828955,365.32523945246044,365.33114215997284,365.3827745032929,172.4390710954451
5843,0.01327254350022488,365.3412774814073,365.3412774814073,365.35455002490755,172.41431993423163
5844,0.005533645732119757,365.3829898595072,365.3829898595072,365.3885235052393,172.42561837892484
5845,0.06777654131374923,365.38857641348403,365.4514735418825,365.51925008319625,172.48586728198507
5846,0.05432724407895683,365.5225421217285,365.5225421217285,365.57686936580745,172.54316488435458
5847,0.009337878856357775,365.69787926941314,365.69787926941314,365.7072171482695,172.66969530824588
5848,0.04943970284508017,365.8225627225556,365.8225627225556,365.87200242540064,172.80864365503282
5849,0.1840642114048552,365.8574135810735,369.22530432544295,369.9302177515353,176.82235251794947
5850,0.008494262305800908,365.8841163441084,365.8841163441084,365.8926106064142,172.61200950856355
5851,0.10235270905868117,365.90285427263615,365.90285427263615,366.07776627608814,172.70605503368523
5852,0.007178727301754152,365.9274293777818,365.9274293777818,365.93460810508356,172.59404779450387
5853,0.12757794448630805,365.9378014849211,366.1917397151465,366.32606801072933,172.8340538941093
5854,0.06538056709157694,365.94645717712194,365.94645717712194,366.0118377442135,172.46983299444352
5855,0.00844844608147094,366.08611376654073,366.08611376654073,366.0945622126222,172.56801053709458
5856,0.0067503510965281,366.2745927988258,366.2745927988258,366.2813431499223,172.69556500485257
5857,0.15260010042630814,366.30823412558397,366.32606801072933,366.5257334521028,172.93055230929943
5858,0.15195629863209043,366.3330353976247,366.8882215273237,367.25655578583246,173.54346856888893
5859,0.01453129995878904,366.42258542987713,366.42258542987713,366.4371167298359,172.75269984503882
5860,0.11891558010614438,366.42356607439353,366.7396976675406,366.8882215273237,173.1406391241114
5861,0.03253404098844244,366.43511312588964,366.4371167298359,366.46965077082433,172.7337025355776
5862,0.10232317937403618,366.51301626173125,366.5257334521028,366.62805663147685,172.88575184731351
5863,0.07354663648377441,366.59228636020504,366.62805663147685,366.7396976675406,172.99640946182606
5864,0.03809439957997274,366.63780106809367,366.63780106809367,366.6758954676736,172.86758385483543
5865,0.21403417080587314,366.72472100954775,371.5728524270837,371.7868865978896,177.96573919768832
5866,0.029608279676966765,366.8094789495447,366.8094789495447,366.83908722922166,172.92951536747574
5867,0.11254984421873566,366.9036768155005,366.9036768155005,367.02236560742216,173.04887957735215
5868,0.022702433211159053,366.9976944164561,367.03294014818823,367.0556425813994,173.0557015873384
5869,0.006138947702942368,367.0097413173161,367.0097413173161,367.01588026501906,172.95343941709936
5870,0.010574540766072171,367.019635909206,367.02236560742216,367.03294014818823,172.91795705623426
5871,0.13987093718645954,367.04156677527146,367.25655578583246,367.4172195152785,173.19553753022748
5872,0.2188792071087559,367.10556502930046,371.95133418555565,372.374343692151,178.07988452472324
5873,0.01873498519346165,367.1142372597054,367.1142372597054,367.1329722448989,172.86594879803448
5874,0.23394719064206332,367.12866763524454,372.374343692151,373.5350982356485,179.09684382742913
5875,0.03714214465933806,367.1579734391332,367.1579734391332,367.19511558379253,172.77994002824596
5876,0.008535064124883078,367.203847325678,367.203847325678,367.2123823898029,172.8247064384568
5877,0.13705015373332555,367.2631422689684,367.7014746309869,367.8385247847202,173.44381756520878
5878,0.020792792259579855,367.37050391766377,367.37050391766377,367.3912967099233,172.95901969421448
5879,0.07490928959186831,367.37917875826116,367.4172195152785,367.49212880487033,172.9728814322352
5880,0.08427368223608564,367.38118077305614,367.49212880487033,367.65658487568345,173.14014724688553
5881,0.2116536706138205,367.3838636545779,370.1643591493777,370.7635092448541,176.16263646208034
5882,0.15802631810066323,367.41425885166893,368.19070059442817,368.6402932355387,173.91917921549276
5883,0.012854687674927067,367.50188948993707,367.50188948993707,367.514744177612,172.86989766058397
5884,0.017595023849646826,367.5321595363423,367.5321595363423,367.54975456019196,172.89028717691932
5885,0.03552665009039944,367.5578167998899,367.5578167998899,367.5933434499803,172.88093120619519
5886,0.14626665248713333,367.60766891912925,368.044433941941,368.19070059442817,173.33279003687497
5887,0.038374574860098314,367.61332850843536,367.65658487568345,367.7014746309869,172.96277301484778
5888,0.014206026962100335,367.6195738949086,367.6195738949086,367.6337799218707,172.9100100168778
5889,0.1390086746002018,367.62359154892016,367.87116711490074,368.044433941941,173.26789782507672
5890,0.00651518044336471,367.6686573774962,367.6686573774962,367.67517255793956,172.94569815467747
5891,0.03264233018053057,367.83368014285986,367.8385247847202,367.87116711490074,173.1040210201516
5892,0.017690023464106402,367.90083409178965,367.90083409178965,367.9185241152538,173.1371809477452
5893,0.016568128975934685,367.9689493071555,367.9689493071555,367.9855174361315,173.2014532140689
5894,0.09465045518346421,368.23350556403193,368.23350556403193,368.3281560192154,173.4551995609342
5895,0.09437522579981993,368.28966284397865,368.3281560192154,368.4225312450152,173.48225824523433
5896,0.02457806762770254,368.4434451063525,368.4434451063525,368.4680231739802,173.58558931595064
5897,0.07796257439888728,368.44876832849894,368.4680231739802,368.5459857483791,173.6631778733004
5898,0.09605990502268417,368.52733581367835,368.6402932355387,368.7791172372892,173.8819095048044
5899,0.04276409672779448,368.6785730076388,368.6785730076388,368.7213371043666,173.7754340885075
5900,0.03488950469183106,368.7636845106601,368.7791172372892,368.814006741981,173.86014190229145
5901,0.08747702683548089,368.88905942607533,368.88905942607533,368.97934714686204,174.02994481721186
5902,0.10660833720957653,368.93131188078667,369.0845758075021,369.1970460167917,174.24965904034906
5903,0.19677978118415404,368.9429787886684,369.933938678491,370.1643591493777,175.13964513390303
5904,0.002810693951235751,368.9629591087486,368.9629591087486,368.9657698026998,173.99292906204528
5905,0.015892679019208333,368.9672711900719,368.97934714686204,368.99523982588124,173.97264682163808
5906,0.005861872079992294,369.18178570241804,369.18178570241804,369.18764757449804,174.11608131717844
5907,0.014067881222613831,369.18334429700724,369.1970460167917,369.21111389801433,174.0396487815996
5908,0.01419042742859267,369.2073908701716,369.21111389801433,369.22530432544295,173.99098586776304
5909,0.03752310716169224,369.24167655736585,369.24167655736585,369.28416447791676,173.99630835657263
5910,0.004964813389215692,369.2497826394275,369.2497826394275,369.25474745281673,173.9672323688199
5911,0.03511357160224943,369.26699690080875,369.28416447791676,369.319278049519,173.99628741067153
5912,0.06980929019689484,369.2785025093917,369.319278049519,369.4182930273924,173.99324917503523
5913,0.11138656611268584,369.29203986454746,369.4182930273924,369.615867035965,174.18440711146468
5914,0.029205687676490233,369.33616495416385,369.33616495416385,369.36537064184034,173.90944422497105
5915,0.03806548173431956,369.47448762845386,369.47448762845386,369.51255311018815,173.9223875895093
5916,0.04812196072563262,369.51194112729695,369.51255311018815,369.56067507091376,173.8881782316673
5917,0.0858541748132766,369.6350354505704,369.6350354505704,369.78169418665874,174.0197303482106
5918,0.060804561275063375,369.64643980036016,369.64643980036016,369.7072443616352,173.94817176856566
5919,0.003720926955744318,369.9269020376736,369.9302177515353,369.933938678491,174.1871506122103
5920,0.029859567794835187,369.9957573288552,369.9957573288552,370.02561689665004,174.2526901895302
5921,0.003781121907661093,370.087917474415,370.087917474415,370.09169859632266,174.33691709254194
5922,0.011842204160401727,370.19815187914924,370.19815187914924,370.20999408330965,174.44715149727617
5923,0.09373150069809537,370.24054331745407,370.24054331745407,370.33427481815215,174.42006436646648
5924,0.17799242499831205,370.2422241394948,371.03721422894375,371.22179894316747,175.32943515844042
5925,0.10821342815435489,370.34757083116574,370.34757083116574,370.4823204932791,174.5151216103129
5926,0.026536233959021164,370.4105499669186,370.4105499669186,370.4370862008776,174.49080702010747
5927,0.07243751015436359,370.4127716106722,370.4823204932791,370.55475800343345,174.50106426539577
5928,0.07473554773640934,370.6013355167015,370.6013355167015,370.6760710644379,174.62918354653345
5929,0.09282619053996294,370.6515771677346,370.8518300933046,371.03721422894375,174.87352913717226
5930,0.0700467481783733,370.7250513613241,370.78178334512626,370.8518300933046,174.6662944666075
5931,0.01827410027213814,370.7492463206467,370.7635092448541,370.78178334512626,174.6238657934324
5932,0.06705799143339285,370.8616028800025,370.8616028800025,370.92958699759913,174.73928993249953
5933,0.0009261261632295237,370.9057102444849,370.9057102444849,370.90663637064813,174.72497027318806
5934,0.0245738275026053,370.9644441881884,370.9644441881884,370.989018015691,174.76807668535824
5935,0.006592289225437646,371.17796427328204,371.17796427328204,371.18455656250745,174.9452549394477
5936,0.09835916449212488,371.18405329096436,371.22179894316747,371.3288499500723,175.04751033432652
5937,0.061140767816437805,371.28694998683164,371.3288499500723,371.38999071788874,175.11456868362174
5938,0.008691842412707464,371.28713967984856,371.28713967984856,371.29583152226127,175.02381106389757
5939,0.11501021608129502,371.3367966336731,371.4578422110024,371.5728524270837,175.16392611375315
5940,0.06785149311365468,371.37591749558794,371.38999071788874,371.4578422110024,175.0882486418652
5941,0.06795552245338858,371.7334801887057,371.8035906366523,371.9033078847166,175.54236319473833
5942,0.016704038762717532,371.7810234943456,371.7868865978896,371.8035906366523,175.419053055179
5943,0.031761725610888115,371.81995507250286,371.81995507250286,371.8517167981137,175.4047146133325
5944,0.048026300839068455,371.8911870545088,371.9033078847166,371.95133418555565,175.37312491061294
5945,0.033183355325569715,372.00362187517663,372.00362187517663,372.0368052305022,175.37156841231217
5946,0.0867055456132699,372.01194379663366,372.0368052305022,372.12351077611544,175.37568447882202
5947,0.017023889977411593,372.1694543435099,372.1694543435099,372.1864782334873,175.47306715266214
5948,0.053331787019878674,372.22546935904546,372.22546935904546,372.27880114606535,175.51729570446201
5949,0.013885721550550751,372.28472012461407,372.28472012461407,372.2986058461646,175.48684916433916
5950,0.12406521064163621,372.37488432794703,372.37488432794703,372.537114871954,175.70107905445738
5951,0.1597267866964301,372.4259808753201,373.0949671537752,373.2768630504607,176.35092355565635
5952,0.03816533336532765,372.4369577798639,372.4369577798639,372.47512311322924,175.62315651384674
5953,0.10952421657328765,372.4558226957076,372.7072997801853,372.8249871737357,175.97592237754145
5954,0.1026044311454722,372.49895001473226,372.537114871954,372.7072997801853,175.7987373123754
5955,0.06758047708580732,372.56416274760556,372.56416274760556,372.6317432246914,175.72894724510076
5956,0.057128064422309846,372.7707342471084,372.8249871737357,372.91049775404673,176.07097014713526
5957,0.008163176977092774,372.80076511288036,372.80076511288036,372.8089282898575,175.90924581279447
5958,0.02838251588871982,372.8375575652648,372.8375575652648,372.8659400811535,175.94603826517886
5959,0.03902928669695124,372.89326483590315,372.91049775404673,372.9495270407437,176.01097018805987
5960,0.1133546037319196,372.9061856496401,372.9495270407437,373.0949671537752,176.100545763763
5961,0.012688139011455402,372.9679878204503,372.9679878204503,372.98067595946173,176.02392146832835
5962,0.019397370288138167,372.96939153740766,372.98067595946173,373.00007332974985,176.03520589038243
5963,0.02216910998909083,373.1614206275282,373.1614206275282,373.18358973751725,176.1747676879302
5964,0.024828630341725073,373.3712725321386,373.3712725321386,373.39610116248036,176.3670719440729
5965,0.07234638979846646,373.4689744427977,373.5350982356485,373.6114553548983,176.5610635259052
5966,0.004010729451366286,373.5513900276427,373.5513900276427,373.55540075709405,176.51883887858293
5967,0.05619925766779594,373.5842603269767,373.6114553548983,373.6898095748495,176.60083131133763
5968,0.022154962283414188,373.6198044283748,373.6198044283748,373.6419593906582,176.54712931865328
5969,0.1130891037113177,373.639985291475,373.6898095748495,373.8400974392098,176.62697795980918
5970,0.02025634717274554,373.70742990467744,373.70742990467744,373.7276862518502,176.5553626707287
5971,0.016942413476232276,373.73591559206267,373.73591559206267,373.7528580055389,176.5507776259268
5972,0.08282184150577133,373.8697401383354,373.8697401383354,373.962214805431,176.74221849046685
5973,0.00965282558985076,373.8756779339201,373.8756779339201,373.88533075950994,176.64624427110854
5974,0.28337533874747006,373.9273564566027,377.48449324996403,377.8510424780873,180.49989888310367
5975,0.05435358243230639,373.9760647249303,373.9760647249303,374.055327742031,176.76584311900777
5976,0.02490943466837585,373.9941306440934,373.9941306440934,374.01904007876175,176.72302551419386
5977,0.04993407020920655,374.03694824890727,374.055327742031,374.1052618122402,176.69806713534302
5978,0.020801062321429278,374.11166633705477,374.11166633705477,374.1324673993762,176.73003183719138
5979,0.10358322694564887,374.3399329528034,374.3526328759492,374.489427396207,177.06010290941398
5980,0.12063338831350567,374.36820663105925,374.5861578133514,374.7824892218166,177.34540326443013
5981,0.03321129331213101,374.3785436356262,374.3785436356262,374.41175492893836,176.9383808171633
5982,0.09673041714441072,374.4721948127545,374.489427396207,374.5861578133514,176.98378416342112
5983,0.14065850593779244,374.5993415369213,374.86093958702446,375.0267799214188,177.4342672937035
5984,0.03167572898931971,374.67011844205393,374.67011844205393,374.7017941710433,177.14571469158045
5985,0.07845036520786737,374.68986975305904,374.7824892218166,374.86093958702446,177.10045216763814
5986,0.020222115492824776,374.70068358925533,374.7017941710433,374.7220162865361,177.0000457171735
5987,0.023800175669552816,374.7106998449151,374.7220162865361,374.74581646220565,177.00456289338706
5988,0.24005208111397938,374.75956043217445,375.0267799214188,375.26683200253274,177.40760452458102
5989,0.007242906276743971,374.8662628802358,374.8662628802358,374.87350578651257,177.1376352540408
5990,0.01793892217976622,374.9297536708305,374.9297536708305,374.9476925930103,177.19201643681308
5991,0.19228789223372655,375.13263253275034,375.26683200253274,375.5849615596761,177.76017884198487
5992,0.08460315430803027,375.31049113627813,375.31049113627813,375.42886749206326,177.58593696117808
5993,0.02549950197060379,375.3289883034568,375.3289883034568,375.3544878054274,177.4987440380108
5994,0.008273699506516675,375.3744565659999,375.3744565659999,375.3827302655064,177.51508244925847
5995,0.007465309124556365,375.45916762106043,375.45916762106043,375.46663293018497,177.5603798409091
5996,0.16519082417649444,375.54742564290297,375.5849615596761,375.76575268002784,177.83266850757096
5997,0.060573742772690745,375.6934611858258,376.06577300747745,376.12634675025015,178.15671893183142
5998,0.015600296175231036,375.7090454537529,375.7090454537529,375.72464574992813,177.78770525034247
5999,0.05657867472027114,375.7149033345724,375.8207781753986,375.89077053086345,177.93128294507557
6000,0.055025495370722835,375.740435061794,375.76575268002784,375.8207781753986,177.82508144049683
6001,0.05762131468747103,375.79627781881914,376.00815169278997,376.06577300747745,177.99307680982068
6002,0.08872066607659279,375.82323649899064,376.27988396589876,376.36860463197536,178.3269203578146
6003,0.013413680744581359,375.86081155915383,375.86081155915383,375.8742252398984,177.81105836224663
6004,0.028474844112205484,375.87281918624166,375.89077053086345,375.9192453749757,177.84892702055728
6005,0.07964792723048023,375.90555640022876,376.12634675025015,376.27988396589876,178.15915781312464
6006,0.03845585599541357,375.90890127710765,375.9192453749757,375.9577012309711,177.81135009818064
6007,0.050450461818848345,375.91824495974856,375.9577012309711,376.00815169278997,177.8282423204034
6008,0.006560205133675022,376.13299326901574,376.13299326901574,376.1395534741494,177.99286500315813
6009,0.0455095599724849,376.14177941519114,376.14177941519114,376.1872889751636,177.9894960165004
6010,0.1424349026289454,376.1555161852519,376.50379865644953,377.0478809753997,178.87303345691535
6011,0.02181952331198434,376.22109570592795,376.22109570592795,376.24291522923994,178.0490585594647
6012,0.05526226553695972,376.317361118191,376.36860463197536,376.4238668975123,178.1841624198651
6013,0.07372124996151953,376.3427515178608,376.4238668975123,376.49758814747383,178.27196917927304
6014,0.006210508975715999,376.4919533234248,376.49758814747383,376.50379865644953,178.26262455120346
6015,0.08329057278892896,376.5189563101381,376.5189563101381,376.6441404308532,178.35716910831678
6016,0.0028272627571687852,376.53379221509664,376.53379221509664,376.53661947785383,178.24241327718892
6017,0.022488213013072127,376.5751680950462,376.5751680950462,376.59765630805924,178.24231653798861
6018,0.0165780721559473,376.60155578451133,376.60155578451133,376.61813385666727,178.2524604600227
6019,0.11585040745739841,376.60271697582516,376.6441404308532,376.8125557110457,178.42221948759783
6020,0.018190125903182155,376.6788381351619,376.6788381351619,376.6970282610651,178.28749350357066
6021,0.029731378769840982,376.72262911576524,376.72262911576524,376.7523604945351,178.32815561037512
6022,0.004643368062092179,376.785057268176,376.785057268176,376.7897006362381,178.3638221797696
6023,0.013485161200985392,376.83413418300194,376.83413418300194,376.84761934420294,178.407968057098
6024,0.04771973047429129,376.86837226327884,376.86837226327884,376.9357057777689,178.46529603972164
6025,0.01961378401572802,376.87878862026656,376.87878862026656,376.8984024042823,178.43009155188778
6026,0.11721295552086598,376.9497238081325,377.05637865610095,377.1735916116218,178.68408430390227
6027,0.027229339722593896,376.99277197374136,376.99277197374136,377.0200013134639,178.50398402161608
6028,0.00849768070124654,377.04138013562834,377.0478809753997,377.05637865610095,178.54929560455707
6029,0.1374542309915733,377.1521879144123,377.33167663384626,377.48449324996403,178.8623338765731
6030,0.13073440493049263,377.157992687938,377.1735916116218,377.31378997170583,178.73997181913148
6031,0.009463955153549508,377.2866789174537,377.2866789174537,377.2961428726072,178.63725736225345
6032,0.01788666214042411,377.30342800818664,377.31378997170583,377.33167663384626,178.57676785463008
6033,0.015362385126171916,377.37733793489645,377.37733793489645,377.39270032002264,178.63220598364427
6034,0.06703252140547658,377.53537694174753,377.53537694174753,377.602409463153,178.77777212400892
6035,0.016141367970379007,377.71319117794485,377.71319117794485,377.7293325459152,178.91499252408846
6036,0.10220986724864907,377.89739797906566,377.89739797906566,378.0197550340251,179.1183696645538
6037,0.1799167532319001,377.9045941715205,378.0197550340251,378.3502212876161,179.43369790063466
6038,0.01930186394563763,377.92387122139223,377.92387122139223,377.9431730853379,179.0548280512522
6039,0.0008453237651559411,377.9535284618936,377.9535284618936,377.95437378565873,179.0727015973485
6040,0.018841230460425996,378.0574568188627,378.0574568188627,378.07629804932316,179.16802212780175
6041,0.053854907888221906,378.0676376695061,378.07629804932316,378.13015295721135,179.17604743358564
6042,0.06030102130290384,378.20208681283907,378.20208681283907,378.27967046350113,179.3288655835587
6043,0.017282629359166763,378.21288197771617,378.21288197771617,378.2301646070753,179.30208824183802
6044,0.06728399914434693,378.2925812747685,378.3502212876161,378.41750528676044,179.43543649444385
6045,0.000269711348400242,378.3010898366328,378.3010898366328,378.3013595479812,179.3823532400284
6046,0.15759817101948365,378.4934471101156,378.4934471101156,378.912118158685,179.8183217449533
6047,0.15720515695977413,378.4936259602996,378.4936259602996,378.6508311172594,179.62112163174788
6048,0.08633959829047497,378.5764219745919,378.6508311172594,378.75469883784956,179.78608107049703
6049,0.01546776036962211,378.65667960432995,378.65667960432995,378.6721473646996,179.69149023938712
6050,0.0020603619301134656,378.68385111896015,378.68385111896015,378.68591148089024,179.67581269964916
6051,0.1969000321245205,378.7501306969116,379.5873912553981,379.91751160354613,180.79972195238966
6052,0.06953011081533651,378.9413979052317,378.9413979052317,379.01092801604705,179.8932308732962
6053,0.14120970034457944,378.9459835699721,379.0779348839418,379.28907056548945,180.16481111370038
6054,0.02366388744850948,378.9908900370285,379.01092801604705,379.03459190349554,179.90157890617562
6055,0.043342980446238945,379.0237676067328,379.03459190349554,379.0779348839418,179.9086953269624
6056,0.03671457711148037,379.17823465436413,379.17823465436413,379.2149492314756,180.04023094557587
6057,0.027496603321801875,379.20912023159997,379.2149492314756,379.2424458347974,180.03899414618948
6058,0.005714800769821103,379.2584588055636,379.2584588055636,379.2641736063334,180.0843592335682
6059,0.06499235918891819,379.26152145644477,379.28907056548945,379.4038013094814,180.15656345126405
6060,0.04973838480307385,379.2940837076335,379.2940837076335,379.34382209243654,180.0751450799415
6061,0.03189404962373189,379.49245255685605,379.49245255685605,379.5243466064798,180.22866140750813
6062,0.0024563090833067363,379.6187278159924,379.6187278159924,379.6211841250757,180.29126136930714
6063,0.009482795874760521,379.62378013322655,379.62378013322655,379.6332629291013,180.29321450700556
6064,0.16690065373793997,379.6243340453209,379.91751160354613,380.08441225728404,180.73706049812174
6065,0.0706015899594824,379.6418033445314,379.6418033445314,379.7124049344909,180.28787029440107
6066,0.035803646157435164,379.76034315770005,379.76034315770005,379.7961468038575,180.3847181871832
6067,0.014875974948546183,379.8608546337619,379.8608546337619,379.87573060871046,180.47932753413872
6068,0.1494315134966917,380.0048417757341,380.1024068727246,380.3609019753507,180.9591797543051
6069,0.017994615440571623,380.0813623636483,380.08441225728404,380.1024068727246,180.66175603669495
6070,0.10906358912944578,380.11860635677976,380.11860635677976,380.2276699459092,180.68124185260902
6071,0.007451861807844484,380.3570663042332,380.3609019753507,380.36835383715857,180.90539846461678
6072,0.09956205437242203,380.3620475195928,380.36835383715857,380.53972558419514,181.0450296540976
6073,0.07180969266413025,380.3828216974117,380.3828216974117,380.45463139007586,180.92105648374962
6074,0.06873888151463302,380.50341527984824,380.53972558419514,380.63402088650656,181.12174152956553
6075,0.02555642079681006,380.5631462615812,380.5631462615812,380.588702682378,181.05653761620542
6076,0.05701396648111968,380.6664437366929,380.6664437366929,380.723457703174,181.17536130167855
6077,0.08176598982065604,380.68283347821597,380.723457703174,380.8366590199768,181.30987907183956
6078,0.027197313147599916,380.77573697815075,380.77573697815075,380.80293429129836,181.25326754122568
6079,0.004238013834519322,380.81515575782856,380.81515575782856,380.8193937716631,181.26073053180073
6080,0.029105921863944076,380.8423525985505,380.8423525985505,380.8932993939627,181.30623406179083
6081,0.021840873548224997,380.8430084711798,380.8430084711798,380.86484934472804,181.27461128693355
6082,0.28109732908470286,380.9381728735708,380.9381728735708,383.8344000547189,184.14925221491313
6083,0.19867892369008125,380.96616170384794,380.96616170384794,382.639564478074,182.91207744069348
6084,0.08581269221692213,380.9874547957367,380.9874547957367,381.0732674879536,181.44322338445647
6085,0.12018556338653441,381.06256564867556,381.0732674879536,381.3410334477633,181.6334709751955
6086,0.20512124504103443,381.1005025983436,382.639564478074,382.8485744087675,183.1342144892048
6087,0.04074152389469036,381.126871151068,381.126871151068,381.16761267496264,181.50055235001352
6088,0.04118956254583859,381.16036957083395,381.16761267496264,381.2292128361609,181.52526195333942
6089,0.011276793068311773,381.18661125478224,381.18661125478224,381.19788804785054,181.50055307811323
6090,0.009133805584126476,381.20154982930075,381.20154982930075,381.21068363488484,181.51057307541714
6091,0.04523871133023336,381.23235939486403,381.23235939486403,381.27759810619426,181.57942674720385
6092,0.12764146468135265,381.2772832535358,381.3410334477633,381.5478050816906,181.80642147440867
6093,0.06045634599203335,381.35738737132914,381.35738737132914,381.41784371732115,181.7076618031702
6094,0.013784977594882016,381.4153429335373,381.41784371732115,381.431628694916,181.69647683256338
6095,0.15650170286791537,381.45838195444975,381.5478050816906,381.7134919722604,181.958442709203
6096,0.0048888456590588155,381.50820760653676,381.50820760653676,381.51309645219584,181.75441454732362
6097,0.009185187701847732,381.6156541741498,381.6156541741498,381.6248393618517,181.79178903428314
6098,0.1109151415469938,381.71053099339974,381.7134919722604,381.82440711380735,181.98699776060135
6099,0.05147924824787805,381.8112126905793,381.82440711380735,381.8758863620552,181.99762682235828
6100,0.15079222140879334,381.86493118487084,381.8758863620552,382.0823531413092,182.10559135490388
6101,5.613289453691514e-07,381.90892696449794,381.90892696449794,381.90892752582687,181.99396911935554
6102,0.10789758213057847,381.9320999242682,382.0823531413092,382.1902507234398,182.1727009788244
6103,0.05567399651630367,381.9527817177236,381.9527817177236,382.0084557142399,181.9217212204549
6104,0.11139294042666537,382.01584842534277,382.3080916604249,382.41948460085155,182.19381679600352
6105,0.09348405147292474,382.122382726638,382.1902507234398,382.3080916604249,182.04876028652006
6106,0.02435688551216289,382.208602016727,382.208602016727,382.2329589022392,182.0211760186805
6107,0.2279981171441317,382.42590451367545,382.8485744087675,383.08805641650997,182.71207396868095
6108,0.013196237378934748,382.43985194395214,382.43985194395214,382.45304818133104,182.18616776752089
6109,0.01904714441207972,382.4404300082396,382.45304818133104,382.4720953257431,182.17976363819534
6110,0.010450663630189485,382.5100586164103,382.5100586164103,382.52050928004047,182.21883907118914
6111,0.003888685652414901,382.77471704718425,382.77471704718425,382.7786057328367,182.45890691861965
6112,0.011483890598359924,382.9084731116783,382.9084731116783,382.91995700227665,182.50420626926945
6113,0.17915491757397442,383.1402930910316,383.1402930910316,383.39489307549775,182.91309339808345
6114,0.050116297946521,383.19289238405713,383.19289238405713,383.2440410237522,182.76120031214177
6115,0.0010323417484709627,383.2397162011738,383.2397162011738,383.2407485429223,182.74565801238873
6116,0.009708388430455454,383.2454508065024,383.2454508065024,383.25515919493284,182.74401543554927
6117,0.014446141053984887,383.29368757029425,383.29368757029425,383.30813371134826,182.73119359260494
6118,0.00014189771271303384,383.3371118845691,383.3371118845691,383.3372537822818,182.72878357945555
6119,0.026740467877485904,383.452514978128,383.452514978128,383.47975783154703,182.78989934097928
6120,0.0005023855415710149,383.4579078413668,383.4579078413668,383.45841022690837,182.6611458664154
6121,0.07674924137537134,383.46835780878655,383.47975783154703,383.57083677223096,182.72600588059709
6122,0.014329699308601252,383.48182921622595,383.48182921622595,383.4961589155345,182.649123055219
6123,0.04570784283014111,383.53435489093096,383.57083677223096,383.6165446150611,182.7531568646689
6124,0.04365435113660159,383.59992788576255,383.6165446150611,383.6601989661977,182.75472826093997
6125,0.2077164076852401,383.6746119762132,383.8344000547189,384.0986321389805,183.11774659387015
6126,0.030951166865507418,383.69149735159095,383.69149735159095,383.7224485184565,182.77129222554777
6127,0.027313496359775785,383.87072500205437,383.87072500205437,383.89803849841417,182.9060642278221
6128,0.3446578061803496,383.94884389258056,385.0809356627535,385.65121799263443,184.62201188315447
6129,0.012492201746596326,383.9638961963995,383.9638961963995,383.9763883981461,182.97243453161383
6130,0.016709978469937218,384.0156967645974,384.0156967645974,384.0324067430673,183.0164721717047
6131,0.12869761494585488,384.10687707740766,384.10687707740766,384.2884158874452,183.15564610718593
6132,0.05034612783629777,384.11134537975033,384.11134537975033,384.164186574842,183.11442565334335
6133,0.002495067255404506,384.12210857255945,384.12210857255945,384.12460363981484,183.09685441184584
6134,0.05625964775916584,384.33767534549173,384.33767534549173,384.3939349932509,183.31154469368266
6135,0.02953034082126642,384.40112801191157,384.40112801191157,384.43065835273285,183.39591744523395
6136,0.06284866279322092,384.40142759435787,384.45586646253867,384.5187151253319,183.40569551326632
6137,0.019644437451598763,384.42320927173165,384.43065835273285,384.45586646253867,183.3533493552999
6138,0.005563672354260362,384.43357720237515,384.43357720237515,384.4391408747294,183.34400343175628
6139,0.0029857748670693626,384.54114094737474,384.54114094737474,384.5441267222418,183.43204019969824
6140,0.06593771093224876,384.5433361995018,384.5441267222418,384.61006443317405,183.41158240665936
6141,0.056370498103183155,384.592282638999,384.61006443317405,384.66643493127725,183.38264922041066
6142,0.05510586447955495,384.72578131525654,384.72578131525654,384.7808871797361,183.46276561374404
6143,0.10814456604991375,384.7850461598593,384.7850461598593,384.8931907259092,183.51820538648883
6144,0.008997621078952751,384.946671383359,384.946671383359,384.95566900443794,183.649935540703
6145,0.07984001575517542,385.11904216113663,385.11904216113663,385.26641854346457,183.88603114163402
6146,0.06753636657276578,385.12531010981485,385.12531010981485,385.1928464763876,183.76588411372035
6147,0.32317786593614617,385.3769795781518,385.65121799263443,386.58846431459597,185.17019210644347
6148,0.05272113259240684,385.43441890862664,385.43441890862664,385.51266704999927,184.08464143861397
6149,0.025527008780229045,385.4468583214312,385.4468583214312,385.4723853302114,184.039371467124
6150,0.39063047398394884,385.6011109533738,388.84245986822367,389.6628458103604,188.1491489608665
6151,0.012515792520445726,385.6592688120691,385.6592688120691,385.67178460458956,184.1463576839376
6152,0.03370693132646414,385.67505728889853,385.67505728889853,385.7192705203856,184.18451232298318
6153,0.010506300160537217,385.68890640707616,385.68890640707616,385.6994127072367,184.16403495309737
6154,0.15556922220481487,385.6893382197189,385.73812843880063,385.9365249685046,184.38036707343934
6155,0.01885791841504194,385.7053296337107,385.7192705203856,385.73812843880063,184.17120243803834
6156,0.020622513624983428,385.74272025540125,385.74272025540125,385.7633427690262,184.17411644164343
6157,0.022204793874222882,385.81501237844356,385.81501237844356,385.83721717231776,184.24522436203318
6158,0.06343145763642652,385.9096500973507,385.9365249685046,385.99995642614107,184.35514236821314
6159,0.05582400135966003,386.12637542032985,386.12637542032985,386.1821994216895,184.53181018976366
6160,0.04249192679070794,386.22935593643683,386.22935593643683,386.27184786322755,184.64488334777658
6161,0.15015403682944442,386.2334838942424,386.7254339760907,386.9148795213096,185.27763889500122
6162,0.04549887986666335,386.25243147605255,386.27184786322755,386.3186249065078,184.64127585435648
6163,0.06495237059896299,386.29361798918944,386.3186249065078,386.3835772771068,184.60769965329166
6164,0.0012781634135642429,386.3040801153908,386.3040801153908,386.30535827880436,184.48282767497628
6165,0.06660818423277218,386.4198979094884,386.4198979094884,386.4865060937212,184.54157833054984
6166,0.3872391143728768,386.42469290810504,387.6702360046001,388.39598745686857,186.48641212100873
6167,0.051093988155936625,386.5419602865208,386.58846431459597,386.657200740664,184.68002922085503
6168,0.017642437912135725,386.6155502051342,386.6155502051342,386.6331926430463,184.65652170055856
6169,0.06823323542670341,386.63905772543063,386.657200740664,386.7254339760907,184.68953834864854
6170,0.03929150838944777,386.7405396096325,386.7405396096325,386.77983111802195,184.77287721761704
6171,0.045871160653414025,386.87825142201706,386.9148795213096,386.96960434162696,184.84697454669143
6172,0.13066635990226413,386.91291787297985,387.04192039680004,387.1725867567023,185.02970637361642
6173,0.06542958534503976,386.9446069624519,386.96960434162696,387.04192039680004,184.80813925961536
6174,0.008853659663969405,386.94972564138936,386.94972564138936,386.9585793010533,184.72652137022004
6175,0.00688646982800422,387.00721131679614,387.00721131679614,387.0140977866242,184.75152890817336
6176,0.0931711999298972,387.0830196755631,387.25705431335905,387.35022551328893,185.06540468837727
6177,0.08446755665674917,387.15597696175286,387.1725867567023,387.25705431335905,184.86406276062377
6178,0.17586188030785732,387.3241503585539,387.35022551328893,387.5324457149011,185.19159949552096
6179,0.006358321304284467,387.4937651702952,387.4937651702952,387.5001234915995,185.18593623552664
6180,0.08068853987248137,387.4994882897444,387.5324457149011,387.61313425477357,185.2542009650945
6181,0.05710174982650222,387.5677530193123,387.61313425477357,387.6702360046001,185.2858672594232
6182,0.07024199319408901,387.70724018475465,387.70724018475465,387.78000889965153,185.45134167555742
6183,0.0025267217028188175,387.71147651758486,387.71147651758486,387.71400323928765,185.33441008905663
6184,0.05190148770230713,387.7533063479356,387.79048053980006,387.84238202750237,185.41485247373353
6185,0.010471640148532163,387.7786086709078,387.78000889965153,387.79048053980006,185.33882279537622
6186,0.04505688442650321,387.8091786106389,387.84238202750237,387.8874389119289,185.36645666567566
6187,0.029550381687273253,387.8988964404313,387.8988964404313,387.9284468221186,185.34995451827362
6188,0.021780601143724966,387.9869726751004,387.9869726751004,388.00875327624414,185.41633888378547
6189,0.07026751515400667,388.2010180937289,388.2010180937289,388.2988112886878,185.6940742647576
6190,0.02752567980484604,388.22404804930517,388.22404804930517,388.25157372911,185.5907661831631
6191,0.09969335534835455,388.2773964834565,388.39598745686857,388.4956808122169,185.75755545814098
6192,0.14857582981841708,388.31817370063095,388.4956808122169,388.67374353334736,185.96634649011546
6193,0.009189432931443463,388.36342971767806,388.36342971767806,388.3726191506095,185.54373050762962
6194,0.029486891312055476,388.546688964974,388.546688964974,388.57617585628606,185.72698975492554
6195,0.16097085554930418,388.6599966972741,388.67374353334736,388.84245986822367,185.89371670337403
6196,0.007745479326991179,388.7665736345958,388.7665736345958,388.7743191139228,185.88296601329725
6197,0.05487527704793546,388.8804034165501,388.8804034165501,388.93527869359804,185.9886054510324
6198,0.04821040711200818,388.9892395040308,388.9892395040308,389.07205551269465,186.1303449813438
6199,0.03460560155185626,389.0028079396221,389.0028079396221,389.0374135411739,186.08931730467486
6200,0.015024913967133256,389.1255788467626,389.1255788467626,389.14060376072973,186.20042206249227
6201,0.1883370898608879,389.133937711391,389.14060376072973,389.3538548240363,186.36089938659427
6202,0.0023144810045500896,389.19161521509886,389.19161521509886,389.1939296961034,186.2523023972794
6203,0.022599492441154365,389.2774431355693,389.2774431355693,389.30004262801043,186.33797484206286
6204,0.03523702023256332,389.5409621926598,389.5409621926598,389.57619921289233,186.58524418176134
6205,0.028551184934790284,389.5838005769022,389.5838005769022,389.612351761837,186.59783686974586
6206,0.06276219713796846,389.6931157913888,389.6931157913888,389.7558779885267,186.7113593565735
6207,0.10898404945122683,389.70078989592093,389.7558779885267,389.92568213469457,186.88774599954516
6208,0.04506964413012298,389.78190852145815,389.78190852145815,389.8269781655883,186.75561662111122
6209,0.01575045258649294,389.8832923294676,389.8832923294676,389.8990427820541,186.83535664764003
6210,0.08222461310583908,390.0257178545927,390.0257178545927,390.11322755822977,187.01513073971591
6211,0.14139060108984897,390.0582818293154,390.11322755822977,390.2546181593196,187.17569788827916
6212,0.0052850905312060515,390.06054833981693,390.06054833981693,390.06583343034816,186.9902398762259
6213,0.15642857879767413,390.1584520186999,390.40573221984005,390.6455188776207,187.49664233158597
6214,0.09041490970794863,390.24167055520337,390.2546181593196,390.40573221984005,187.23268446308367
6215,0.05516664933300358,390.27883555312604,390.27883555312604,390.33953470393857,187.15136828771526
6216,0.005532501479541845,390.2962949944791,390.2962949944791,390.30182749595866,187.14544913029553
6217,0.0017831099469400352,390.42635129865744,390.42635129865744,390.42813440860436,187.2671310956916
6218,0.08157496903608777,390.4342620264126,390.4342620264126,390.5158369954487,187.18864013102458
6219,0.15912955793249736,390.57984330387274,390.8375814055471,391.2966202866234,187.94542316010373
6220,0.12735934254521616,390.5998903880974,390.6455188776207,390.7728782201659,187.4415497738635
6221,0.0647031853811813,390.7383008750809,390.7728782201659,390.8375814055471,187.3639051358529
6222,0.07886082993976432,390.9041769476001,390.9041769476001,391.00588580032115,187.56249881138586
6223,0.022848022781299784,390.9374960310675,390.9374960310675,390.9603440538488,187.40830209181328
6224,0.06301289174867843,390.97422249197894,391.00588580032115,391.0688986920698,187.49029044472118
6225,0.06900378463074128,391.0300397319748,391.0688986920698,391.13790247670056,187.58228662957686
6226,0.06618379404332841,391.12468809755967,391.13790247670056,391.2040862707439,187.61000515313117
6227,0.1900367825423076,391.1931339595506,391.2966202866234,391.48665706916574,187.62037827887352
6228,0.02180714493591442,391.49041128740157,391.49041128740157,391.5122184323375,187.7588281870228
6229,0.157880391476961,391.5136288587882,391.5136288587882,391.73173714927225,187.9662320785495
6230,0.02024464134420917,391.5541887229101,391.5541887229101,391.57443336425433,187.7679416185842
6231,0.012792098635991771,391.61575531350275,391.61575531350275,391.62854741213874,187.72215978068095
6232,0.027191159026892644,391.6713872434372,391.6713872434372,391.6985784024641,187.76613754365627
6233,0.06308218217801875,391.834966787781,391.834966787781,391.9266201453383,187.97631770385658
6234,0.02857117537930187,391.8605381226173,391.8605381226173,391.8891092979966,187.93132786066886
6235,0.03250664766823275,391.90207771451026,391.9266201453383,391.95912679300653,187.92281338413986
6236,0.04923407950643024,391.96745976326025,391.96745976326025,392.0166938427667,187.96365300206182
6237,0.08281569961954141,392.0169751119899,392.0169751119899,392.1089021753442,188.08256630249303
6238,0.07378355202474472,392.0376194500257,392.1624158839915,392.2419931653811,188.19451249362217
6239,0.009111363734799404,392.06118744116,392.06118744116,392.0702988048948,188.03919846251137
6240,0.053513708647275345,392.08731843555876,392.1089021753442,392.1624158839915,188.06388541074844
6241,0.13353046464540924,392.09082997934394,392.41516869415443,392.5666959091543,188.48603461905026
6242,0.04853112338305587,392.19041846363524,392.2419931653811,392.2905242887641,188.1549663609603
6243,0.1490822944907928,392.19322730341304,392.652035435993,392.8835748503222,188.7665928829364
6244,0.005793729364800559,392.1969824411083,392.1969824411083,392.2027761704731,188.05198532566965
6245,0.06718864714389282,392.2649409533297,392.2905242887641,392.3595766726158,188.15509757589732
6246,0.0018637367077661325,392.2986985848232,392.2986985848232,392.300562321531,188.12586730925554
6247,0.055592021538651656,392.31279565089363,392.3595766726158,392.41516869415443,188.1451378514677
6248,0.18588416402916233,392.3134081064061,393.0749861875321,393.4061829519418,189.13338234140866
6249,0.01799675035450842,392.5137407466792,392.5137407466792,392.5317374970337,188.26323102664188
6250,0.08533952683870102,392.54257056835917,392.5666959091543,392.652035435993,188.31618618911702
6251,0.00019788744939819433,392.6539814711215,392.6539814711215,392.6541793585709,188.29625789414942
6252,0.06044207571878619,392.6657842261809,392.6657842261809,392.7262263018997,188.35655699883483
6253,0.018419099647522714,392.72038954055415,392.7262263018997,392.74464540154725,188.35615576172793
6254,0.003398057022640302,392.80492567162975,392.80492567162975,392.8083237286524,188.4200617666418
6255,0.05040608804284226,392.8812316575753,392.8835748503222,392.93398093836504,188.49740230087122
6256,0.06517449071896632,392.88706417579664,393.00981169681313,393.0749861875321,188.5746776969767
6257,0.056449274740054046,392.9201673453847,392.94115568098823,393.00981169681313,188.4645109475
6258,0.007174742623178358,392.93253375373087,392.93398093836504,392.94115568098823,188.43026552994735
6259,0.012206741084867336,392.9560196148328,392.9560196148328,392.9682263559177,188.41006558204003
6260,0.0322289047827039,393.1543970046564,393.1543970046564,393.1866259094391,188.6379900178645
6261,0.02627476541037887,393.18394405065726,393.1866259094391,393.2129006748495,188.6035264924096
6262,0.08245521710382664,393.1965459211588,393.2129006748495,393.2953558919533,188.61138077108163
6263,0.004353713083638966,393.34346744947305,393.34346744947305,393.34782116255667,188.73242542862707
6264,0.0793307999616311,393.4339949721943,393.4339949721943,393.5133257721559,188.79965166666574
6265,0.13901159995871482,393.68863980202735,393.68863980202735,393.8276514019861,189.15356039590822
6266,0.12296040600801496,393.77507837659135,393.9267877041929,394.07413386787846,189.28489460661808
6267,0.07149950182249758,393.7800804181405,393.85528820237045,393.9267877041929,189.08550180956868
6268,0.027636800384339265,393.8255873164837,393.8276514019861,393.85528820237045,189.0481864132371
6269,0.006177741288759349,393.96305106621713,393.96305106621713,393.9692288075059,189.1150936435751
6270,0.012645023043415513,393.975972019523,393.975972019523,393.9941380954044,189.13819321593982
6271,0.11731365567417787,393.98000223178866,394.07413386787846,394.19144752355265,189.22763418948034
6272,0.005521052837972319,393.9806295857439,393.9806295857439,393.9861506385819,189.04087710080302
6273,4.194050733521774e-05,394.0394220349485,394.0394220349485,394.0394639754558,189.07153822474322
6274,0.025401216325724483,394.166692290594,394.19144752355265,394.2168487398784,189.22356371334737
6275,0.0318206394858629,394.16738667442127,394.2168487398784,394.2486693793643,189.24703861961893
6276,0.14776096478744938,394.21969234891435,394.2486693793643,394.47533896908527,189.46707431912745
6277,0.01176162614973928,394.3081963438091,394.3081963438091,394.3199579699588,189.34361663452805
6278,0.03295772794224332,394.31732479028784,394.3458773824454,394.3788351103876,189.3708876893202
6279,0.023364764513457467,394.3186063276532,394.3199579699588,394.3458773824454,189.28532060991392
6280,0.0025546479730886025,394.33433687547284,394.33433687547284,394.33689152344596,189.28276596194084
6281,0.008269858354965886,394.4301176752984,394.4301176752984,394.4383875336534,189.37119512930255
6282,0.09067170170264391,394.439728048423,394.47533896908527,394.65962763262206,189.54378368689467
6283,0.05758379669949996,394.49705096550815,394.49705096550815,394.5906679273423,189.45713824936513
6284,0.03603316513465462,394.5009151629396,394.5009151629396,394.53694832807423,189.4106046539016
6285,0.37023652547038466,394.609184085004,402.45301716843363,404.7336831678118,199.561130318531
6286,0.0377685495741054,394.62293165395863,394.65962763262206,394.7023531169868,189.5727065191823
6287,0.004956934790643846,394.67805743712614,394.67805743712614,394.6830143719168,189.56301943486955
6288,0.10073395667088503,394.74006236959303,394.74006236959303,394.86751711974915,189.7131225692221
6289,0.12032782866624563,394.74038695604656,394.93621452877346,395.1272894983995,189.90566459211286
6290,0.011239118899874367,394.80133435565034,394.80133435565034,394.8125734745502,189.66822943327784
6291,0.06869740902431815,394.81575484198873,394.86751711974915,394.93621452877346,189.73865382727544
6292,0.015481674585392924,394.81988061933953,394.81988061933953,394.8353622939249,189.66945733908503
6293,0.20878800332525402,394.8820438213095,395.5406482311463,396.8675695170778,191.65095369447067
6294,0.07074714095976979,394.96062858317794,394.96062858317794,395.0313757241377,189.78661118857738
6295,0.05072332020476183,395.1441956550988,395.1441956550988,395.1949189753036,189.9610670323357
6296,0.03736993422388624,395.26803904036683,395.26803904036683,395.3054089745907,190.0746406708481
6297,0.07994759363960571,395.3225941371954,395.44555489470423,395.5406482311463,190.29358382604036
6298,0.03200220101075999,395.3230497362877,395.3230497362877,395.3569335572619,190.12074526759343
6299,0.0018816199634724,395.3313206340475,395.3313206340475,395.3332022540109,190.1165418149509
6300,0.02651116498967028,395.4172307744264,395.4190437297146,395.44555489470423,190.158633758176
6301,0.015145742802469154,395.4761017051409,395.4761017051409,395.49124744794335,190.149985130918
6302,0.058419152203213434,395.5816898888693,395.5816898888693,395.7076447206526,190.34433660817965
6303,0.029351208540474613,395.58866791076196,395.58866791076196,395.6180191193024,190.17897348477732
6304,0.01895473157089293,395.63318327377783,395.63318327377783,395.6521380053487,190.14146919036094
6305,0.019229739468748366,395.63908611521356,395.6521380053487,395.6713677448175,190.13309400988592
6306,0.11800261393872474,395.71455245467695,395.71455245467695,395.9908035235491,190.39553765777742
6307,0.06163422290249488,395.7171117175475,395.7171117175475,395.77874594045,190.1866879822512
6308,0.12946766601650664,395.7751734521021,396.0500220083041,396.1794896743206,190.5488876980722
6309,0.025611602108667593,395.80933817492826,395.80933817492826,395.8349497770369,190.11368704162396
6310,0.0490736541203927,395.81172664678456,395.8349497770369,395.8840234311573,190.1369101718763
6311,0.0219289758019046,395.9169905266872,395.9169905266872,395.9389195024891,190.21294907955703
6312,0.05921848475498117,395.96734037154124,395.9908035235491,396.0500220083041,190.29661551592986
6313,0.16295179328329779,396.00065696306,396.8675695170778,397.2324714240299,191.5257257001051
6314,0.14070330591130595,396.12614183391247,396.3636574218858,396.53487608494333,190.75435484114917
6315,0.0676703946241775,396.1558062160182,396.1794896743206,396.26082598429286,190.52029500605985
6316,0.013665915348070247,396.1909556397986,396.1909556397986,396.2046215551466,190.47115062081076
6317,0.055857340564870656,396.2330560226764,396.26082598429286,396.33510534046053,190.59560728407993
6318,0.018422015602741648,396.2828414760774,396.2828414760774,396.3012634916802,190.55463661673576
6319,0.028552081425263737,396.3175486249491,396.33510534046053,396.3636574218858,190.58198875545094
6320,0.19065391693494177,396.32277821575224,397.7203451110589,398.4246739139581,192.53190800717798
6321,0.028573217730633413,396.36537689297296,396.36537689297296,396.3939501107036,190.59885513272482
6322,0.2050431602943506,396.3872063704839,398.4246739139581,398.8169018409203,192.97991120425843
6323,0.15029446740552097,396.4064244458831,396.53487608494333,396.68517055234884,190.65354631866796
6324,0.0019421394155934647,396.4582426249683,396.4582426249683,396.4601847643839,190.56121179725497
6325,0.021560353151049247,396.7899910722701,396.7899910722701,396.81155142542116,190.85562261027
6326,0.10880582055449402,396.8783305104083,396.8783305104083,396.9871363309628,190.93325080120724
6327,0.044740254000850875,397.03917051262135,397.03917051262135,397.0839107666222,191.1050204929266
6328,0.04064487883237743,397.07090618764937,397.0839107666222,397.12455564545456,191.09387545446705
6329,0.007759160281040887,397.1532122810925,397.1532122810925,397.1609714413736,191.1540406000956
6330,0.1817866277259542,397.22392928611976,397.313059938809,397.6233442918446,191.56558776732214
6331,0.05335377792342886,397.2286688863876,397.25970616088557,397.313059938809,191.18345074092406
6332,0.027234736855684488,397.23155562333983,397.2324714240299,397.25970616088557,191.144966604699
6333,0.022713909610479973,397.37059257035804,397.37059257035804,397.39330647996854,191.24825187329512
6334,0.01234567278685128,397.3843905223361,397.39330647996854,397.4118334446652,191.26937480376262
6335,0.006181291909790764,397.39933216089383,397.39933216089383,397.40551345280363,191.18768486532588
6336,0.011598568334869027,397.442262773415,397.442262773415,397.45386134174987,191.14405274349252
6337,0.07565828266764575,397.46096943564,397.46096943564,397.5366277183076,191.1417679259959
6338,0.0758133506228298,397.592777355449,397.6233442918446,397.7203451110589,191.36450197549036
6339,0.021187468591483575,397.67592541303134,397.67592541303134,397.69711288162284,191.32809323534883
6340,0.05158393847563087,397.72759261760933,397.72759261760933,397.7873069814234,191.40113019469413
6341,0.008130425338441712,397.73202065611275,397.73202065611275,397.7401510814512,191.31890742240677
6342,0.01896139850229075,397.7777721938505,397.7873069814234,397.8062683799257,191.29687631270417
6343,0.12407105329434799,397.82381151956105,397.82381151956105,397.94808726176126,191.44416673976335
6344,0.00020468890586597163,397.8526918237999,397.8526918237999,397.85289651270574,191.34831360072994
6345,0.14103373974435732,397.9383005602089,397.94808726176126,398.0891210015056,191.51308315835465
6346,0.09405506079971877,398.07136029905524,398.0891210015056,398.1877841824868,191.5617175623205
6347,0.004608120181444129,398.1494441404106,398.1494441404106,398.15405226059204,191.5525005718835
6348,0.045862758447131675,398.24774223884384,398.24774223884384,398.29360499729097,191.6818802318575
6349,0.30103234239939997,398.269548009863,399.23060375685486,399.6059736446126,192.96026057661115
6350,0.025163702274993694,398.2859827707245,398.29360499729097,398.31876869956596,191.610482149683
6351,0.04179465717809838,398.45436904245196,398.45436904245196,398.4961636996301,191.7189380941342
6352,0.26739890535161653,398.47310331292107,398.87701827176835,399.23060375685486,192.37656888919088
6353,0.07009611877111897,398.53579147635014,398.53579147635014,398.6121302582649,191.83238276588705
6354,0.006242663143682044,398.5834627999487,398.5834627999487,398.58970546309234,191.81913084493584
6355,0.0690513275749666,398.6395954536093,398.6395954536093,398.70864678118426,191.84733597069734
6356,0.06011643084806202,398.8001617501224,398.8169018409203,398.87701827176835,192.02464235800835
6357,0.011377529469808618,398.89331634921507,398.89331634921507,398.9046938786849,192.04294933736017
6358,0.012753266623527383,398.9331717502548,398.9331717502548,398.94592501687833,192.0828047383999
6359,0.04259048714003472,399.03642670405435,399.03642670405435,399.0790171911944,192.17903156177283
6360,0.019465296501489707,399.1112688114763,399.1112688114763,399.1307341079778,192.2524820439234
6361,0.0010566630262369681,399.2931304615714,399.2931304615714,399.29418712459767,192.30195654188122
6362,0.07328088233206728,399.44556620079277,399.44556620079277,399.51884708312485,192.43025253545636
6363,0.09492831674999334,399.5556971929216,399.8309667902731,400.115430738072,193.0359073808109
6364,0.06973888211985564,399.59278679230283,399.6059736446126,399.6970644836615,192.5909679637946
6365,0.05897833689172571,399.61787755616785,399.6970644836615,399.7560428205532,192.685378405227
6366,0.021351956929018135,399.63036835629407,399.63036835629407,399.6517203132231,192.54958325200005
6367,0.07492396971989118,399.7520789999157,399.7560428205532,399.8309667902731,192.64124499903386
6368,0.037358103183679395,399.83132750105443,399.83132750105443,399.8703821975829,192.67277959589163
6369,0.0016965933447797268,399.8408996992772,399.8408996992772,399.842596292622,192.64834751828548
6370,0.007453577866860126,399.8772490643263,399.8772490643263,399.88470264219313,192.67668065674613
6371,0.031294885175317214,399.88377601967755,399.88470264219313,399.91599752736846,192.63445199968055
6372,0.03196184165611143,399.9000960308473,399.91599752736846,399.94795936902455,192.57127570323348
6373,0.10316402810684033,399.92187399258563,400.3060486405801,400.57650953347786,193.09465664400457
6374,0.05233845219185098,399.9726484868083,399.9726484868083,400.02498693900014,192.59187972769885
6375,0.027432177630333114,400.0079981896138,400.02498693900014,400.05241911663046,192.57978683601638
6376,0.07897743201012347,400.01033268130783,400.1630903468656,400.24695086325937,192.72979939178694
6377,0.03208878144903341,400.0966597302393,400.115430738072,400.1630903468656,192.6692417766016
6378,0.015570827344570829,400.1263992738864,400.1263992738864,400.141970101231,192.64114570732033
6379,0.00488308438368088,400.1865188830133,400.1865188830133,400.191401967397,192.64767917397717
6380,0.05909777732076068,400.200225791575,400.24695086325937,400.3060486405801,192.68207471822257
6381,0.09310287521847829,400.31243854509415,400.31243854509415,400.40554142031266,192.66567216198158
6382,0.07419398957241563,400.4055327766386,400.40554142031266,400.47973540988505,192.72258650137718
6383,0.16058712339869174,400.46244711603424,401.8111882835497,401.9980432881383,194.10465203796275
6384,0.12971525593725844,400.50406606612864,400.57650953347786,400.7289558299725,192.9680526630493
6385,0.017204968285696905,400.5977216010746,400.5977216010746,400.6149265693603,192.8075877312523
6386,0.11930203757722836,400.6641529558525,400.7289558299725,400.88991489116813,193.0786995566672
6387,0.005526072271740264,400.7099710874108,400.7099710874108,400.7154971596825,192.88319978298898
6388,0.0416570236183462,400.7327664319089,400.7327664319089,400.77442345552726,192.90153150442632
6389,0.07410352272816012,400.8834875075718,400.88991489116813,400.96401841389627,193.11012637607018
6390,0.21958729299943658,400.9237250249117,401.9980432881383,402.21763058113777,194.3477672847254
6391,0.14753996139129005,400.9447271240546,400.96401841389627,401.58077401029925,193.70043355615982
6392,0.02199035750460345,401.01240499033963,401.01240499033963,401.0343953478442,193.1218228358657
6393,0.040185182709049756,401.0418225966601,401.0418225966601,401.0820077793691,193.09751106135317
6394,0.07704140622080198,401.089129793355,401.089129793355,401.20548469266424,193.18031401694606
6395,0.027922990430236588,401.1027936672009,401.1027936672009,401.1307166576311,193.10156356465217
6396,0.011390502658177358,401.12231851986866,401.1307166576311,401.1421071602893,193.07720451881994
6397,0.08159828071048623,401.16039140181954,401.27085589420045,401.35721129710225,193.27425795191925
6398,0.06537120153620458,401.19111218190585,401.20548469266424,401.27085589420045,193.09919607286156
6399,0.000430198535809354,401.2958476156286,401.2958476156286,401.2962778141644,193.12978658987714
6400,0.0043269236555233325,401.33370260993064,401.33370260993064,401.33802953358617,193.07866532107857
6401,0.03457836187657598,401.3969850221288,401.3969850221288,401.46119480145796,193.17030238037253
6402,0.029631417452611285,401.40135316366417,401.40135316366417,401.4309845811168,193.04906432103112
6403,0.04386154520039911,401.4137417235184,401.4920820679792,401.5359436131796,193.158231976547
6404,0.030887266521229126,401.44596041566547,401.46119480145796,401.4920820679792,193.02011541055893
6405,0.07675226274245392,401.5258803971353,401.58077401029925,401.6575262730417,193.1327554057167
6406,0.15366201050800063,401.5635984381249,401.6575262730417,401.8111882835497,193.08382680252038
6407,0.026267881189951155,401.825828653406,401.825828653406,401.85209653459594,193.10183050467623
6408,0.10454239643884203,402.12885793720784,402.3235099732192,402.428052369658,193.69425049273724
6409,0.07279438468104289,402.19763154133483,402.21763058113777,402.3235099732192,193.47192488716885
6410,0.01905060670682716,402.21907736844133,402.21907736844133,402.2381279751482,193.34114883218948
6411,0.0014528748037412915,402.2543245738415,402.2543245738415,402.25577744864523,193.37025376016584
6412,0.012581525889744927,402.2919782247682,402.2919782247682,402.3045597506579,193.38523584624468
6413,0.024964798775641367,402.42040245901256,402.428052369658,402.45301716843363,193.51548917791098
6414,0.041154592723099806,402.4780188019014,402.4780188019014,402.5191733946245,193.55755832835072
6415,0.07703048951812834,402.4792874247307,402.5191733946245,402.5973455556505,193.5894603355899
6416,0.0011416715079353283,402.53979414665406,402.53979414665406,402.540935818162,193.48430290745736
6417,0.028168158494810795,402.5755208165489,402.5973455556505,402.6255137141453,193.51490607159383
6418,0.13105658499761647,402.649962653175,402.649962653175,402.787045228396,193.67658909862726
6419,0.006025990223336066,402.73196295538986,402.73196295538986,402.7379889456132,193.61986389938025
6420,0.04861918787459426,402.75991843153804,402.787045228396,402.8362617731485,193.71099116398256
6421,0.0005973568779331826,402.824460170684,402.824460170684,402.82505752756197,193.64021798770514
6422,0.01631584825437636,402.8814435395004,402.8814435395004,402.8977593877548,193.68625175092447
6423,0.018872632424370327,402.9491331950088,402.9491331950088,402.96800582743316,193.72709303336933
6424,0.0280553319952923,402.97091513633023,402.97091513633023,402.9989704683255,193.77144481151325
6425,0.10653888028427685,402.9825729059298,402.9989704683255,403.15534135599825,193.86413053880588
6426,0.21630405405836758,402.99606836415586,403.5311326159776,403.8576675267396,194.43161214801177
6427,0.0498320073884409,403.00109970969055,403.00109970969055,403.050931717079,193.59199236309863
6428,0.10490436981245298,403.0964813853331,403.15534135599825,403.32034595928656,193.837864451931
6429,0.04400605105697113,403.1852329915853,403.1852329915853,403.24533322506113,193.6831589714018
6430,0.016094182418887656,403.19233483471464,403.19233483471464,403.20842901713354,193.58495993525176
6431,0.11583054152002163,403.28328462729314,403.32034595928656,403.5311326159776,193.77163767597622
6432,0.058235811487113674,403.3229724830464,403.3229724830464,403.38406840583974,193.62349046900098
6433,0.030783689009991132,403.35983675788134,403.38406840583974,403.4148520948497,193.62448349986713
6434,0.00286011130620962,403.36579627931684,403.36579627931684,403.3686563906231,193.55329495915652
6435,0.003076503367655656,403.45967688249317,403.45967688249317,403.4627533858608,193.63636795309387
6436,0.06690044927555155,403.55811393215157,403.55811393215157,403.62738175535566,193.71523765566025
6437,0.002367373928493232,403.581272616714,403.581272616714,403.5836399906425,193.69828346121216
6438,0.12729776200238546,403.700052374097,403.8576675267396,404.0851371034545,194.02128301307985
6439,0.017435287077740388,403.7243041774527,403.7243041774527,403.74173946453044,193.65431166059872
6440,0.16669048378354254,403.7388929862113,404.19992862808425,404.37132376205375,194.22954593835948
6441,0.023527746421841876,403.74261259505346,403.74261259505346,403.7661403414753,193.6094357171924
6442,0.0585739677676808,403.8679393713834,403.8679393713834,403.9265133391511,193.68518835508667
6443,0.010230598317064021,403.9295707219574,403.9295707219574,403.93980132027446,193.70221462981053
6444,0.03136724862773947,403.93221245242194,403.93980132027446,403.9711685689022,193.7057007248365
6445,0.1147915246297744,403.9363152252485,404.0851371034545,404.19992862808425,193.84996404262253
6446,0.004704650185967828,404.34469894703045,404.34469894703045,404.3494035972164,194.1095258861985
6447,0.0050052521372336446,404.4511297716145,404.4511297716145,404.4561350237517,194.21450458973936
6448,0.015411437071568465,404.4996207872409,404.4996207872409,404.51503222431245,194.26089895517933
6449,0.07565121283477655,404.52176753897993,404.52176753897993,404.63125433513005,194.3406456502572
6450,0.01656756430191288,404.5301864505832,404.5301864505832,404.5467540148851,194.28645199603423
6451,0.017268019013454497,404.5671120857927,404.5671120857927,404.58438010480614,194.31218988945872
6452,0.01113484992926898,404.6459235241609,404.6459235241609,404.6570583740901,194.38080480982492
6453,0.03711087623962953,404.8603291433643,404.8603291433643,404.89744001960395,194.47868858299
6454,0.013196151337435109,404.8927605884332,404.89744001960395,404.91063617094136,194.44031945394784
6455,0.42696575987672136,405.0053546828493,405.0053546828493,405.7280610129008,195.11781784882479
6456,0.07619124978925981,405.2104563367685,405.2104563367685,405.28664758655776,194.6018433183962
6457,0.12173214762293173,405.30118972879745,405.30118972879745,405.4229218764204,194.7540986992835
6458,0.2168868561792357,405.36758741655785,405.7280610129008,407.5920375929326,196.9690887829877
6459,0.025111242225340055,405.4472684434498,405.4472684434498,405.47237968567515,194.82100636316707
6460,0.02897429746722084,405.472499055923,405.472499055923,405.5014733533902,194.84153063094294
6461,0.017174383016623086,405.63422655651044,405.63422655651044,405.65140093952704,194.82970817511725
6462,0.026557250053353226,405.637438851626,405.65140093952704,405.6779581895804,194.83335090940494
6463,0.295188322111878,405.6697284829232,409.7297443255042,410.5363742596403,199.66330911761995
6464,0.15300451711216945,405.7613748669321,405.7613748669321,406.26367611942607,195.34738674833088
6465,0.1338868640483758,405.7698669153033,405.7698669153033,405.90375377935163,194.94313947531674
6466,0.09766576865431455,405.83334412783586,405.98205274200535,406.0797185106597,194.9649222635575
6467,0.03879270490050142,405.8698632301673,405.90375377935163,405.94254648425215,194.87347332903235
6468,0.039506257753175573,405.8792931243132,405.94254648425215,405.98205274200535,194.9374718790806
6469,0.17423224114353192,405.9741222580013,406.26367611942607,406.50351140369617,195.41681500569433
6470,0.029202661438846315,406.12577120120557,406.12577120120557,406.15694490306714,195.07079608222958
6471,0.190380741371118,406.1261780429683,409.0536222160383,409.24400295740946,197.9668648166021
6472,0.001971040422760124,406.13676164827,406.13676164827,406.13873268869276,194.98067435797833
6473,0.008271438163858258,406.2222630628361,406.2222630628361,406.2305345009999,195.05882160832533
6474,0.029650058501542894,406.2747896365439,406.2747896365439,406.30443969504546,195.0170182017103
6475,0.031097693971551602,406.28174592553734,406.30443969504546,406.335537389017,194.9555649496595
6476,0.004855290653442086,406.4670468441178,406.4670468441178,406.47190213477126,195.07926286426743
6477,0.02398799012306604,406.515119721421,406.515119721421,406.5391077115441,195.08835420370846
6478,0.027312317956259092,406.54166988076327,406.54166988076327,406.56898219871954,195.05812767607966
6479,0.06386980545078913,406.5452530118986,406.56898219871954,406.63285200417033,194.99763230132498
6480,0.13990573994096675,406.57699977006524,406.63285200417033,407.2117416460802,195.5817242889346
6481,0.07434280724317152,406.6346956284161,406.6346956284161,406.75255016695104,195.0890910851968
6482,0.04351173129173952,406.6370656188266,406.6370656188266,406.68057735011837,195.02595524454426
6483,0.13605359218307297,406.6865940818766,406.75255016695104,406.9459809488171,195.25665748172977
6484,0.05737718968296709,406.8183861906475,406.8183861906475,406.8757633803305,195.17564487913933
6485,0.07329298139507927,406.9943463031713,406.9943463031713,407.0676392845664,195.3448981150991
6486,0.10997517844656143,407.03057236950866,407.2117416460802,407.42263507772867,195.61768913097112
6487,0.0442978452115308,407.0866696911981,407.0866696911981,407.1309675364096,195.35055151468993
6488,0.010107754961331893,407.1554331390731,407.1554331390731,407.16554089403445,195.39248758439942
6489,0.036221853475257665,407.2130134644822,407.2130134644822,407.2492353179574,195.43127390995005
6490,0.0364977025734116,407.2796245834644,407.2796245834644,407.3161222860378,195.47843048350737
6491,0.028198697153238663,407.31474374937784,407.3161222860378,407.34432098319104,195.44968615082936
6492,0.16581595638713256,407.5258419533013,408.437782272296,408.73072024640425,196.8268681998092
6493,0.09120559434279962,407.53355439507175,407.62290746260095,407.71411305694375,195.80162031914966
6494,0.030869869668312927,407.59094205844156,407.5920375929326,407.62290746260095,195.68922246190442
6495,0.1051177448223909,407.70131391644094,407.71411305694375,407.81923080176614,195.84590202363546
6496,0.06432700097424096,407.756885564412,407.81923080176614,407.88355780274037,195.7736636599543
6497,0.08865293833645273,407.78503241788445,408.11055800596614,408.21517868890095,196.09111219941795
6498,0.0969154575374168,407.8152508478021,408.34086681475856,408.437782272296,196.20159559482138
6499,0.08044201914888466,407.85202360023226,407.88355780274037,408.11055800596614,195.8637263922472
6500,0.01417339887960858,407.8964042904207,407.8964042904207,407.91057768930034,195.61267949332643
6501,0.02212264020381719,407.8986430686916,407.91057768930034,407.93270032950414,195.55905638523188
6502,0.045128725758364345,407.9235513720109,407.93270032950414,407.97782905526253,195.56820534272515
6503,0.23295241911894782,407.98874432477305,409.24400295740946,409.60163348591726,197.1552266973033
6504,0.019734233814049037,407.99107325745507,407.99107325745507,408.01080749126913,195.58872100614937
6505,0.04431552561035979,408.01825718760364,408.01825718760364,408.062572713214,195.58831805336925
6506,0.001083659810604009,408.0787156939348,408.0787156939348,408.0797993537454,195.63272812919644
6507,0.015967744598361762,408.15603750646545,408.15603750646545,408.1720052510638,195.6990855292706
6508,0.08462110159274297,408.1989911103154,408.22903439910704,408.34086681475856,195.85442665405745
6509,0.013855710206094298,408.2040309798761,408.21517868890095,408.22903439910704,195.73823857335648
6510,0.01981046063306215,408.2479465226563,408.2479465226563,408.26775698328936,195.73164246594487
6511,0.007400853425720665,408.304916931446,408.304916931446,408.3123177848717,195.73807858037617
6512,0.03661237264213421,408.4602969721351,408.4602969721351,408.49690934477724,195.92209134911374
6513,0.030363885712781136,408.4889297001836,408.49690934477724,408.52727323049004,195.90789110841646
6514,0.060145759366193687,408.52354265329814,408.52727323049004,408.58741898985625,195.91162168560834
6515,0.18412755866945735,408.70583386940143,408.73072024640425,409.0536222160383,196.36651340568258
6516,0.005781031239120908,408.7595551322182,408.7595551322182,408.76533616345733,196.122631045518
6517,0.004816752107501165,408.82575544760147,408.82575544760147,408.83057219970897,196.1826199437557
6518,0.08465959545995713,408.82997194466896,408.83057219970897,408.9344414156941,196.24304617744835
6519,0.019209620525128444,408.8937503907785,408.8937503907785,408.91296001130365,196.21283035394288
6520,0.008535797365968682,408.97913008075,408.97913008075,408.987665878116,196.28640277800872
6521,0.015771614266885937,408.98199230986256,408.987665878116,409.0034374923829,196.24190698348147
6522,0.010188880992778442,409.3035805345739,409.3035805345739,409.31376941556664,196.56073572386475
6523,0.0657996211817891,409.3064946184993,409.31376941556664,409.40169692647953,196.54449864004155
6524,0.02212788973111067,409.3388873659104,409.3388873659104,409.3610152556415,196.52220031595576
6525,0.025895355465092137,409.46682316651004,409.46682316651004,409.49338488399326,196.57804980308663
6526,0.0006663620181212864,409.48206788774576,409.48206788774576,409.4827342497639,196.53992897473697
6527,0.10302191318631553,409.523378519366,409.60163348591726,409.70465539910356,196.69153684975183
6528,0.025088926400663285,409.680777354845,409.70465539910356,409.7297443255042,196.7154148940104
6529,0.13927602225411295,409.79812130706546,409.79812130706546,409.9600448145272,196.93028303595
6530,0.02264748520756661,409.8619301115194,409.8619301115194,409.884577596727,196.84848646441498
6531,0.05420616505061807,409.9437266830545,409.9600448145272,410.029200425831,197.00036785673814
6532,0.005900191943864064,409.982153935491,409.982153935491,409.98805412743485,196.96527903522355
6533,0.009049254309333628,410.00819350269626,410.00819350269626,410.0172427570056,196.97973877551647
6534,0.08656720718336978,410.0832909097779,410.0832909097779,410.21301890735265,197.10840657293923
6535,0.04316079039144805,410.09370050972757,410.09370050972757,410.136861300119,197.01630130721674
6536,0.049464477568103786,410.2153240917357,410.2153240917357,410.2647885693038,197.13402261533332
6537,0.04640294697186663,410.31374432274225,410.31374432274225,410.3601472697141,197.24013736845683
6538,0.034801020035438446,410.3572817763011,410.3601472697141,410.39494828974955,197.2168407326032
6539,0.019966051108480345,410.4025637096974,410.4025637096974,410.4225297608059,197.2514027470536
6540,0.0639042876489972,410.5091409803216,410.5363742596403,410.6002785472893,197.37891332097743
6541,0.015985870653013212,410.61880808737266,410.61880808737266,410.6347939580257,197.43865171558056
6542,0.025890807117368377,410.75881567953,410.75881567953,410.7847064866474,197.4425609433071
6543,0.13845121462168966,410.8580429610254,410.8580429610254,411.0015468503485,197.51601494783768
6544,0.24256075883245054,410.90149861584933,411.0015468503485,419.1774747977942,205.73127176231068
6545,0.005052674701434235,410.9031314423619,410.9031314423619,410.90818411706334,197.47403915910664
6546,0.08096403371492987,411.0306922456678,411.0306922456678,411.1116562793827,197.56473933016554
6547,0.0540127948006024,411.126925086934,411.126925086934,411.2311334022218,197.73809733632075
6548,0.013248908725443147,411.1378132720185,411.1378132720185,411.1510621807439,197.6049863041686
6549,0.03694661176174976,411.15217196578874,411.15217196578874,411.1891185775505,197.6061495977189
6550,0.10228640068421035,411.226566375494,411.2311334022218,411.333419802906,197.78405105013704
6551,0.16745145696165017,411.33286437697836,411.333419802906,411.6722074127598,198.02925581112257
6552,0.04251674243557046,411.3503188264143,411.3503188264143,411.3956475332353,197.71730800412786
6553,0.002811964385449114,411.36794661838815,411.36794661838815,411.3707585827736,197.70600525560167
6554,0.05121618615819855,411.4526763697735,411.4526763697735,411.50389255593166,197.7592370371201
6555,0.07513664627680527,411.5225104251314,411.6722074127598,411.76088954791777,198.04605447462072
6556,0.038476911277740986,411.55289935510893,411.55289935510893,411.6115327912188,197.8015140565415
6557,0.020156524832092175,411.565721644146,411.565721644146,411.58587816897807,197.77326594023035
6558,0.01615782380311491,411.6160530471306,411.6160530471306,411.6322108709337,197.7317311608454
6559,0.007550878708206328,411.68439448663884,411.68439448663884,411.69194536534707,197.7122088267968
6560,0.005994610172952986,411.70964244196483,411.70964244196483,411.71563705213777,197.71926136973468
6561,0.13326187743340134,411.71920647523666,412.779449150845,413.4254899904827,199.419649907467
6562,0.12714881470058387,411.7239379547837,411.8491952229242,412.13439416725515,198.1276982738774
6563,0.0883056750064476,411.7503748718617,411.76088954791777,411.8491952229242,197.73223671626468
6564,0.07750385182552605,411.86191421003383,411.86191421003383,411.9394180618594,197.8095118601406
6565,0.045411704392575705,411.94814153608297,411.94814153608297,411.99355324047553,197.90829855221148
6566,0.03200884124963493,411.9703569413875,411.99355324047553,412.0255620817252,197.87797484340854
6567,0.0031257321625588965,412.026808856967,412.026808856967,412.0299345891296,197.89748422862874
6568,0.06086049574115912,412.08015651369766,412.19277993426005,412.2785895600378,198.0698365289163
6569,0.05778905114622452,412.12627082614864,412.13439416725515,412.19277993426005,198.00801924126884
6570,0.000596715858655717,412.1457059976499,412.1457059976499,412.14630271350853,197.95724899965867
6571,0.1494873462454108,412.1602621229003,413.60335881023195,413.7762219843044,199.53576873881119
6572,0.11415777321519316,412.18724620595896,412.64882734346213,412.779449150845,198.50600594688038
6573,0.09147201803646328,412.19424578450344,412.2785895600378,412.4529001141268,198.16870336248223
6574,0.024949130036589065,412.2100399511066,412.2100399511066,412.23498908114317,197.92302455869253
6575,0.20959405687644952,412.2480062698966,419.7995190959121,420.0164369221829,205.51121766528732
6576,0.058323947811353735,412.2984177970294,412.2984177970294,412.35674174484075,198.0022971108648
6577,0.024514588241180673,412.356214369403,412.35674174484075,412.3812563330819,197.86490119165035
6578,0.07179917454068865,412.41681153724005,412.4529001141268,412.54260747199464,198.00550290143457
6579,0.01654827436869281,412.49614644298555,412.49614644298555,412.5140546263127,197.98214244005197
6580,0.0013599089584621629,412.5059552371565,412.5059552371565,412.507315146115,197.93528966007605
6581,0.09029616764262424,412.5254006144668,412.54260747199464,412.64882734346213,197.83372623547586
6582,0.01592370382487571,412.5555081653442,412.5555081653442,412.57143186916903,197.804417906437
6583,0.016464034167676837,412.73327107255614,412.73327107255614,412.7497351067238,197.80370554811378
6584,0.10186303100093926,412.79389329929495,412.79389329929495,413.0128435185828,198.0683411998268
6585,0.06225009069054649,412.806445675062,412.806445675062,412.86869576575253,197.87271096720312
6586,0.1693891313388586,412.82211732878375,414.01435653966206,414.2639734076918,199.24493855302492
6587,0.05483709759637333,412.8760029087099,412.8760029087099,412.93084000630625,197.87903008993274
6588,0.04455971549313064,413.000733820731,413.0128435185828,413.05740323407593,198.0190038650819
6589,0.035251060122968365,413.04297548364815,413.05740323407593,413.0926542941989,198.0189003229137
6590,0.012760356115534957,413.1307951171511,413.1307951171511,413.1435554732666,198.07799215236432
6591,0.0763385536910298,413.13694792821116,413.1435554732666,413.2198940269576,198.03590306631753
6592,0.05931039670726907,413.23594652479886,413.23594652479886,413.2952569215061,198.134536548116
6593,0.0581947797202416,413.24218895506505,413.2952569215061,413.35345170122633,198.19336655160478
6594,0.1616037950494543,413.31465267767965,413.7762219843044,414.01435653966206,198.8030128902628
6595,0.007413881066350066,413.3891308923706,413.3891308923706,413.3965447734369,198.23575809949727
6596,0.13122514434932694,413.4179914372639,413.4254899904827,413.60335881023195,198.4001336826679
6597,0.018843108637660234,413.4736450021148,413.4736450021148,413.49807601458537,198.3291658128116
6598,0.005587903832928025,413.4777658205532,413.4777658205532,413.4833537243861,198.29436821678132
6599,0.022212662929353134,413.53129381261186,413.53129381261186,413.5535064755412,198.33973122697927
6600,0.19309463754532055,413.6478521037519,414.32784946869214,414.8108479706739,199.60275396895722
6601,0.0233758278270803,413.72025512585947,413.72025512585947,413.74363095368653,198.51161981974147
6602,0.0058090702815480665,413.82553605011805,413.82553605011805,413.8313451203996,198.61616599467584
6603,0.07072169002660685,413.85357732631104,413.85357732631104,413.92429901633767,198.641166538603
6604,0.0026278111942538364,414.0409143540116,414.0409143540116,414.04354216520585,198.80631943972548
6605,0.02357939489131856,414.0621246886362,414.0621246886362,414.0857040835275,198.76006726006585
6606,0.05402053060530214,414.1249752794943,414.1249752794943,414.17899581009965,198.82038138527338
6607,0.063876061000318,414.2174816345469,414.2639734076918,414.32784946869214,198.94963197175142
6608,0.16201147453743645,414.3333692942769,414.3333692942769,414.62327315871335,199.2916110225774
6609,0.025987940507914604,414.335267935583,414.335267935583,414.36125587609087,198.95820402018845
6610,0.05998509119036802,414.3693324883553,414.3693324883553,414.4293175795457,198.987604820226
6611,0.038242979006424246,414.4366158257458,414.4366158257458,414.4778436578077,199.01212370537928
6612,0.0029848530554768327,414.4690113898269,414.4690113898269,414.47199624288237,199.00913885232382
6613,0.0006915261388160812,414.605260932379,414.605260932379,414.60595245851783,199.14449564623354
6614,0.03508023915071714,414.78186021272023,414.8330546579315,414.8681348970822,199.37185751552786
6615,0.10990166397945696,414.79325650692044,414.8681348970822,415.05215210930186,199.55076019161368
6616,0.022206687257586892,414.80417250458953,414.8108479706739,414.8330546579315,199.3155730060456
6617,0.11310027729806982,414.89371440624444,415.1973415332955,415.3806690579032,199.7836354885311
6618,0.06797000556061741,414.9037256792974,414.9037256792974,414.971695684858,199.3784066324778
6619,0.12022537597959727,414.93228038816545,415.6098031525068,415.96029575590705,200.34012866037173
6620,0.08710733606353346,414.9458706338255,415.110234197232,415.1973415332955,199.5108331567467
6621,0.16927545717513495,414.95732010825714,416.14607129348576,416.34914763110123,200.65110377334543
6622,0.006145542679644875,414.9681795426496,414.971695684858,414.9778412275376,199.3265899099008
6623,0.12013629031997482,415.0408807185735,415.40645298300274,415.5609151821087,199.83904078613855
6624,0.03583289604742358,415.04603515624194,415.05215210930186,415.08798500534925,199.3290417053109
6625,0.022249191882714216,415.0699789029329,415.08798500534925,415.110234197232,199.3309529335569
6626,0.07022724730963421,415.1973535004096,415.1973535004096,415.2675807477192,199.40967394389324
6627,0.02578392509950758,415.3734083987028,415.3806690579032,415.40645298300274,199.5827319443475
6628,0.03432590878601072,415.40808284943125,415.40808284943125,415.44240875821725,199.52851536916276
6629,0.020685340999758148,415.5462610333351,415.5609151821087,415.5816005231085,199.69457699314538
6630,0.028202629398314437,415.5769699272296,415.5816005231085,415.6098031525068,199.69113721941406
6631,0.08247987379615745,415.6121164756816,415.6121164756816,415.6956364724866,199.78420451817175
6632,0.0010401230088367126,415.647397080341,415.647397080341,415.6484372033499,199.73321424101997
6633,0.05054695502379888,415.68372185125276,415.6956364724866,415.7461834275104,199.74112320923683
6634,0.050018321864061924,415.8121850772262,415.8121850772262,415.8622033990903,199.88075737097327
6635,0.04372177808618229,415.85552950880754,415.8622033990903,415.90592517717647,199.88615488808367
6636,0.05631796329536035,415.8979613132501,415.9840513238623,416.04036928715766,199.9429475005478
6637,0.05712682282477669,415.9042749314707,416.04036928715766,416.10117966953294,199.99279376904244
6638,0.24257718280074328,415.9148711435921,420.0164369221829,420.40541275394145,204.24200157725568
6639,0.0024601756416049317,415.9241741336907,415.9241741336907,415.9266343093323,199.76243129386236
6640,0.023755567955197083,415.939529700857,415.96029575590705,415.9840513238623,199.7835813994092
6641,0.04489162395279496,416.0568740197569,416.10117966953294,416.14607129348576,199.93521602740245
6642,0.0036835595504812442,416.0627676719301,416.0627676719301,416.0664512314806,199.88073671980143
6643,0.1785143900922215,416.11251733482686,416.4086342887915,416.6431982487383,200.43837186619828
6644,0.021347630144540778,416.1738800676289,416.1738800676289,416.1952276977734,199.95328418710545
6645,0.012453250295790565,416.2521452437269,416.2521452437269,416.26459849402266,200.0161170444083
6646,0.05948665769027928,416.29620954830267,416.34914763110123,416.4086342887915,200.09800903031405
6647,0.018911327938968936,416.48237650756903,416.48237650756903,416.501287835508,200.2276525757534
6648,0.03713824191561831,416.50174050524816,416.50174050524816,416.5388787471638,200.2535241032441
6649,0.1279347887101716,416.51064537623773,416.6744038684455,416.8800368620292,200.6067061644336
6650,0.0257213083895131,416.6420836430393,416.6431982487383,416.6744038684455,200.37732501136767
6651,0.005484311317693988,416.6625973975512,416.6625973975512,416.6680817088689,200.36362667010843
6652,0.041700790414587595,416.69672332882783,416.69672332882783,416.73842411924244,200.41147585061017
6653,0.03599741445896966,416.71558608959293,416.73842411924244,416.7744215337014,200.36307710593513
6654,0.12878540201612326,416.724503824851,416.89586205184844,417.11007997941067,200.6198918393426
6655,0.2759036647219838,416.8293987325353,425.6681195659646,426.7895842601353,210.33927278022864
6656,0.015825189819245297,416.87186215906695,416.8800368620292,416.89586205184844,200.3695895357487
6657,0.08543252554606516,416.92067932360214,416.92067932360214,417.0061118491482,200.44489585206412
6658,0.1438301812755216,416.9555855571971,417.11007997941067,417.67026609922124,201.12838433757392
6659,0.06883405798587983,417.1432289118279,417.1432289118279,417.2120629698138,200.6157522104
6660,0.09664387801898522,417.17071372484224,417.2120629698138,417.3087068478328,200.74088761547662
6661,0.12199606554547268,417.24562548594463,417.9616932395122,418.0836893050577,201.5057252287562
6662,0.0965354812450656,417.2977583464242,417.3087068478328,417.40524232907785,200.83381169807657
6663,0.10482533061852398,417.4005004957266,417.40524232907785,417.51006765969635,200.83614856861806
6664,0.122124766239755,417.40593181923214,418.2126923118109,418.33481707805066,201.74166591436733
6665,0.03091410156111159,417.5241384498619,417.5241384498619,417.555052551423,200.90317966822127
6666,0.01860308910550795,417.61410516548955,417.61410516548955,417.63270825459506,200.98043810842157
6667,0.09094233885468432,417.6466735995836,417.67026609922124,417.7612084380759,201.1140423218251
6668,0.09760694951796671,417.74747649609935,417.7612084380759,417.8588153875939,201.07193854658757
6669,0.10287785191834388,417.7571691875717,417.8588153875939,417.9616932395122,201.14206469535944
6670,0.034641776824489545,418.0720656549233,418.0836893050577,418.1183310818822,201.38695123699162
6671,0.042756043188971894,418.0843140639509,418.14944684671576,418.1922028899047,201.3930495145858
6672,0.031115764833548436,418.1015759569761,418.1183310818822,418.14944684671576,201.30491539766354
6673,0.12603685521505534,418.10907288926194,418.5667143243374,418.9793282418324,202.04438627377147
6674,0.02048942190615692,418.17386999278176,418.1922028899047,418.2126923118109,201.23748332197889
6675,0.008174744503350779,418.3280075026987,418.33481707805066,418.34299182255404,201.3798177681741
6676,0.12388149754982587,418.3389020219227,418.34299182255404,418.5667143243374,201.45469736118403
6677,0.06445343515692958,418.3461252048827,418.3461252048827,418.4105786400396,201.30435772592955
6678,0.025158738939328552,418.4345011911403,418.4345011911403,418.4596599300797,201.38869658668975
6679,0.010228830137316439,418.4688198156873,418.4688198156873,418.4790486458246,201.3486303572859
6680,0.0708567489181724,418.56789514335617,418.56789514335617,418.63875189227434,201.4341035928059
6681,0.012607026165597616,418.6602067906335,418.6602067906335,418.6728138167991,201.48505405922123
6682,0.08841727208396326,418.67231869183524,418.6728138167991,418.76123108888305,201.48503655380364
6683,0.06943375649776647,418.6987709055644,418.76123108888305,418.8306648453808,201.5341452961972
6684,0.008071362105057192,418.8750099843343,418.8750099843343,418.8830813464394,201.63347785018604
6685,0.030722680311459544,418.8968622646546,418.8968622646546,418.934053161164,201.65030393502084
6686,0.006468216197970779,418.8979592644596,418.8979592644596,418.90442748065755,201.6360933174182
6687,0.19804547338173195,419.00500314888876,419.3312076253314,419.6471393400358,202.31062765177774
6688,0.13945100453962833,419.1365507404771,419.1774747977942,419.3312076253314,201.95263884909556
6689,0.014281822997544016,419.2400845010666,419.2400845010666,419.2543663240641,201.93192056925542
6690,0.05782312918718729,419.35990834530736,419.35990834530736,419.41773147449453,202.03183831563243
6691,0.022541659957053452,419.5102642006121,419.5102642006121,419.5328058605691,202.17056846852626
6692,0.09394434625287847,419.5387342894278,419.6471393400358,419.7995190959121,202.367712251409
6693,0.03216354736245764,419.5404068730715,419.5404068730715,419.572570420434,202.173977175133
6694,0.005357904815993246,419.6018818349577,419.6018818349577,419.60723973977366,202.2039080987256
6695,0.05843540962341976,419.6732617277891,419.6732617277891,419.73169713741254,202.27149004361843
6696,0.007323769394352017,419.8210191435188,419.8210191435188,419.8283429129132,202.38088279495216
6697,0.015498021275258466,420.0359335598399,420.0359335598399,420.0514315811152,202.5918560147232
6698,0.05425986062181946,420.064560694285,420.064560694285,420.1188205549068,202.60286923191225
6699,0.007291898653205064,420.17140920714627,420.17140920714627,420.17870110579946,202.67037988080185
6700,0.05591323109834177,420.2340552421331,420.2340552421331,420.3034041105406,202.73575663705978
6701,0.013435637309228496,420.25826895713607,420.25826895713607,420.2717045944453,202.70930095231054
6702,0.07145308140403053,420.39491635322025,420.40541275394145,420.49320704795775,202.88354430406937
6703,0.010852102586157517,420.4143905114741,420.4143905114741,420.42524261406027,202.82751182029466
6704,0.1056904711909531,420.4511809263799,420.49320704795775,420.61267175083196,202.9394974709061
6705,0.005489110026055776,420.4545902502371,420.4545902502371,420.4600793602632,202.7108042846179
6706,0.22783861240852363,420.4692156899704,423.74796216315747,423.9894866019598,206.22792124073513
6707,0.002814783286627013,420.52117169320087,420.52117169320087,420.5239864764875,202.71172749823268
6708,0.0018268537356928855,420.5356094435782,420.5356094435782,420.5374362973139,202.66021519635376
6709,0.08717599591271409,420.54505328896283,420.7519219013703,420.86951823874995,202.96256790250342
6710,0.05578350798004527,420.5625986627022,420.61267175083196,420.668455258812,202.75872717882888
6711,0.008289270654617735,420.5626801604397,420.5626801604397,420.57096943109434,202.6755651848065
6712,0.0008433240063195324,420.60464973104587,420.60464973104587,420.6054930550522,202.6319289350512
6713,0.07199559497484058,420.6402464561052,420.668455258812,420.7519219013703,202.69341819835705
6714,0.18470721090464473,420.71151676480156,420.969331201728,421.24551868299784,203.0658892493315
6715,0.011471047583442463,420.7266616370143,420.7266616370143,420.7381326845977,202.59804238330062
6716,0.030420341466912203,420.76922635629614,420.76922635629614,420.7996466977631,202.60285706422172
6717,0.0998129629780393,420.8436526707614,420.86951823874995,420.969331201728,202.6754068318872
6718,0.03262415947423842,420.9693912121892,420.9693912121892,421.00646112887347,202.800408555753
6719,0.0044457572100812725,420.9709233254272,420.9709233254272,420.97536908263726,202.7508626922462
6720,0.020959640197659484,420.99764358680204,421.00646112887347,421.0274207690711,202.7799466193555
6721,0.17250134652191584,421.05359337792873,421.24551868299784,422.23978209603996,203.86258390710555
6722,0.03345071348327521,421.1042498389027,421.1042498389027,421.137700552386,202.8027250127466
6723,0.013214559906484095,421.2543715895366,421.2543715895366,421.2675861494431,202.93613644370595
6724,0.13893737138046586,421.29101384434443,421.29101384434443,421.8662432259344,203.4662144775904
6725,0.01983871008819342,421.31212638032287,421.31212638032287,421.3319650904111,202.95767903724868
6726,0.015034608835338659,421.33764193717036,421.33764193717036,421.3526765460057,202.97480424372978
6727,0.028711570347810522,421.3649147483437,421.3649147483437,421.39362631869153,202.99369891330196
6728,0.04053355209792602,421.3936682206834,421.3936682206834,421.43420177278136,202.9777358758763
6729,0.09867960649153275,421.4136441554149,421.43420177278136,421.5579895596413,203.0979769577251
6730,0.11093099744459178,421.44855086007277,421.98863035351354,422.09956135095814,203.50037197432795
6731,0.025108180368402754,421.4505379894869,421.4505379894869,421.47564616985534,202.93815786933962
6732,0.07993493448943707,421.4963200372936,421.60884279694494,421.68877773143436,203.0919354008392
6733,0.18831872111540204,421.5139300659017,422.6908491515929,423.48346769068854,204.85834804892147
6734,0.022760605423350292,421.53586783641737,421.5579895596413,421.58075016506467,202.99357959895127
6735,0.016547075667819044,421.56830268707006,421.58075016506467,421.5972972407325,202.97088002812433
6736,0.011545556212491983,421.59619172525095,421.5972972407325,421.60884279694494,202.92825092020988
6737,0.020471174475726724,421.7186474923488,421.7186474923488,421.73911866682454,203.0015608107456
6738,0.028805349009655108,421.7632130334416,421.7632130334416,421.8203394691531,203.07411271882242
6739,0.017909333869463376,421.7647037981419,421.7647037981419,421.78261313201136,202.98385864427735
6740,0.010411752832415192,421.7874816849156,421.7874816849156,421.797893437748,202.98522953967415
6741,0.09566014447787088,421.801016071904,421.8662432259344,421.98863035351354,203.10527023982465
6742,0.026726983101324348,421.92803738435975,421.92803738435975,421.95476436746105,203.07077006309345
6743,0.20058998428373023,421.92880018109946,423.48346769068854,423.6840576749723,204.78586390286827
6744,0.1447018267032788,422.1409232607466,422.23978209603996,422.39795298975224,203.50890312952632
6745,0.013469067008971212,422.3231922214027,422.3231922214027,422.3366612884117,203.4440581484837
6746,0.13411774497765702,422.37875536022665,422.39795298975224,422.53207073472987,203.53634740260784
6747,0.10971579593300453,422.45572092022024,422.58113335565986,422.6908491515929,203.61636451410675
6748,0.04906262093000025,422.49724361197843,422.53207073472987,422.58113335565986,203.56572595563767
6749,0.11692667367661905,422.73464939861447,422.73464939861447,423.3044701820028,204.2707887930352
6750,0.08558262760806881,422.7599399939433,422.7599399939433,423.01728362089375,204.0404396672617
6751,0.07395659167523953,422.7617741567711,422.7617741567711,422.83573074844634,203.8354709286111
6752,0.035208408411231185,422.82324364603556,422.83573074844634,422.87093915685756,203.85961044340667
6753,0.06259599925590274,422.8662175181819,422.87093915685756,422.93353515611346,203.86892036996892
6754,0.08592157831059896,422.88332128745867,423.0914633637126,423.1773849420232,204.01537734087051
6755,0.0741797428188653,423.01487956976456,423.01728362089375,423.0914633637126,203.8501248309109
6756,0.035449161631806135,423.202702235383,423.202702235383,423.2381513970148,204.02741721164855
6757,0.03195540593808082,423.3363080663112,423.3363080663112,423.3682634722493,204.1270251339172
6758,0.0025236286538453815,423.3899342444928,423.3899342444928,423.3924578731466,204.17287150163136
6759,0.06390448818517412,423.64732910618216,423.6840576749723,423.74796216315747,204.4567254083233
6760,0.013685826393828789,423.87026656726044,423.87026656726044,423.8839523936543,204.64274197147543
6761,0.10080412633724495,423.97560572770885,423.9894866019598,424.0902907282971,204.74432788192496
6762,0.12327722333877994,423.98553099006045,424.41265470331336,424.53593192665215,205.10298153309887
6763,0.07639276255382671,424.0326304679431,424.0902907282971,424.1666834908509,204.79258579782666
6764,0.10772379013004078,424.0353951742426,424.1666834908509,424.3640882843424,204.8984361106562
6765,0.17522497921223473,424.16547008696216,424.53593192665215,424.89036113914625,205.43315632215794
6766,0.02951208363971029,424.17056773966067,424.17056773966067,424.20007982330037,204.72296866573808
6767,0.05465106616264362,424.19118380968536,424.20007982330037,424.254730889463,204.72527745829709
6768,0.005517853559139727,424.3196156949693,424.3196156949693,424.3251335485284,204.7896316198244
6769,0.033509881870923734,424.340195459626,424.3640882843424,424.39759816621336,204.79548032379887
6770,0.015056537100006,424.3918050495252,424.39759816621336,424.41265470331336,204.70411778616815
6771,0.014276563604214759,424.55118920549216,424.55118920549216,424.56546576909636,204.8239042210582
6772,0.013142775890628514,424.63021777840544,424.63021777840544,424.64336055429607,204.8167069430736
6773,0.06119480070880667,424.6559726723615,424.6559726723615,424.73030126975095,204.87276334922464
6774,0.04802389714489275,424.67646153633984,424.73030126975095,424.77832516689585,204.8877839162609
6775,0.013133796680654388,424.6951676643919,424.6951676643919,424.70830146107255,204.82040575734936
6776,0.029432399252669234,424.81539466230873,424.81539466230873,424.8448270615614,204.93446301897194
6777,0.14208525804860808,424.850519533476,424.99616218220916,425.1544845093,205.23063504667388
6778,0.06462849956131189,424.8894174050301,424.89036113914625,424.95498963870756,204.98835524796516
6779,0.04117254350159927,424.9194970809257,424.95498963870756,424.99616218220916,204.99497986218466
6780,0.1637790239637969,424.94007344892026,425.3432907606585,425.5849649506451,205.5810040241272
6781,0.0003463098253430766,425.09081317858744,425.09081317858744,425.09115948841276,205.08672654190184
6782,0.06664232974465949,425.1078621721698,425.1544845093,425.22112683904464,205.13257054919646
6783,0.01133072927005837,425.12431715459974,425.12431715459974,425.1356478838698,205.10262818875677
6784,0.07308582061729983,425.12717953638315,425.22112683904464,425.3432907606585,205.22340464856347
6785,0.004560029946850022,425.1416798907908,425.1416798907908,425.1462399207376,205.05584312815668
6786,0.009738915431855755,425.2414467053252,425.2414467053252,425.25118562075704,205.10612298602513
6787,0.03933918556471115,425.25475625173107,425.25475625173107,425.29409543729577,205.06988013319284
6788,0.01745452517145771,425.35145396187863,425.35145396187863,425.3689084870501,205.16046098336747
6789,0.06044064085139434,425.39617176129457,425.39617176129457,425.45661240214594,205.1992030777923
6790,0.44267145881246905,425.57550660017586,427.0004083698552,427.48546618819785,207.2306189490664
6791,0.08315461531954672,425.57984009134367,425.5849649506451,425.6681195659646,205.33780250523608
6792,0.028950076267054346,425.67453206042904,425.67453206042904,425.7034821366961,205.37846050358493
6793,0.11078544109851492,425.7389364255188,425.7389364255188,425.861674548686,205.47297029578277
6794,0.011952682068658304,425.75894708610036,425.75894708610036,425.77089976816904,205.45696836886694
6795,0.08127016873702282,425.8653716891841,425.8653716891841,425.98077385782926,205.63949533522367
6796,0.03413199990814558,425.9075094879527,425.9075094879527,425.94164148786086,205.60497773924448
6797,0.1148387795234701,425.92071399875823,425.98077385782926,426.09561263735276,205.69239220173762
6798,0.14879520228813792,425.94338351028165,426.30464313982804,426.49385756526846,206.1059559793423
6799,0.12126587418285778,426.02594255739916,426.09561263735276,426.30464313982804,205.89455176702435
6800,0.03364435959179898,426.11475806294504,426.11475806294504,426.14840242253683,205.68798620088737
6801,0.05143245053869903,426.1216730938687,426.14840242253683,426.19983487307553,205.71339961064413
6802,0.002687818161926259,426.2653348015506,426.2653348015506,426.2680226197125,205.8128888354598
6803,0.026729325482605436,426.3329004302652,426.3329004302652,426.35962975574785,205.87466463071763
6804,0.0012954398209478314,426.4080619823336,426.4080619823336,426.4093574221545,205.93679062736206
6805,0.01239445784875239,426.4630235820181,426.4630235820181,426.47541803986684,205.96515786960373
6806,0.04047756287356335,426.5234214080348,426.5234214080348,426.5638989709083,206.02489090099746
6807,0.01490876765078296,426.5863245227833,426.5863245227833,426.6012332904341,206.03789707628556
6808,0.008370204012052766,426.687278507898,426.687278507898,426.69564871191005,206.09098107913624
6809,0.0016304193936525382,426.76583682075676,426.76583682075676,426.76746724015044,206.15272191085558
6810,0.0662411638938683,426.7699292162324,426.7895842601353,426.8558254240292,206.1336241191908
6811,0.14140618272020328,426.78125840537507,426.8558254240292,427.0004083698552,206.18275073820743
6812,0.003176763105829955,426.8654378795328,426.8654378795328,426.86861464263865,206.15271538826536
6813,0.2612160056906584,427.34845206133764,427.85137763424825,428.4773173822254,207.70716529789033
6814,0.18449322253847078,427.356492187625,427.48546618819785,427.66995941073634,206.8536944637642
6815,0.013505522507271345,427.3926903426711,427.3926903426711,427.40619586517835,206.64760665714152
6816,0.028880837022869664,427.3991140488258,427.40619586517835,427.43507670220123,206.6337758129822
6817,0.18141822351192877,427.60052898194414,427.66995941073634,427.85137763424825,206.8544611462818
6818,0.01871025727742999,427.8923522165364,427.8923522165364,427.9110624738138,207.0300918520051
6819,0.017000731705182882,427.93708356233907,427.93708356233907,427.95408429404426,207.05311238876166
6820,0.12105678708125392,427.9540951266366,427.9540951266366,428.196277449403,207.26101668516733
6821,0.04899529743537943,427.97812795188224,427.97812795188224,428.0603456649055,207.13761938524917
6822,0.03322241558788519,427.9800649530466,427.9800649530466,428.0132873686345,207.03401674894653
6823,0.014180805241774945,428.05927121586035,428.0603456649055,428.0745264701473,207.10117589190452
6824,0.02472701742007275,428.1437725296631,428.1437725296631,428.1684995470832,207.14032327230643
6825,0.021273866112241066,428.256105273414,428.256105273414,428.27737913952626,207.23845612275858
6826,0.030122257675857876,428.2777097421732,428.2777097421732,428.3078319998491,207.25845881944255
6827,0.02455780111713297,428.3171644409565,428.3171644409565,428.3417222420736,207.237453421243
6828,0.008121430357843481,428.3433756707485,428.3433756707485,428.35149710110636,207.25072644428892
6829,0.002755075274425651,428.4191302889247,428.4191302889247,428.4218853641991,207.31090868795187
6830,0.03570893818009919,428.58041322720874,428.58041322720874,428.61612216538884,207.36501423559247
6831,0.050011866985316386,428.6026722510861,428.61612216538884,428.66613403237415,207.35130427465322
6832,0.011535854761653662,428.7328146654049,428.7328146654049,428.7443505201665,207.40007041193925
6833,0.044679917846143176,428.76446507879507,428.76446507879507,428.8191359855166,207.4065205203502
6834,0.009990988875335855,428.78137294602266,428.78137294602266,428.791363934898,207.2742606042218
6835,0.016745831665695186,428.82993197276744,428.82993197276744,428.8466778044331,207.27255238517722
6836,0.04150747870299396,428.9565993420754,428.9565993420754,428.9981068207784,207.28538350162987
6837,0.1969459343764785,429.14640214616264,429.14640214616264,429.3438867168483,207.46124533794807
6838,0.0005386363092080799,429.3177756120244,429.3177756120244,429.3183142483336,207.39336209948306
6839,0.007030465884578406,429.3612917745964,429.3612917745964,429.36832224048095,207.38835511407316
6840,0.1967796125394807,429.37526160027903,429.37526160027903,429.66209831695676,207.54559855602338
6841,0.09005710413822905,429.45843361628846,429.45843361628846,429.5484907204267,207.359116145725
6842,0.042872369570805986,429.7221697964108,429.7221697964108,429.76504216598164,207.55686683726051
6843,0.3579901976192328,429.823450990534,429.823450990534,437.7243649287231,215.46863007543334
6844,0.05339658763777785,429.86533352087076,429.86533352087076,429.91873010850856,207.65219917311646
6845,0.04284975246003938,429.8928869288545,429.91873010850856,429.9615798609686,207.68267996778752
6846,0.08025109252098067,429.90297520935593,430.0121292860653,430.0923803785863,207.80652415772977
6847,0.13680268846425628,429.9360556355204,430.15610981086587,430.32909984569005,208.0125955309685
6848,0.05054942509671943,429.94423389541595,429.9615798609686,430.0121292860653,207.64585306349778
6849,0.06372943227958164,430.07574848062177,430.0923803785863,430.15610981086587,207.70721368496325
6850,0.03618734635993918,430.1699159824526,430.1699159824526,430.20610332881256,207.576147665971
6851,0.13841423983253204,430.2126385345987,430.4336491775987,431.00601219835374,208.36623813309683
6852,0.10454933190864182,430.3009191859925,430.32909984569005,430.4336491775987,207.70504151321146
6853,0.0292963515246579,430.4472774539005,430.4472774539005,430.4765738054251,207.5724736883586
6854,0.07352441314153861,430.45963203526185,430.49960093892855,430.57312535207006,207.66685658444587
6855,0.14641969081848755,430.46323713655187,431.1459933626004,431.2924130534189,208.29928105142238
6856,0.023027133503451987,430.47149814706927,430.4765738054251,430.49960093892855,207.52095071428897
6857,0.07388828913802502,430.5273442297716,430.66322034508096,430.73712672873523,207.6785889120759
6858,0.1399811642466258,430.54673892761804,431.00601219835374,431.1459933626004,208.0138173248291
6859,0.05565837495800224,430.56114856582,430.60756197012296,430.66322034508096,207.4793841940333
6860,0.03443661805289791,430.5658810431565,430.57312535207006,430.60756197012296,207.46287608160145
6861,0.08393804216689467,430.5950295849654,430.79254652848346,430.87648457065035,207.63823220932454
6862,0.20082698442174576,430.6017828350628,432.8737723717382,433.13593575274353,209.8672731943814
6863,0.05541979974819514,430.7039944301075,430.73712672873523,430.79254652848346,207.53685418089415
6864,1.809451624417671e-05,430.73422173790453,430.73422173790453,430.73423983242077,207.5209659188178
6865,0.004741664172673755,430.96899797845305,430.96899797845305,430.97373964262573,207.7171675683121
6866,0.1653569335711448,431.069468245174,431.4974358837126,431.69468904794985,208.4237508577279
6867,0.07898070468957841,431.25490414255853,431.2924130534189,431.41490283718525,208.09050601800362
6868,0.08253304652734651,431.3055758999893,431.41490283718525,431.4974358837126,208.1459191658131
6869,0.03897711402263974,431.3132499305949,431.3132499305949,431.3567590096717,208.01526958448156
6870,0.004531965054140469,431.33081940976814,431.33081940976814,431.33535137482227,207.9815682792475
6871,0.07718840771899502,431.59594652188457,431.8007331756082,431.8779215833272,208.4642206542721
6872,0.03189623066604094,431.5992785076836,431.5992785076836,431.63117473834967,208.21674483105508
6873,0.05746251075299356,431.68665257055113,431.69468904794985,431.75215155870285,208.3658984644617
6874,0.2056375920432805,431.72383087463004,433.48373664035955,434.04160993411017,210.64724292281795
6875,0.01072284665516304,431.74352071236257,431.75215155870285,431.762874405358,208.35737127770628
6876,0.015735359407901005,431.7490331604765,431.78499781620025,431.8007331756082,208.36847477495246
6877,0.014514110077845617,431.74980650971594,431.7704837061224,431.78499781620025,208.3343239692684
6878,0.0076093007644077665,431.75583398654095,431.762874405358,431.7704837061224,208.3006121617617
6879,0.1571555839136318,431.7673641132076,432.0178873167411,432.24937706104447,208.6506791416061
6880,0.0718286191496248,431.8200260314387,431.94605869759147,432.0178873167411,208.48828292617725
6881,0.06292573176884621,431.8214332520992,431.8779215833272,431.94605869759147,208.36874190333126
6882,0.005211382495404495,431.8969889662574,431.8969889662574,431.90220034875284,208.3165817857773
6883,0.19585547947047222,431.99218888170054,432.24937706104447,432.8737723717382,209.13876523785277
6884,0.03970412098289767,432.02782394113564,432.02782394113564,432.0675280621185,208.36481124804803
6885,0.034630039406852914,432.08413080753957,432.08413080753957,432.11876084694643,208.4094146072584
6886,0.04400278863041982,432.3687408503394,432.3687408503394,432.4127436389698,208.72403679866426
6887,0.07426438348170988,432.40079891977246,432.4127436389698,432.5087822948201,208.79090105149388
6888,0.021774272368581503,432.42619167795374,432.42619167795374,432.4479659503223,208.67577900884922
6889,0.07570875230931412,432.47072760127264,432.5087822948201,432.71627356271273,208.92793233880056
6890,0.011703708722369867,432.5165383842009,432.5165383842009,432.5282420929233,208.7320461700995
6891,0.03458522082932402,432.51658154436404,432.5282420929233,432.5628273137526,208.75770178686543
6892,0.05608967038731703,432.5532721632584,432.5628273137526,432.61891698413996,208.76926251694758
6893,0.0217263075770879,432.5989130149235,432.61891698413996,432.640643291717,208.7802276358596
6894,0.04212575142079345,432.68325823946583,432.71627356271273,432.7583993141335,208.90695483697218
6895,0.007677608067195146,432.68532462221526,432.68532462221526,432.69300223028245,208.82569458846027
6896,0.03888136742917581,432.74964923704016,432.7583993141335,432.79728068156265,208.8772771583354
6897,0.039019019135588154,432.8796999035437,432.8796999035437,432.9308176856706,209.00594174352258
6898,0.012098762991283428,432.8965687305134,432.8965687305134,432.9086674935047,208.98885614075962
6899,0.010218614456733895,432.9532709028897,432.9532709028897,432.96348951734643,209.0249530448863
6900,0.15318375640041806,433.0258865393682,433.13593575274353,433.32091432059616,209.35090328045857
6901,0.009872483703962025,433.1500363681545,433.1500363681545,433.15990885185846,209.18054779457935
6902,0.0043921126508560905,433.20045196716444,433.20045196716444,433.2048440798153,209.17202252567674
6903,0.017530215097355063,433.2671489692099,433.2671489692099,433.28467918430727,209.24533799441784
6904,0.06111594527542507,433.2828199667155,433.32091432059616,433.3820302658716,209.27872187445539
6905,0.10170637448795099,433.31732703726556,433.3820302658716,433.48373664035955,209.26939052871273
6906,0.0007332916147961667,433.5048979126307,433.5048979126307,433.5056312042455,209.38945793958567
6907,0.054247150056434004,433.5651719341039,433.5651719341039,433.6210435302379,209.46397659588325
6908,0.001624446077570728,433.5830321609995,433.5830321609995,433.5846566070771,209.42382981947057
6909,0.0464124248802529,433.593733575615,433.6210435302379,433.66745595511816,209.47380577578468
6910,0.04982618103154647,433.61763487931415,433.70653807908866,433.7563642601202,209.49046619865723
6911,0.03788844272336661,433.6446980616389,433.66745595511816,433.70653807908866,209.4552557805282
6912,0.06314638417436852,433.66117719363154,433.7563642601202,433.83420006035885,209.53053687259546
6913,0.15402973066756265,433.67542434581355,434.3246296586067,434.57984326896604,210.2597980012457
6914,0.0011936812471219586,433.6764581478617,433.6764581478617,433.6776518291088,209.3410847489534
6915,0.014689416064248206,433.7950448404803,433.7950448404803,433.8097342565445,209.43217388795165
6916,0.07585510093838344,433.8425035127345,433.8425035127345,433.91835861367286,209.49687764904112
6917,0.148868400903469,433.86183467363816,434.10415699638975,434.3045531750492,209.9111530467236
6918,0.00661918289922988,433.96017980287,433.96017980287,433.96679898576923,209.57387478348235
6919,0.0498709112200463,434.0166802894409,434.0542860851697,434.10415699638975,209.65634572662566
6920,0.012676151059504854,434.03393778295697,434.04160993411017,434.0542860851697,209.61551118900752
6921,0.013756455936110794,434.1210897484828,434.1210897484828,434.1348462044189,209.69766002835038
6922,0.015843595446116857,434.1255207491552,434.1348462044189,434.15068979986506,209.62570071119237
6923,0.02192772637368266,434.23370541186955,434.23370541186955,434.25563313824324,209.61034990453976
6924,0.020076483557480054,434.2955479451329,434.3045531750492,434.3246296586067,209.54062800014916
6925,0.021916114809799225,434.3649920438511,434.3649920438511,434.3869081586609,209.59033929524716
6926,0.04468253475743319,434.36591364016283,434.3869081586609,434.43159069341834,209.5731890756194
6927,0.02426657250130926,434.47305568566463,434.47305568566463,434.5076409157892,209.59879205205002
6928,0.010318657623265452,434.4806295249462,434.4806295249462,434.49094818256947,209.58479039720058
6929,0.07222069018567186,434.5374593136177,434.62669627007557,434.6989169602612,209.7069965286803
6930,0.08861548459662041,434.5477507810623,434.6989169602612,434.78753244485785,209.8298099046116
6931,0.04685300110953703,434.56858496774333,434.57984326896604,434.62669627007557,209.60314082799755
6932,0.0937321690484906,434.75163368331374,434.78753244485785,435.0324990159625,210.00745921353803
6933,0.06249141477933495,434.7956601967863,434.7956601967863,434.8683768076219,209.84794746671653
6934,0.05195322902194664,434.8360021794161,434.8683768076219,434.92033003664386,209.81627539425753
6935,0.01022519605629858,434.8389559085261,434.8389559085261,434.8491811045824,209.72840830988233
6936,0.026564562198615093,434.96906192841436,434.96906192841436,434.99562649061295,209.80262764851872
6937,0.011216073315219118,435.0679307807373,435.0679307807373,435.0791468540525,209.87171369001524
6938,0.009649026476400153,435.07620236109733,435.0791468540525,435.0887958805289,209.81190957476642
6939,0.04020663200571858,435.09662792732854,435.09662792732854,435.13683455933426,209.82638238378638
6940,0.16054511688888023,435.12618591811986,435.13683455933426,435.3097880088017,209.9305839215048
6941,0.21676607515334423,435.2208781319022,435.3097880088017,437.14460262127835,211.7721158237609
6942,0.012408332578533523,435.24768200341265,435.24768200341265,435.2600903359912,209.89722385595542
6943,0.06834072175916588,435.31993497618845,435.31993497618845,435.39043533304516,210.01724097028907
6944,0.08149618086425375,435.3299741484997,435.39043533304516,435.50250226788046,210.06337930896228
6945,0.002159635097556884,435.3775832076397,435.3775832076397,435.37974284273724,209.9511555879642
6946,0.03057075397103855,435.3974090090088,435.3974090090088,435.4279797629799,209.90523339242165
6947,0.07927300127504948,435.46768503313655,435.50250226788046,435.5817752691555,210.03981220459568
6948,0.03365648954754778,435.5553173524878,435.5817752691555,435.6243960868237,209.99006435350913
6949,0.06718179341216729,435.58333451126515,435.6243960868237,435.69157788023585,210.04664017915493
6950,0.08266751083549297,435.59222868161095,435.69157788023585,435.77424539107136,210.1226916062758
6951,0.008964328120643088,435.59528352980357,435.59528352980357,435.60424785792424,209.88151693728113
6952,0.13251250156937583,435.66226951374847,435.93467608922737,436.0671885907967,210.28543274612673
6953,0.078549022272507,435.71177150979753,435.8277245434173,435.93467608922737,210.13251973284957
6954,0.05347915234589486,435.7461784812164,435.77424539107136,435.8277245434173,209.98366756197862
6955,0.13429457115377832,435.76834052298886,436.177436942453,436.31513310890665,210.38020560874327
6956,0.02236237761650239,435.87255398914607,435.87255398914607,435.8949163667626,209.99216529320816
6957,0.006040145921056303,435.90429453529674,435.90429453529674,435.9103346812178,210.02038726040362
6958,0.09765223163192945,436.0117640399488,436.0671885907967,436.177436942453,210.22428071798174
6959,0.137901007909956,436.11257152146925,436.31513310890665,436.4530341168166,210.52415768433988
6960,0.012596120024414794,436.1242322112898,436.1242322112898,436.1368283313142,210.20734141154466
6961,0.003401595299886486,436.24546487690753,436.24546487690753,436.2488664722074,210.31225073668358
6962,0.11976407843049824,436.37439573096555,436.47331684032275,436.59308091875323,210.51995825592513
6963,0.0202827235061765,436.4396362524921,436.4530341168166,436.47331684032275,210.47651203440614
6964,0.012175125745253292,436.61008604211855,436.61008604211855,436.6222611678638,210.38710462499822
6965,0.01572609443317091,436.6479020871973,436.6479020871973,436.66362818163043,210.4218412962378
6966,0.017256492359669938,436.6528074310351,436.66362818163043,436.6808846739901,210.39394094430023
6967,0.00716809062040997,436.7260459354812,436.7260459354812,436.73321402610156,210.38846860832
6968,0.08313970903718046,436.75246255290153,436.75246255290153,436.98362484335644,210.564142279005
6969,0.054729085614034875,436.77555095758737,436.77555095758737,436.84413462735534,210.43757333376647
6970,0.012569788730581812,436.80583603603003,436.80583603603003,436.8184058247606,210.40014110420063
6971,0.0012847954233840338,436.8309066933103,436.8309066933103,436.83219148873366,210.323031645166
6972,0.03748275677550815,436.84448871981107,436.84448871981107,436.88197147658656,210.36769576865402
6973,0.04195615487421637,436.87965529246657,436.88197147658656,436.9239276314608,210.3688996092886
6974,0.03801973837665418,437.03560404544044,437.03560404544044,437.0970185465856,210.53454248870307
6975,0.02339476276852653,437.035793758512,437.035793758512,437.05918852128053,210.4772536666031
6976,0.03347102627277956,437.1148264029991,437.14460262127835,437.1780736475511,210.57499921196347
6977,0.003708850034993455,437.20983393599,437.20983393599,437.21354278602496,210.63129464017717
6978,0.01924964895934201,437.25219754148327,437.25219754148327,437.2714471904426,210.65893500430872
6979,0.16299731523423955,437.27388482945264,437.27388482945264,437.45834085845024,210.8240485337494
6980,0.02145871376336082,437.33820742184,437.33820742184,437.3596661356034,210.6981182891603
6981,0.04343001600103288,437.43529155168454,437.45834085845024,437.50177087445127,210.7930149983138
6982,0.01424559415695473,437.6709441974027,437.6709441974027,437.68518979155965,211.00355437559475
6983,0.06662693208872741,437.6766198900258,437.7243649287231,437.79099186081186,211.0424658259741
6984,0.008357287314077508,437.7037766348709,437.7037766348709,437.712133922185,211.0110553907719
6985,0.07638502450765342,437.7933076322311,437.7933076322311,437.89662563740285,211.0833466879587
6986,0.026932980664078475,437.801316362421,437.801316362421,437.8282493430851,211.02395532876542
6987,0.3538840463967795,437.8537070329216,437.89662563740285,439.68013482995497,212.7480890513543
6988,0.005341716981012737,437.9064382375214,437.9064382375214,437.91177995450244,211.01977287690883
6989,0.037322771898788416,437.93936482937977,437.93936482937977,437.97985395848355,211.0679129293757
6990,0.003166357204991689,437.95835463579147,437.95835463579147,437.96152099299644,211.039044469347
6991,0.001796680814159308,437.98165842874835,437.98165842874835,437.9834551095625,210.9763666047397
6992,0.17364047883485262,438.0235922718436,438.0235922718436,438.2982198057612,211.15508251809572
6993,0.08483287071309484,438.07771877941593,438.07771877941593,438.1787058344987,211.0668606391912
6994,0.01615418436969544,438.09452155708743,438.09452155708743,438.1106757414571,211.03034422641466
6995,0.14143322482552545,438.11198774303864,438.2982198057612,438.5967713029725,211.48103338327292
6996,0.01612370802590881,438.3555915975016,438.3555915975016,438.3717153055275,211.2331952462313
6997,0.07317602326983659,438.37366906050687,438.37366906050687,438.5146636248667,211.2812987019312
6998,0.015529576914944398,438.3906888886627,438.3906888886627,438.40621846557764,211.21447194435524
6999,0.02729558596852522,438.4024128184715,438.40621846557764,438.4335140515462,211.2074579524936
7000,0.024993378206555575,438.4442461978409,438.4442461978409,438.46923957604747,211.24548568475686
7001,0.08325289252305881,438.573571619802,438.5967713029725,438.68002419549555,211.39472308488538
7002,0.13444609231680157,438.722322599634,438.722322599634,438.98141726410654,211.77087436685758
7003,0.011504799338231054,438.74601539171994,438.74601539171994,438.7575201910582,211.525960440912
7004,0.012307594165319392,438.75154389966156,438.7575201910582,438.76982778522347,211.51187005795617
7005,0.06186394865281735,438.76320099975555,438.76982778522347,438.8316917338763,211.50443728194406
7006,0.038972229999326646,438.8197040450023,438.8316917338763,438.87066396387564,211.51642497081804
7007,0.15056021018504612,438.9804131118368,438.98141726410654,439.2107939611862,211.86491415795365
7008,0.07455417447918485,438.9955078445363,438.9955078445363,439.0700620190155,211.65515425046044
7009,0.004262312415408044,439.2010054396141,439.2010054396141,439.2052677520295,211.85664329047532
7010,0.05594339623989146,439.32667922432034,439.32667922432034,439.38262262056026,212.03769501561843
7011,0.09348769509856117,439.36612660043147,439.38262262056026,439.5637735583726,212.11799868489118
7012,0.19284513843729825,439.3820571647572,439.68013482995497,441.54368517387474,214.0768044410162
7013,0.0330786655163414,439.39784294382065,439.39784294382065,439.43092160933696,211.95722069627323
7014,0.054584577197449614,439.43477904345485,439.43477904345485,439.4893636206523,211.99363511650589
7015,0.08161421805693668,439.7023691474799,439.7023691474799,439.7839833655368,212.32882896956053
7016,0.044385812556444665,439.7412597741521,439.80937354350203,439.8537593560585,212.3758642646555
7017,0.06710724537340997,439.7695393272916,439.91929681999244,439.98640406536583,212.43677890358538
7018,0.025390177965236006,439.78129947026355,439.7839833655368,439.80937354350203,212.28110104711587
7019,0.06553746393391424,439.8498250528921,439.8537593560585,439.91929681999244,212.35925359739096
7020,0.10011705326756615,439.9069005975222,439.98640406536583,440.1395829053496,212.5648045866166
7021,0.018934605717200438,439.9913554423716,439.9913554423716,440.01029004808885,212.44560507229446
7022,0.03412718099896852,440.0008246722347,440.01029004808885,440.0444172290878,212.44106864924782
7023,0.0718125823201692,440.0697072284689,440.4324029960095,440.5496730400885,212.92108193332942
7024,0.06583841136872,440.1190920071653,440.1395829053496,440.3652553377362,212.61082195074528
7025,0.03303336226781093,440.14960390684905,440.14960390684905,440.18263726911687,212.43480231106662
7026,0.06714765827329357,440.1606250323239,440.3652553377362,440.4324029960095,212.57720782454666
7027,0.04448048441594706,440.1690691035638,440.18263726911687,440.2658716884467,212.32719521340908
7028,0.006723882940260859,440.18645416960345,440.18645416960345,440.1931780525437,212.15926579465872
7029,0.023561144945977646,440.20821469004494,440.20821469004494,440.2317758349909,212.1916312560013
7030,0.027098021147620478,440.2270573606805,440.2658716884467,440.2929697095943,212.15722019734062
7031,0.008468907027642825,440.2365333040343,440.2365333040343,440.24500221106194,212.0915783552012
7032,0.01646821827265548,440.30560391223264,440.30560391223264,440.3220721305053,212.1097000462814
7033,0.04545746175885252,440.449360715462,440.449360715462,440.49481817722085,212.2524608816572
7034,0.16968841953429806,440.50675313827156,440.5496730400885,440.7452514164668,212.5066456890574
7035,0.309128806093266,440.5554745528347,447.41370496419034,449.1470208221918,220.83374959288926
7036,0.025889956843979715,440.5941693087545,440.5941693087545,440.62005926559846,212.33439490771832
7037,0.1045723260605474,440.73451502252897,440.7452514164668,440.85086463863,212.49695333213344
7038,0.0010408961027450006,440.77940136378777,440.77940136378777,440.7804422598905,212.36186103918325
7039,0.042333637331582186,440.81318284283157,440.85086463863,440.8931982759616,212.42673430596173
7040,0.06225896647171627,440.836480361262,440.8931982759616,440.9656408075291,212.4814872775833
7041,0.010183565095838969,440.9126222054262,440.9126222054262,440.922805770522,212.32401609494232
7042,0.12730142603942204,440.92147414298313,440.9656408075291,441.2591171329475,212.5940053813898
7043,0.06770211153748469,440.9702614642926,440.9702614642926,441.0379635758301,212.39989147285726
7044,0.26968533124267896,441.0346407535192,441.8379318744009,443.7404437472148,214.9956485755789
7045,0.08651103451437904,441.0440576701839,441.0440576701839,441.1378918939643,212.38890102048194
7046,0.007323189265994152,441.0884878389105,441.0884878389105,441.0958110281765,212.37032158069567
7047,0.004638564061106641,441.18682486536943,441.18682486536943,441.19146342943054,212.31913339082374
7048,0.06241326948664086,441.2997637427372,441.2997637427372,441.3621770122238,212.4320722681915
7049,0.27320255950866196,441.39784383311655,444.92881418435445,446.04641069685556,217.12631938871763
7050,0.1097701924370429,441.39836316727013,441.54368517387474,441.6534553663118,212.74227950220543
7051,0.03735163030245108,441.3998082233178,441.3998082233178,441.45135217384603,212.5138005517173
7052,0.014192320225806247,441.41666030451097,441.41666030451097,441.43085262473676,212.45289345863227
7053,0.09773602195145256,441.5632434442267,441.74019585244946,441.8379318744009,212.7331134661012
7054,0.06444207450810258,441.6398820466117,441.6534553663118,441.74019585244946,212.72959645852163
7055,0.021788200020710743,441.68776810695806,441.68776810695806,441.70955630697875,212.66643555261507
7056,0.0005102116088796681,441.7377474198972,441.7377474198972,441.73825763150603,212.715858066267
7057,0.12410896400338717,441.85774136853934,441.85774136853934,442.04701919615457,212.93726372203983
7058,0.10803455744237048,441.89035369452205,442.04701919615457,442.44481899501784,213.333357298394
7059,0.052423649328571624,441.9014507813436,441.9014507813436,441.95387443067216,212.83693246597545
7060,0.012745214283315794,441.96631263229386,441.96631263229386,441.9790578465772,212.81493453357788
7061,0.04490329907759944,442.0515731895322,442.0515731895322,442.1350617927774,212.96411567279856
7062,0.03141481387547578,442.0607603624804,442.0607603624804,442.099345666648,212.90387891205293
7063,0.007170490292123545,442.08080234100436,442.08080234100436,442.0879728312965,212.86876164807904
7064,0.09760273158766075,442.1257638317617,442.1350617927774,442.2598188029701,213.01844533873188
7065,0.027154278605065474,442.20022989215255,442.20022989215255,442.2273841707576,212.90346271527764
7066,0.08151962798303627,442.24726451420867,442.2598188029701,442.3413384309531,212.962058992626
7067,0.16050882112919357,442.37038586713385,442.44481899501784,442.60532781614705,213.14053855709776
7068,0.18499310210421693,442.3785692304267,442.60532781614705,442.813661034762,213.49443965860226
7069,0.003229362547852085,442.6223663322876,442.6223663322876,442.62559569483545,213.29663439804136
7070,0.15664217318338278,442.6389468505964,442.9070567127207,443.1010637732562,213.77357950312026
7071,0.02011075396284458,442.70921771891807,442.70921771891807,442.7293284728809,213.34565619755048
7072,0.05958651600268774,442.75757370175825,442.847470196718,442.9070567127207,213.44625329358013
7073,0.033809161956005154,442.7992567275765,442.813661034762,442.847470196718,213.40624212751143
7074,0.03736488735212232,443.0003575343408,443.0003575343408,443.03772242169293,213.5725395364968
7075,0.00631554600106472,443.0963370915764,443.1010637732562,443.1073793192573,213.646262665652
7076,0.028538921973245732,443.1003594549567,443.1073793192573,443.1359182412305,213.6379148804402
7077,0.04763938130383659,443.12619388442494,443.1359182412305,443.18355762253435,213.57450599937152
7078,0.0457423770957754,443.3138395933807,443.3138395933807,443.3661567418142,213.66296316371844
7079,0.10410508625861394,443.31479177749975,443.3661567418142,443.50866402753456,213.76003392153294
7080,0.20776201385301207,443.3209714147277,444.6748709896295,444.92881418435445,215.23342333405478
7081,0.006574771337738747,443.3251661668484,443.3251661668484,443.33174093818616,213.60617436556825
7082,0.038402199461675966,443.39634765851014,443.39634765851014,443.43474985797184,213.66588013918854
7083,0.09525128371798133,443.41878263536665,443.50866402753456,443.6208498809569,213.82128382502376
7084,0.13603534412318188,443.4411026843067,443.7404437472148,443.89770240369927,214.08249939888026
7085,0.016934569704341387,443.58545842236,443.58545842236,443.6023929920643,213.7470769837203
7086,0.16591714622774767,443.63039785624085,444.069209789414,444.4309247229091,214.55614305549906
7087,0.001259793735651014,443.74861141157015,443.74861141157015,443.7498712053058,213.83950459089425
7088,0.09983343689937037,443.8352107926369,443.89770240369927,443.99753584059863,214.02504538462534
7089,0.019963518625651187,443.8547871553138,443.8547871553138,443.87475067393945,213.89890581844313
7090,0.06322658533674863,443.96592033284355,443.99753584059863,444.069209789414,214.07589076476583
7091,0.008447363478615392,444.02714762058497,444.02714762058497,444.0355949840636,214.0555182752844
7092,0.024977125194732025,444.09253338485064,444.09253338485064,444.13407316723305,214.14008444573562
7093,0.016562657187695735,444.1007025244557,444.1007025244557,444.1172651816434,214.0731609664768
7094,0.1056068079139036,444.1375894600403,444.1375894600403,444.2431962679542,214.1525035786659
7095,0.30606135993792316,444.18060408210806,446.8263663973174,447.41370496419034,217.13213072703212
7096,0.04865119697104663,444.32277378706596,444.32277378706596,444.371424984037,214.2689208452079
7097,0.1486167210737897,444.4262791758318,444.4309247229091,444.6299757176841,214.55055938288473
7098,0.039931483367713835,444.45485371081963,444.45485371081963,444.49478519418733,214.34837974656864
7099,0.031643283463959254,444.6069630772292,444.64322770616553,444.6748709896295,214.50167173734866
7100,0.01050279033350836,444.6074626088512,444.6074626088512,444.61796539918475,214.45979893082568
7101,0.013251988481444972,444.6217838930542,444.6299757176841,444.64322770616553,214.47472983403912
7102,0.04165829233406985,444.68760077825175,444.68760077825175,444.72925907058584,214.5189616464956
7103,0.004522888537838527,444.91683194970153,444.91683194970153,444.9213548382394,214.73381631492913
7104,0.020958497699573607,444.94720268535315,444.94720268535315,444.9681611830527,214.76225506828285
7105,0.21206808887580197,444.9743495734194,444.9743495734194,445.2597072766112,214.92312250037003
7106,0.009530846872588242,444.98120414172524,444.98120414172524,444.9907349885978,214.75964025286325
7107,0.047502725320801596,444.9950968436781,444.9950968436781,445.04259956899887,214.74799099090012
7108,0.1402124180943871,445.1052109478505,445.2597072766112,445.4107581099661,215.13959558496197
7109,0.01625604212268959,445.1128210571331,445.1128210571331,445.12907709925577,214.77259723998722
7110,0.00749110257212715,445.280255484896,445.280255484896,445.2877465874681,214.82454030955694
7111,0.0033473126883412424,445.32086693452953,445.32086693452953,445.32421424721787,214.71258455119522
7112,0.07576241123529147,445.35610428475724,445.5016224431581,445.5773848543934,214.8395493798655
7113,0.031758616423444075,445.3940196470804,445.4107581099661,445.4425167263895,214.71181664821185
7114,0.05910571676861336,445.40675330787906,445.4425167263895,445.5016224431581,214.76857487328624
7115,0.12845613930652222,445.5004666589384,445.5773848543934,445.7186618697323,214.85889019975522
7116,0.012820876032294532,445.58407339356535,445.58407339356535,445.59689426959767,214.82919871607083
7117,0.0010370215854140488,445.8236842781818,445.8236842781818,445.82472129976725,214.99756682553706
7118,0.007428893943208817,445.89676518456395,445.89676518456395,445.90419407850715,215.066641411163
7119,0.20187611583816478,445.9010996812565,446.19210984189306,446.4836541775458,215.58106004382185
7120,0.03715209758390998,445.9277381147063,445.9277381147063,445.99839535815767,215.08060762784487
7121,0.02116230435216707,445.93595414393843,445.93595414393843,445.9571164482906,215.050180654106
7122,0.01234284151532584,445.956930499604,445.9571164482906,445.9694592898059,215.05950803495938
7123,0.09536556883224043,445.96191463867325,446.09674427306084,446.19210984189306,215.1686114037426
7124,0.04812754849440004,445.9671647726842,446.04641069685556,446.09674427306084,215.05519919727948
7125,0.0022060277108835753,446.0722358381696,446.0722358381696,446.0744418658805,215.04707298321011
7126,0.043379716365062486,446.1967731176411,446.1967731176411,446.24015283400615,215.15697012072084
7127,0.002789616738350021,446.3135973522673,446.3135973522673,446.3163869690057,215.27154269864636
7128,0.17107843388478094,446.32525728533454,446.5675594318768,446.8263663973174,215.57597687022601
7129,0.04349888671116141,446.38806209083475,446.38806209083475,446.4315609775459,215.27102555293533
7130,0.05733191125979091,446.4364988469988,446.4836541775458,446.5409860888056,215.36181948108856
7131,0.02657334307123528,446.53494581372775,446.5409860888056,446.5675594318768,215.36104663719374
7132,0.07268270511668729,446.60456440125773,446.60456440125773,446.6772471063744,215.46413979861487
7133,0.015045826439117208,446.6767254460215,446.6772471063744,446.69229293281353,215.45263005920737
7134,0.08014203650615549,446.88573755238957,446.88573755238957,447.00945996098494,215.73509755511037
7135,0.04358037208918063,446.9175484261973,446.9175484261973,446.9611287982865,215.7029709890649
7136,0.08953150911390668,446.9380987912581,447.0591370431484,447.1670147593246,215.82784308694926
7137,0.04967708216341878,446.93937486696694,447.00945996098494,447.0591370431484,215.74155675098197
7138,0.018346207062347714,447.0715784166643,447.0715784166643,447.08992462372663,215.79145859919794
7139,0.05648979691543827,447.42017952591283,447.42017952591283,447.4766693228283,216.12839664100238
7140,0.27192252909953574,447.5034884076848,447.5034884076848,448.26059783897597,216.9049838844076
7141,0.01682421734320967,447.5901415455002,447.5901415455002,447.6069657628434,216.27583519925187
7142,0.01549236101909652,447.69642620355194,447.69642620355194,447.711918564571,216.37291269988566
7143,0.09285224240030032,447.7120040927352,447.7120040927352,447.80485633513547,216.4266489468773
7144,0.06523169756014247,447.7928823570487,447.94108532388657,448.0063170214467,216.55653266661992
7145,0.05128155643466586,447.7989942693275,447.80485633513547,447.8584776150587,216.39851639082332
7146,0.0023397234885696957,447.8136466067518,447.8136466067518,447.8159863302403,216.33425770692898
7147,0.03529710349417471,447.8298884188017,447.8584776150587,447.8937747185529,216.3752678596676
7148,0.04731060533369363,447.84721396573156,447.8937747185529,447.94108532388657,216.4075670935334
7149,0.05800197452459653,447.97222738057246,448.0063170214467,448.09714343503396,216.56843459270527
7150,0.030153967922511928,448.0073534971527,448.0073534971527,448.0375074650752,216.49907756810677
7151,0.0026704711401378547,448.0636347551572,448.0636347551572,448.06630522629735,216.53287950149894
7152,0.03616395051024393,448.10178033732086,448.10178033732086,448.1379442878311,216.50744464252065
7153,0.03156703102033091,448.18457465903066,448.18457465903066,448.216141690051,216.55292159166407
7154,0.06281313840032995,448.19547643587583,448.26059783897597,448.3234109773763,216.5868110886289
7155,0.14691710300980498,448.4212646154076,448.4212646154076,448.705509055179,216.95896842103576
7156,0.06766788725971953,448.4700998595102,448.4700998595102,448.53776774676993,216.7470725720906
7157,0.0696594495018407,448.53966935298615,448.53966935298615,448.609328802488,216.81188094533152
7158,0.09656012545519291,448.6408009528756,448.705509055179,448.8020691806342,217.03254155712506
7159,0.03775463441545835,448.7653059059635,448.8020691806342,448.83982381504967,216.99792820271944
7160,0.06958225302376057,448.8119918661653,448.83982381504967,448.90940606807345,217.01728136705046
7161,0.1655767075714865,448.9767144668277,449.1470208221918,449.3416154981073,217.43055210137118
7162,0.05963323263539666,449.00233073485816,449.00233073485816,449.06196396749357,217.09871209211659
7163,0.013769517296294095,449.1986584844024,449.1986584844024,449.2124280016987,217.2687573678496
7164,0.36002514801541063,449.2426760747171,449.3416154981073,450.82995191019273,218.79879884740504
7165,0.015248451047766195,449.29394478560744,449.29394478560744,449.3091932366552,217.34944539353094
7166,0.15043577918375128,449.3526486072365,449.3526486072365,449.51000118752745,217.47625185122791
7167,0.0069168011072162135,449.43915076971683,449.43915076971683,449.446067570824,217.45587049375692
7168,0.01365633830083243,449.5613434749067,449.5613434749067,449.57499981320757,217.54427276432332
7169,0.05120819940357719,449.6332880748795,449.6332880748795,449.6889896058072,217.6142320191546
7170,0.004493331524132403,449.668610861087,449.668610861087,449.67310419261116,217.55869569445065
7171,0.01283212194276012,449.7026726619614,449.7026726619614,449.7155047839042,217.57578040808946
7172,0.20394252314025255,449.71748638479625,449.71748638479625,450.3445271387166,218.13664941805294
7173,0.007427504699100613,449.77312631904914,449.77312631904914,449.7805538237482,217.60647231390303
7174,0.10012334781353335,449.78598930661417,449.78598930661417,449.9097280849727,217.69607565722475
7175,0.10865774092858003,449.8178714728017,449.9097280849727,450.0520505166753,217.84398355239458
7176,0.023615430545000593,449.8434639103461,449.8434639103461,449.8670793408911,217.6751971328984
7177,0.12159257067836904,449.8496348939897,450.0520505166753,450.2016600326952,217.91030767131014
7178,0.03076044727151323,449.937142910552,449.937142910552,449.9679033578235,217.71880808918934
7179,0.0029042435024699397,450.01235454627584,450.01235454627584,450.01525878977833,217.771257447956
7180,0.02801694534153093,450.066782677292,450.066782677292,450.0947996226335,217.8073883835368
7181,0.09067411901871682,450.2792966292136,450.3445271387166,450.43520125773534,218.07173218361245
7182,0.004848394853289377,450.47983640388156,450.47983640388156,450.48468479873486,218.19889431130707
7183,0.042997391663198055,450.49719917833005,450.49719917833005,450.54019656999327,218.18601617121175
7184,0.0906964114670588,450.6077678641608,450.6077678641608,450.71448718848836,218.38997420222145
7185,0.016022912860548886,450.63457559316765,450.63457559316765,450.6505985060282,218.31947541145524
7186,0.015373923566524988,450.7024129060665,450.71448718848836,450.7298611120549,218.34827089591045
7187,0.0011147852580310634,450.73228801525903,450.73228801525903,450.73340280051707,218.30932908770822
7188,0.0829585259611007,450.91443698626205,450.91443698626205,450.99739551222314,218.37437239741203
7189,0.1411885989269502,451.00100800313845,451.00100800313845,451.3853782865523,218.75100491098962
7190,0.1209283708551683,451.0200980472062,451.0200980472062,451.1791026911672,218.5008298536933
7191,0.013824918362890149,451.0732825462156,451.0732825462156,451.0871074645785,218.39909734916984
7192,0.024251354742934418,451.12142028703977,451.12142028703977,451.1456716417827,218.4445137125249
7193,0.02130490797777256,451.21395451992106,451.21395451992106,451.2352594278988,218.50409892143253
7194,0.06287213254812689,451.25792729965013,451.25792729965013,451.32079943219827,218.5197164107863
7195,0.01071023059368068,451.4222154030497,451.4222154030497,451.4329256336434,218.6405886155409
7196,0.17175099469183103,451.44451766951534,451.44451766951534,452.143459322401,219.31785199583618
7197,0.01906497703045778,451.4536519505416,451.4536519505416,451.47271692757204,218.58140538340052
7198,0.1180767831183208,451.485653141832,451.485653141832,451.64064976276956,218.75126087554443
7199,0.023181668551577026,451.5456851293961,451.5456851293961,451.5786296893125,218.67939573398857
7200,0.009762891364841332,451.552857969207,451.552857969207,451.5626208605719,218.6670954878779
7201,0.0039752779027967125,451.62877950040007,451.62877950040007,451.63275477830285,218.72471056158696
7202,0.06304213547401992,451.65985863197494,451.65985863197494,451.72290076744895,218.74916920125108
7203,0.06974717764208949,451.6780016167062,451.7618118764036,451.84969115177984,218.8796974640437
7204,0.038911108954690056,451.6968441978955,451.72290076744895,451.7618118764036,218.76285637851473
7205,0.14282386159110053,451.7255114780378,452.2606904549038,452.50975218154935,219.52421577211163
7206,0.01813209773411073,451.80985393272135,451.80985393272135,451.82798603045546,218.79242123712186
7207,0.0130786153694665,451.8824544301235,451.8824544301235,451.895533045493,218.8644571362535
7208,0.004582060900873587,451.90560080383597,451.90560080383597,451.91018286473684,218.84874513781483
7209,0.0525327607652547,451.9181063237789,451.9181063237789,451.97063908454413,218.77262791650577
7210,0.026690487789229816,451.98557751427023,451.98557751427023,452.01226800205944,218.81410064029478
7211,0.08200135684870366,451.99689410539173,452.1786890980551,452.2606904549038,218.9802630708233
7212,0.020269033223263497,452.0248666703216,452.0248666703216,452.0451357035449,218.83469097718898
7213,0.04614358237290113,452.03476744919067,452.0451357035449,452.0912792859178,218.8205776837456
7214,0.035229775654112824,452.14315660535084,452.143459322401,452.1786890980551,218.88008995782033
7215,0.05077204699655728,452.2636636410313,452.2636636410313,452.31443568802786,218.9561015515059
7216,0.13548711258560814,452.32283080778006,452.7149604789541,452.88824539241534,219.54266443217654
7217,0.024418651730918766,452.38584799483783,452.38584799483783,452.41026664656874,219.02787253864892
7218,0.031047166326945666,452.44073751690024,452.44073751690024,452.4717846832272,219.0468089025577
7219,0.06327859243462548,452.4504072761396,452.50975218154935,452.573030773984,219.10551552984742
7220,0.07053482170869392,452.5033837703813,452.63890408436595,452.7149604789541,219.22981964844607
7221,0.06587331038197336,452.52064337339357,452.573030773984,452.63890408436595,219.12029831274737
7222,0.23871537019445668,452.60831905497326,454.81213552024593,455.06600409219254,221.44693168060394
7223,0.005521572879445135,452.66612804425057,452.66612804425057,452.67164961713,219.10353686900234
7224,0.353023076217504,452.73612282517666,455.06600409219254,458.383206581968,224.81126378434558
7225,0.03251547643823807,452.779713779103,452.779713779103,452.81222925554124,219.1813428229922
7226,0.0047271159891214415,452.826084645415,452.826084645415,452.8308117614041,219.22261318109292
7227,0.07335963937075367,452.843550598511,452.88824539241534,452.9616050317861,219.33646469891966
7228,0.0005552084483321264,452.86146654363677,452.86146654363677,452.86202175208507,219.21456236075514
7229,0.0316207120863085,452.9404997882113,452.99010388897847,453.02172460106476,219.3209421154702
7230,0.02849885719234169,452.95309777509095,452.9616050317861,452.99010388897847,219.26103055365078
7231,0.09884108580127429,452.9621886164453,453.0589232094131,453.31110803317813,219.52356299075473
7232,0.03719860834829709,453.00876269169447,453.02172460106476,453.0589232094131,219.2562730273181
7233,0.008995120973165852,453.0746662598222,453.0746662598222,453.0836613807954,219.2583908154622
7234,0.02014954504312982,453.0763909901358,453.0836613807954,453.1038109258385,219.1803327366824
7235,0.022933847133289845,453.13042229697237,453.13042229697237,453.15335614410566,219.21520300305588
7236,0.04741300757080267,453.15094793098075,453.15335614410566,453.20076915167647,219.2379010864947
7237,0.03286210712760378,453.17407212885524,453.20076915167647,453.23363125880405,219.22969834708695
7238,0.10986135116668402,453.1900086244645,453.31110803317813,453.45550179785045,219.4032599265384
7239,0.02099011011582134,453.24954306779966,453.24954306779966,453.27053317791547,219.23822365664142
7240,0.19735956216554928,453.2696620373908,453.7341482093852,454.0324791978457,219.9600521050983
7241,0.03407744257282222,453.37249013745844,453.37249013745844,453.40656758003126,219.25795940965622
7242,0.00045497093283938323,453.4091590307084,453.4091590307084,453.4096140016412,219.2713280613772
7243,0.1596952608079994,453.4305235813157,453.45550179785045,453.61519705865845,219.43011736161134
7244,0.09255302907640639,453.58366301341925,453.61519705865845,453.7341482093852,219.5224307883983
7245,0.01768018624459921,453.63881716717634,453.63881716717634,453.65649735342095,219.4558577921395
7246,0.00871793540571368,453.68199592968426,453.68199592968426,453.69071386509,219.4912081234132
7247,0.0182150995852954,453.7658781327182,453.7658781327182,453.7840932323035,219.51025882059406
7248,0.06617447695902079,453.8608516004678,453.8608516004678,453.92702607742683,219.5675857472078
7249,0.09099456738408639,453.8611144087953,454.0945527124741,454.1855472798582,219.75691337240605
7250,0.11210598589419525,453.89478851214545,454.1855472798582,454.30352114460834,219.92628928525087
7251,0.016003307821606513,453.9516990199139,453.9516990199139,453.96770232773554,219.56460782853654
7252,0.0005785419290185756,454.0142429023863,454.0142429023863,454.0148214443153,219.62116307473067
7253,0.06207351462841828,454.02171218910536,454.0324791978457,454.0945527124741,219.5541690543371
7254,0.139510949849444,454.19222379388026,454.30352114460834,454.49265262202454,219.9825562463247
7255,0.005867878855962031,454.2714851423871,454.2714851423871,454.2773530212431,219.76561946014647
7256,0.04741585915629907,454.3606450432349,454.3606450432349,454.4080609023912,219.8349499908022
7257,0.0022046684104744998,454.4591466483607,454.4591466483607,454.46135131677113,219.89449611801024
7258,0.07396462499760646,454.4675990792345,454.49265262202454,454.5666172470221,219.98115008688546
7259,0.10754969312711696,454.54401902607947,454.6560844738558,454.7636341669829,220.157947931155
7260,0.017054282393367103,454.54967619689114,454.5666172470221,454.5836715294155,219.94991241132615
7261,0.038683521302317926,454.5568065742659,454.5836715294155,454.62235505071783,219.92491465013225
7262,0.033729423137945365,454.59252493817996,454.62235505071783,454.6560844738558,219.87576809197617
7263,0.04850135326302443,454.73918925156113,454.7636341669829,454.81213552024593,220.01498121618485
7264,0.01515320175210692,454.9875318750155,454.9875318750155,455.00268507676765,220.2114367584332
7265,0.05767787280308837,455.2467953483069,455.2467953483069,455.33606372962,220.51891307296648
7266,0.030785514600766378,455.26919112839613,455.26919112839613,455.2999766429969,220.4821991279613
7267,0.0008049939092602143,455.30085366973174,455.30085366973174,455.301658663641,220.4996144376636
7268,0.11448644093575538,455.35268418769334,455.35268418769334,455.5088203518748,220.6929185229771
7269,0.0018941229741429601,455.404304880392,455.404304880392,455.4061990033661,220.553256644073
7270,0.11854164637422049,455.4083055364074,455.5088203518748,455.7983788985831,220.84716382594837
7271,0.024334136505465467,455.41929856208384,455.41929856208384,455.4436326985893,220.5670478499203
7272,0.1370571339655516,455.43292589901165,455.7983788985831,455.93543603254864,221.0079860539498
7273,0.015421463766126232,455.47700996815945,455.47700996815945,455.4924314319256,220.5921053896014
7274,0.15176891809345852,455.50232782267364,457.236385435148,457.43095671446156,222.48554840079785
7275,0.07507918603598394,455.5392041745207,455.5392041745207,455.61428336055667,220.69958045774322
7276,0.04739769622521705,455.59608122441665,455.63915768112116,455.70095393985105,220.73104418306755
7277,0.013491306744675935,455.606016948267,455.61428336055667,455.62777466730137,220.54583161152706
7278,0.011383013819787471,455.623845590656,455.62777466730137,455.63915768112116,220.51145626947618
7279,0.014398562504637094,455.66107584239444,455.66107584239444,455.6754744048991,220.45992269875563
7280,0.009267135003702387,455.693906757699,455.70095393985105,455.71022107485476,220.4751472787409
7281,0.10882589185101484,455.8751100064461,455.93543603254864,456.06579523626897,220.77911351680865
7282,0.08717449212004984,455.99321419489473,456.80823754621036,456.9658211409428,221.63806260824694
7283,0.05299520621664849,456.0072382844692,456.1064239418826,456.2341323962706,220.87164372724297
7284,0.02153331186928435,456.02019779880044,456.02019779880044,456.04173111066973,220.63110845153423
7285,0.040628705613634034,456.0343914320936,456.06579523626897,456.1064239418826,220.65548654329842
7286,0.05377760994271675,456.0581704595121,456.2341323962706,456.2879100062133,220.87214814007652
7287,0.04648168475981505,456.11001802875955,456.11001802875955,456.1564997135194,220.73483979687023
7288,0.10389093480553731,456.15239844704615,456.9658211409428,457.08965324863203,221.65657410956422
7289,0.028231563411481395,456.17496726846844,456.17496726846844,456.20319883187994,220.64522468515
7290,0.07591176002076512,456.2861134748895,456.2879100062133,456.52310307760916,220.91642543568176
7291,0.020845312655664746,456.2901858050521,456.2901858050521,456.3286881743383,220.68633076219075
7292,0.017657056630577466,456.2905864628366,456.2905864628366,456.30824351946717,220.65360642632095
7293,0.005557581746131105,456.34099690142835,456.34099690142835,456.3465544831745,220.707855463898
7294,0.04197477443867042,456.34164601178554,456.3547409355931,456.39671571003174,220.72698126370284
7295,0.008186452418631567,456.3461535743204,456.3465544831745,456.3547409355931,220.6621226021248
7296,0.05835950207271567,456.3959438516012,456.39671571003174,456.4550752121045,220.69540979189063
7297,0.08275928931357293,456.490672095787,456.55742995004323,456.6401892393568,220.92631721720738
7298,0.006700631412825986,456.4945707648905,456.4945707648905,456.5012713963033,220.78414337679155
7299,0.03432687243406584,456.5138525404691,456.52310307760916,456.55742995004323,220.80855203809924
7300,0.08556677744244848,456.63467076189994,456.6401892393568,456.7544090077447,220.99959622182567
7301,0.028652990945427243,456.6821479957538,456.6821479957538,456.7108009866992,220.94353343256444
7302,0.053828538465685014,456.7213786627402,456.7544090077447,456.80823754621036,220.98873903841212
7303,0.03525288806036668,456.8554188328438,456.8554188328438,456.89067172090415,221.09093347835483
7304,0.03515621455202084,456.88087942855054,456.89067172090415,456.9258279354562,221.0998846299646
7305,0.019941172883690735,456.9705495725295,456.9705495725295,456.9904907454132,221.16710309704246
7306,0.032983072568267484,457.08068362554354,457.08965324863203,457.1226363212003,221.23443836094688
7307,0.09855853750764647,457.0969363739912,457.1226363212003,457.236385435148,221.2794291587306
7308,0.015190576440116595,457.1243307972722,457.1243307972722,457.1395213737123,221.16948640668818
7309,0.18942971129384822,457.1824017914497,462.55849232318167,462.7479220344755,226.62280854673688
7310,0.04280236122008263,457.29049485483495,457.29049485483495,457.33329721605503,221.26497001363276
7311,0.10907391647919626,457.3790356929347,457.43095671446156,457.54003063094075,221.31884752535817
7312,0.06686510980927747,457.51027904283137,457.54003063094075,457.61267457129617,221.37840512021768
7313,0.005778830546175385,457.5656136465446,457.5656136465446,457.57139247709074,221.35828289498974
7314,0.06949708741733564,457.5765477000011,457.61267457129617,457.6821716587135,221.41283431288468
7315,0.0841327101222887,457.6252455977013,457.6821716587135,457.8335155116986,221.58634071784465
7316,0.01612029636074082,457.68508719682916,457.68508719682916,457.7012074931899,221.44891346606596
7317,0.030896193586747837,457.71918796951115,457.71918796951115,457.7500841630979,221.39002222356123
7318,0.08859089440741791,457.77474102682817,457.8335155116986,457.922106406106,221.5632720666449
7319,0.02019465291535069,457.7889258066506,457.7889258066506,457.8091204595659,221.414012811573
7320,0.05497288737365787,457.90613249045276,457.922106406106,457.9770792934797,221.33555378595057
7321,0.0846187451794992,457.9831049987208,457.9831049987208,458.06772374390033,221.31543611611886
7322,0.023184442730666412,458.1334419235413,458.1334419235413,458.1611078441784,221.47064472895724
7323,0.004481477906461712,458.1375385898232,458.1375385898232,458.1420200677296,221.43242200979762
7324,0.04818538859361152,458.16622929513386,458.16622929513386,458.22939093782037,221.46484227974614
7325,0.014976254092892502,458.18647000942343,458.18647000942343,458.20144626351635,221.43843463236172
7326,0.09396826397599178,458.2124154113671,458.68786833343887,458.78183659741484,221.892022854285
7327,0.05240621742486203,458.2440544286606,458.2440544286606,458.29646064608545,221.47125365993702
7328,0.14842753589443153,458.2761135357167,458.78183659741484,458.93026413330927,222.06731203175136
7329,0.02266340053060077,458.32560383014294,458.32560383014294,458.3482672306735,221.33677407787755
7330,0.07926600713659124,458.37229919060957,458.390571145119,458.4698371522556,221.45961191992325
7331,0.007364563150960017,458.3761972257483,458.383206581968,458.390571145119,221.37582486665093
7332,0.40260608320058133,458.4224719650584,482.08126925345687,542.5818572143186,305.3371813057297
7333,0.0509720724586645,458.44642221823307,458.4698371522556,458.52080922471424,221.2512771368223
7334,0.08596885995351228,458.4551316279151,458.60189947348533,458.68786833343887,221.32437270621784
7335,0.07785919431081058,458.5049017567227,458.52080922471424,458.60189947348533,221.18307401868276
7336,0.00323105446027583,458.535159441443,458.535159441443,458.5383904959033,221.16266412776986
7337,0.11948749136673617,458.87561231972927,459.18410387437575,459.31130773871763,221.88728773022245
7338,0.07303057477574346,458.88717355528297,458.93026413330927,459.06462137698156,221.5267096216404
7339,0.07670105811783677,458.8904200270581,459.06462137698156,459.1413224350994,221.5955867150172
7340,0.0520424072152674,458.93554025153315,458.93554025153315,458.9875826587484,221.40531084455014
7341,0.009284261681266892,458.99445236676394,458.99445236676394,459.0037366284452,221.4488738042559
7342,0.04278143927629954,459.1162952660935,459.1413224350994,459.18410387437575,221.591734738122
7343,0.12463409599826698,459.23166329651247,459.31130773871763,459.4482357197771,221.85614504876136
7344,0.007716372975169588,459.2679969386898,459.2679969386898,459.27571331166496,221.68993805907493
7345,0.012293885061179746,459.31724683153885,459.31724683153885,459.32954071660004,221.72578744539956
7346,0.04873934326281773,459.425520389907,459.4482357197771,459.4969750630399,221.85434394101188
7347,0.2002222956786758,459.4812855501686,464.1318760314549,464.4148397391259,226.64777376028016
7348,0.11777140575470459,459.4817334923498,459.4969750630399,459.6201730812619,221.91354121158975
7349,0.005426612467303918,459.53538500808025,459.53538500808025,459.5408116205476,221.8245558189608
7350,0.14140906208250606,459.5841696589499,459.6201730812619,459.99726137546565,222.2329967893771
7351,0.08832452640605973,459.6452700675415,459.6452700675415,459.7574684328271,221.84193678348046
7352,0.08283717371880682,459.68391838687756,459.7574684328271,459.88094929966275,221.84368140954507
7353,0.023873838879586298,459.70416353618765,459.70416353618765,459.72803737506723,221.68528650875476
7354,0.04064369311677935,459.78884031823,459.78884031823,459.8294840113468,221.69937851330502
7355,0.17398008152528796,459.98930940901954,460.36877237380287,462.24484731243984,224.07554420632167
7356,0.15153533727282686,459.99148408720185,459.99726137546565,460.27279218347456,221.98948745539641
7357,0.030098822338479665,460.04182222852575,460.04182222852575,460.0719210508642,221.843783276957
7358,0.027005221056464163,460.08306237340696,460.08306237340696,460.11006759446343,221.83813654259689
7359,0.03821104626872268,460.0938995342317,460.13874797553586,460.1769590218046,221.8526921261975
7360,0.02868038107241465,460.104695427539,460.11006759446343,460.13874797553586,221.78277388942922
7361,0.09598019032828112,460.14811774719567,460.27279218347456,460.36877237380287,221.9395342137097
7362,0.48263308554622414,460.159138229827,619.3799344843183,621.7940377025375,382.8023946697166
7363,0.14450023024099057,460.3782533647916,460.3782533647916,460.87912347160346,222.19467203256755
7364,0.02988733537096318,460.3793213708566,460.3793213708566,460.40920870622756,221.69572227377262
7365,0.08348225355967688,460.4021660354426,460.40920870622756,460.50018617059015,221.7743402984923
7366,0.007495210802939605,460.4393893339893,460.4393893339893,460.4468845447922,221.5218332696179
7367,0.06997539529818415,460.48872014623026,460.50018617059015,460.5701615658883,221.55910022055653
7368,0.011400715627927787,460.5853052714337,460.5853052714337,460.5967059870616,221.58845984062933
7369,0.030386197943318732,460.6349467523677,460.6349467523677,460.665332950311,221.62871539418708
7370,0.026840804459996773,460.65142031743324,460.665332950311,460.692173754771,221.61644004220693
7371,0.015009359146642863,460.67923962948385,460.692173754771,460.7071831139176,221.6197968553734
7372,0.054715873378590886,460.73707731897724,460.73707731897724,460.79179319235584,221.63898534084393
7373,0.07116616492107032,460.79790745382036,461.1946113676594,461.29673787305967,222.13885254462937
7374,0.027176730982715218,460.80172839169995,460.80172839169995,460.82890512268267,221.6062449074475
7375,0.04807460935833066,460.87299126299035,460.87912347160346,460.9271980809618,221.67922948727823
7376,0.06237265462410138,460.88910815129253,460.9271980809618,461.00070366684173,221.7243616159963
7377,0.005512093594540487,460.94921073637653,460.94921073637653,460.95472282997105,221.65439392175605
7378,0.005620837661350994,460.9530009841867,460.95472282997105,460.9603436676324,221.63099421682102
7379,0.03336880413185056,460.97921113156355,461.00070366684173,461.03407247097357,221.65577374726018
7380,0.0583811339938893,461.02441079913723,461.03407247097357,461.09245360496743,221.6612593954522
7381,0.06822992820027403,461.02887137279737,461.1144632270388,461.18269315523906,221.75010839368983
7382,0.022009622071386497,461.08306510639164,461.09245360496743,461.1144632270388,221.64014473071427
7383,0.011918212420334088,461.17371043030005,461.18269315523906,461.1946113676594,221.65698159281482
7384,0.08175148549472525,461.1759375756194,461.33975404709963,461.4215055325944,221.84677126771263
7385,0.030960340479218765,461.231662653533,461.231662653533,461.26262299401225,221.60461806060135
7386,0.04301617403997948,461.2834402924789,461.29673787305967,461.33975404709963,221.6585835722838
7387,0.10063715384636199,461.2849219714836,461.4215055325944,461.52214268644076,221.79839394680604
7388,0.16105219091205086,461.4180835470419,461.8438385641159,462.004890755028,222.11812991012152
7389,0.08692289459124279,461.45594120450716,461.52214268644076,461.7389134939945,221.98338749388742
7390,0.06890902186044678,461.5244120795634,461.5244120795634,461.59332110142384,221.80895963323488
7391,0.027831946329476505,461.58984392908536,461.59332110142384,461.62411899615773,221.82532934301418
7392,0.0029659484044415453,461.6178879603208,461.6178879603208,461.6208539087252,221.80062182491503
7393,0.030140996368165737,461.6361114020493,461.6361114020493,461.6662523984175,221.7723738729612
7394,0.045999270845679174,461.72848557564015,461.7389134939945,461.7849127648402,221.91426069464347
7395,0.05767860195665865,461.7819957977162,461.7861599621593,461.8438385641159,221.87108847324373
7396,0.001247197319066507,461.78444477372466,461.7849127648402,461.7861599621593,221.84980713688293
7397,0.2203964319102017,461.7904851315691,465.0608173343709,465.3290387936257,225.344155296623
7398,0.1707325187806441,461.79685537808416,462.3207421827476,462.55849232318167,222.51014158514042
7399,0.07545746687529216,462.0814084288397,462.0814084288397,462.156865895715,222.09223745872308
7400,0.04420928023112279,462.2430562176718,462.24484731243984,462.289056592671,222.27217904717244
7401,0.03168559007660211,462.2613500172891,462.289056592671,462.3207421827476,222.26725433477867
7402,0.04074665189440769,462.41486055636705,462.41486055636705,462.48187817802045,222.43254053374542
7403,0.026270969759014207,462.42807182187875,462.42807182187875,462.45434279163777,222.39445732997513
7404,0.1782712883971469,462.627921323064,462.7479220344755,463.098383428385,223.04574227403162
7405,0.11055913828193278,462.78114965415807,462.78114965415807,462.9153863900418,222.85857121284107
7406,0.008278030568796977,462.80998127797614,462.80998127797614,462.81825930854495,222.77718993205707
7407,0.005542672572963521,462.8152148917699,462.81825930854495,462.8238019811179,222.75857147570187
7408,0.22284745021392727,462.87006837156457,465.3290387936257,470.2713435788707,230.06820952403382
7409,0.009856894460013966,462.88673927809396,462.88673927809396,462.896596172554,222.7782610914321
7410,0.03795336962861368,462.89290378962073,462.9153863900418,462.9533397596704,222.7932816627387
7411,0.10062636318110924,463.0090892889504,463.16479480187127,463.31414424929983,223.16901256069272
7412,0.05202524062094244,463.07935676593524,463.098383428385,463.16479480187127,222.98142591929764
7413,0.014386132865349836,463.1151505119597,463.1151505119597,463.12953664482507,222.95926821561505
7414,0.04318717153846355,463.1677908490844,463.1677908490844,463.21097802062286,222.98120191886346
7415,0.16007396038955624,463.2688517231009,463.41361568788193,464.1318760314549,223.82086252941994
7416,0.04368553386464493,463.2750101290578,463.3699301540173,463.41361568788193,223.1589083714033
7417,0.03809742068265237,463.2958455526916,463.31414424929983,463.35380313805,223.11881395161865
7418,0.005535912708987783,463.296629655789,463.296629655789,463.30216556849797,223.02251211996273
7419,0.0009472232365683102,463.32325663066456,463.32325663066456,463.3242038539011,223.032324461942
7420,0.016127015967318553,463.3391064628573,463.35380313805,463.3699301540173,223.0459320523014
7421,0.0006142448309828465,463.3483510964213,463.3483510964213,463.34896534125227,223.02992354580664
7422,0.1099808908621076,463.41581501901913,463.41581501901913,463.6217169285942,223.23784066418716
7423,0.024613731666770108,463.4370132949341,463.4370132949341,463.46162702660087,223.10006760598216
7424,0.07130728704617931,463.4453685587412,463.46162702660087,463.53293431364705,223.06371785317577
7425,0.15187724091368643,463.56257058867305,463.6217169285942,463.8282169614518,223.38462943510436
7426,0.047163067062924335,463.6514799106474,463.6514799106474,463.69864297771034,223.19562862766855
7427,0.007459724881041565,463.6989682735976,463.6989682735976,463.7064279984786,223.2328020470746
7428,0.09170214010340046,463.73939150782604,463.88229926209914,463.97400140220253,223.3911743427069
7429,0.05408230064731836,463.82096772376207,463.8282169614518,463.88229926209914,223.28850104178392
7430,0.21741021205428085,464.0125533199628,464.58506373976644,464.92155885454537,224.2361472546834
7431,0.02702218859474118,464.16597011128766,464.16597011128766,464.1929922998824,223.46773431012525
7432,0.014472196142258203,464.19660737939864,464.19660737939864,464.2110795755409,223.49077218289415
7433,0.03380553901309148,464.21946576917884,464.21946576917884,464.2532713081919,223.5095116435155
7434,0.007441488242262723,464.2543627653553,464.2543627653553,464.2618042535976,223.534968017219
7435,0.15579481829494152,464.30423169062516,464.4148397391259,464.58506373976644,223.79755499089345
7436,0.014429182345549497,464.5128181866102,464.5128181866102,464.5272473689558,223.76532134134953
7437,0.011019464946484078,464.59527755489717,464.59527755489717,464.6062970198436,223.8405910548289
7438,0.01048066041353361,464.61733138351946,464.61733138351946,464.627812043933,223.85875222116533
7439,0.014337216857573965,464.65988027477704,464.65988027477704,464.67421749163464,223.89677738792963
7440,0.007703404924086583,464.72217671464347,464.72217671464347,464.72988011956755,223.9569297775756
7441,0.013106380791608276,464.72936360090387,464.72988011956755,464.74298650035917,223.95631121214848
7442,0.06243777479136873,464.76441392203213,464.76441392203213,464.8268516968235,223.99953809187102
7443,0.10130373892701908,464.77978354685223,464.92155885454537,465.0228625934724,224.21340646374028
7444,0.03795474089850288,464.99630209403256,465.0228625934724,465.0608173343709,224.16846332678372
7445,0.035932086785665146,465.07713185658247,465.07713185658247,465.11306394336816,224.21433947253226
7446,0.008012658615026497,465.2281644125292,465.2281644125292,465.23617707114425,224.32470635000175
7447,0.0038802819438918954,465.31201160755916,465.31201160755916,465.31589188950306,224.37425195437717
7448,0.06566717247960445,465.3456782572797,465.3456782572797,465.4113454297593,224.40529131478917
7449,0.092672130603327,465.3618358243433,465.4113454297593,465.5040175603626,224.5149915898263
7450,0.12478069398723247,465.3619471221121,465.69742682022974,465.822207514217,224.81835609243777
7451,0.02271935191843783,465.49277914748734,465.5040175603626,465.5267369122811,224.5164726410422
7452,0.03458646613682876,465.5115798109232,465.5267369122811,465.5613233784179,224.54291144922766
7453,0.06173247087760802,465.54573558024714,465.5613233784179,465.69742682022974,224.58385886380947
7454,0.038659679615486886,465.5618709857737,465.5618709857737,465.6236598991679,224.5304476552415
7455,0.023129233778737907,465.5744144686131,465.5744144686131,465.5975437023918,224.4486810390397
7456,0.14504223280427622,465.6138048592808,465.822207514217,466.4703112801325,225.33271569636463
7457,0.012582057540031484,465.63738055433754,465.63738055433754,465.6499626118776,224.51739769487102
7458,0.18919194736910744,465.6445312762863,468.28215878968297,468.7480363054972,227.59098841810922
7459,0.19126489535246605,465.76532792700715,468.771578756452,469.19944528713853,227.99142767620927
7460,0.1523125952358551,465.8076427722129,466.7820482378583,467.14772807522775,225.96573185766903
7461,0.09870634709723448,465.85704177205037,465.85704177205037,466.08559614306444,224.80076178841168
7462,0.07515050210849954,465.85840469859926,465.85840469859926,465.9620726831575,224.70203318231458
7463,0.028517482449711036,465.89530164455647,465.89530164455647,465.9238191270062,224.6623309459649
7464,0.1066879649322202,465.91625225447245,466.08559614306444,466.2001783149298,224.93586844629564
7465,0.024692721645788788,465.94875825440573,465.9620726831575,465.9867654048033,224.621037959481
7466,0.0014873177127978827,466.0145694579825,466.0145694579825,466.0160567756953,224.67353473430595
7467,0.07682440793849467,466.1505544708455,466.27502742021403,466.3518518281525,224.90537378791367
7468,0.007894206933166146,466.1712010617544,466.1712010617544,466.17909526868755,224.7849181200189
7469,0.0748491052842408,466.1993763359955,466.2001783149298,466.27502742021403,224.7908431247184
7470,0.008251477009066161,466.430337143383,466.430337143383,466.43858862039207,224.9881483723437
7471,0.10980602320772337,466.45844912593805,466.4703112801325,466.6379887090125,225.08521941610385
7472,0.08449513349847394,466.512494453299,466.6379887090125,466.7820482378583,225.22533438242272
7473,0.03967550797043833,466.5174433790983,466.5174433790983,466.573481919557,225.06438404457072
7474,0.016363032488260997,466.5367283751081,466.5367283751081,466.55309140759636,225.0283637360212
7475,0.0018328652135942071,466.5727486836576,466.573481919557,466.5753147847706,225.05746465988776
7476,0.03554168522998253,466.64938364827526,466.64938364827526,466.68492533350525,225.12903738736873
7477,0.015265290142304065,466.68559953090784,466.68559953090784,466.7008648210501,225.1561137852102
7478,0.00875741997505882,466.7066723311144,466.7066723311144,466.71542975108946,225.12650929295737
7479,0.05399320824179143,466.80831076715634,466.80831076715634,466.8623039753981,225.11953615009233
7480,0.018828531820481484,466.88849099616215,466.88849099616215,466.9073195279826,225.2042079454319
7481,0.055347190273235466,466.898315953952,466.9073195279826,466.96266671825583,225.21085522762883
7482,0.1856081487798999,466.96966152006956,468.09655064090305,468.28215878968297,226.36346503681955
7483,0.04293655419885698,466.98717715812376,466.98717715812376,467.0301137123226,225.22786360397305
7484,0.035838537834382025,467.0394615070132,467.0394615070132,467.07530004484755,225.288264966644
7485,0.11767636261813495,467.05081647597865,467.3481866116626,467.4658629742807,225.57970146575573
7486,0.006423219764961362,467.10125847940594,467.10125847940594,467.1076816991709,225.30597543029998
7487,0.08765513255539371,467.14133441217194,467.14772807522775,467.32759239792097,225.50330086948438
7488,0.18276524930602076,467.15531029755465,467.4658629742807,468.09655064090305,226.18032852150168
7489,0.0378624733467698,467.1611652220888,467.1611652220888,467.2010415866458,225.33095682638248
7490,0.0020138912101875725,467.16751996514216,467.16751996514216,467.16953385635236,225.32349116056827
7491,0.03287695505452296,467.2117349043872,467.2117349043872,467.2446118594417,225.37849301361607
7492,0.019455870526395688,467.2431989754387,467.2446118594417,467.2640677299681,225.3792000110181
7493,0.020594213741630174,467.30804436497743,467.32759239792097,467.3481866116626,225.44882548208633
7494,0.02640173073582904,467.4730213518166,467.4730213518166,467.4994230825524,225.58323912977198
7495,0.13077170783758718,467.5090150765094,467.5090150765094,467.67529546266724,225.69463144003527
7496,0.03550867832022237,467.55427283718956,467.55427283718956,467.5897815155098,225.63488417489185
7497,0.12780729207658134,467.70186559825135,467.70186559825135,467.8389931167833,225.88057697887788
7498,0.009320226455364383,467.79833175637305,467.79833175637305,467.8076519828284,225.85014462262194
7499,0.04448200618827881,467.84643299491006,467.84643299491006,467.89091500109834,225.85398419394127
7500,0.0483386712847461,467.926831324551,467.926831324551,467.97516999583576,225.92766434908688
7501,0.02529210441769446,467.9502265941426,467.97516999583576,468.00046210025346,225.9268867728069
7502,0.032148308673074555,468.3293023580265,468.3293023580265,468.36145066669957,226.3089119135566
7503,0.0046875409871616775,468.35861551257847,468.36145066669957,468.36613820768673,226.30029366305192
7504,0.07986438426186408,468.3860134568047,468.3860134568047,468.4690928947551,226.36970751402845
7505,0.09214612315177803,468.39473427502566,468.53371705243774,468.62586317558953,226.4977922657564
7506,0.003215053688549028,468.4479973855526,468.4479973855526,468.45121243924115,226.33576505837064
7507,0.06462415768263803,468.4534810587869,468.4690928947551,468.53371705243774,226.3149541001751
7508,0.235048752571402,468.6086658721827,478.11848880943734,478.4704412601223,236.3076058099218
7509,0.023542450954853404,468.7305237756608,468.7480363054972,468.771578756452,226.58531105394894
7510,0.05700427315781991,468.80718764310194,468.80718764310194,468.8682110613254,226.6487008270339
7511,0.004019145065629278,468.850077010687,468.850077010687,468.85409615575264,226.6110841109536
7512,0.025190437130368993,468.8867766799916,468.8867766799916,468.911967117122,226.6534312022117
7513,0.09086986394746331,468.8924840664956,468.911967117122,469.0514695516962,226.77571723445084
7514,0.04863257062669057,468.91435128052876,468.91435128052876,468.96298385115546,226.63644757828445
7515,0.14865245301358054,469.0221854272567,469.19944528713853,469.54716990200177,227.19218423101245
7516,0.010885345406067727,469.12504577187775,469.12504577187775,469.1359311172838,226.79150834484838
7517,0.04245056975299443,469.23622830885347,469.23622830885347,469.27867887860646,226.87086011464737
7518,0.023060564371931908,469.27820056607345,469.27867887860646,469.3017394429784,226.85947496810073
7519,0.01436511966673603,469.3715457840401,469.3715457840401,469.3859109037069,226.948993570273
7520,0.03628674590005239,469.3817296493766,469.3859109037069,469.4221976496069,226.97127804008645
7521,0.03805459145250913,469.4196086829476,469.4221976496069,469.46025224105944,226.97671208461176
7522,0.03444435882896651,469.44885747570544,469.46025224105944,469.4946965998884,226.9847469374942
7523,0.010410211876422425,469.5137442887296,469.5137442887296,469.524154500606,227.00108236165835
7524,0.038866898280138694,469.5506697421305,469.5506697421305,469.58953664041064,227.06596770534105
7525,0.06650246031317429,469.57859374489647,469.70945408559845,469.8110343286724,227.2526333184644
7526,0.06623824532676058,469.5816365680851,469.58953664041064,469.70945408559845,227.11520779864136
7527,0.05367919986105718,469.5914550316703,469.5914550316703,469.64513423153136,226.99253358686667
7528,0.08526127305799248,469.7069370498798,469.8110343286724,469.8962956017304,227.24014238620393
7529,0.03507778276078943,469.74069535080037,469.74069535080037,469.77577313356113,227.08738915630673
7530,0.04862015529859072,469.8614176112073,469.8962956017304,469.944915757029,227.193548685862
7531,0.20234643954395523,469.9484182354869,470.2713435788707,470.489971195838,227.69823554159657
7532,0.02258517155797249,470.01332358337027,470.01332358337027,470.03590875492824,227.2679967291222
7533,0.07591461853972015,470.0234951890146,470.061128640241,470.13704325878075,227.28491008360962
7534,0.02521988531275201,470.0300980496553,470.03590875492824,470.061128640241,227.24045576476027
7535,0.01628117742333927,470.3429176973736,470.3429176973736,470.35919887479696,227.49310353869288
7536,0.11964370590116198,470.40830939865856,470.489971195838,470.70811320890886,227.79731565773164
7537,0.008924118412847145,470.52220984477987,470.52220984477987,470.5311339631927,227.65324140101654
7538,0.0328751605358221,470.55116659420287,470.55116659420287,470.59415622107326,227.68057328372328
7539,0.010114466334591999,470.554412325511,470.554412325511,470.5645267918456,227.66235796289627
7540,0.07320757764130457,470.55750144751215,470.84967343794364,470.92288101558495,227.91830565750158
7541,0.06911827382404026,470.5588963517294,470.70811320890886,470.7866231925697,227.73501817022444
7542,0.21523936368682442,470.56637673334615,477.897608178553,478.11848880943734,235.10721198356606
7543,0.04524076814700699,470.6119261090369,470.6119261090369,470.65851067092336,227.61858044872503
7544,0.0013437937394524852,470.63848468801456,470.63848468801456,470.639828481754,227.6082173746511
7545,0.00939170983683977,470.7132641907718,470.7132641907718,470.72265590060863,227.6783881186739
7546,0.20512381142213168,470.7219797849395,472.6799595113332,473.3614650184869,230.1662946257527
7547,0.0630502453739138,470.7396777129979,470.7866231925697,470.84967343794364,227.69952648970676
7548,0.14155985972249274,470.78932841772144,470.92288101558495,471.80970266567414,228.58310802697773
7549,0.1447250903200963,470.84092374883335,471.80970266567414,472.02908448592143,228.8781302709774
7550,0.09663353778682116,470.9230148806415,470.9230148806415,471.1494475153078,227.9815504036055
7551,0.051539858988646346,470.9425798786136,470.9425798786136,470.99411973760226,227.78125571452128
7552,0.06009926481861438,471.00338714897913,471.00338714897913,471.06348641379776,227.81419890171938
7553,0.01815997307223678,471.0990835564053,471.0990835564053,471.1172435294775,227.88022268355934
7554,0.10984351998058292,471.14284042962817,471.1494475153078,471.2592910352884,227.84372526685658
7555,0.12427966263479565,471.2658656126973,471.2658656126973,471.50690879184435,228.13796095684677
7556,0.0766865030131514,471.2735563360686,471.2735563360686,471.3502428390818,227.9254828878685
7557,0.04007701349905028,471.3193255351695,471.3502428390818,471.39031985258083,227.95350705912676
7558,0.0408298063431777,471.46673539638584,471.50690879184435,471.54773859818755,228.07677709872053
7559,0.049991957512210854,471.5694873269951,471.5694873269951,471.6194792845073,228.08122906886547
7560,0.027066677153069783,471.65353541017583,471.65353541017583,471.6806020873289,228.14416518776673
7561,0.050054015564298455,471.6611744014657,471.6806020873289,471.7306561028932,228.15431635214074
7562,0.027821691727749977,471.8459585067001,471.8459585067001,471.8737801984278,228.33148172236696
7563,0.16618722230490923,471.87011462192913,472.3490490601385,472.60639749924513,228.94743491642714
7564,0.03754941478652517,471.9349356247454,471.9349356247454,471.9724850395319,228.31452362673892
7565,0.00928562341296499,471.98887751768484,471.98887751768484,471.9981631410978,228.35653155089656
7566,0.10871167720375839,472.0268505268136,472.02908448592143,472.1377961631252,228.39554560215097
7567,0.10813263054524533,472.05314559861233,472.1377961631252,472.2501640730096,228.51835469613792
7568,0.003104765319024639,472.1787575402812,472.1787575402812,472.18186230560025,228.4675967535549
7569,0.09888498712888565,472.20738534101594,472.2501640730096,472.3490490601385,228.48233991828704
7570,0.0011305140201107891,472.22669919693584,472.22669919693584,472.227829710956,228.4189074627964
7571,0.05930730841066723,472.37680268481284,472.37680268481284,472.4361099932235,228.55595376708834
7572,0.03185390839106126,472.50292013738033,472.50292013738033,472.53477404577137,228.5841682151376
7573,0.07356201208806248,472.55173329112074,472.60639749924513,472.6799595113332,228.66083062641013
7574,0.024146630460982366,472.68715068917294,472.68715068917294,472.7112973196339,228.73839352660815
7575,0.07858894997415597,472.7741813354328,472.7741813354328,472.8640165190519,228.87004304578846
7576,0.10412440089844976,472.7838451935823,472.8640165190519,473.06701356555584,229.10287332098395
7577,0.011246233644971923,472.79876153573633,472.79876153573633,472.8100077693813,228.80037422667897
7578,0.12581731428199003,472.8259157547361,473.06701356555584,473.2264164007034,229.0557177734066
7579,0.05885487965952277,472.88330496645847,472.88330496645847,472.96862098698125,228.82184868166473
7580,0.02646114086324402,472.89678364555107,472.89678364555107,472.92324478641433,228.73598568520376
7581,0.16107109824002455,472.97994222014495,473.3614650184869,473.6605411492801,229.48173683266236
7582,0.01355662508268836,473.0233784829905,473.0233784829905,473.0369351080732,228.8367573280954
7583,0.18022368933910543,473.06699498678535,474.8545617247458,475.23549248463246,230.99566505843393
7584,0.02025679632449616,473.08137737136207,473.08137737136207,473.10163416768654,228.75373507257905
7585,0.007504869067453171,473.10399902657355,473.10399902657355,473.111503895641,228.71835113336763
7586,0.005823855473585314,473.13434543825,473.13434543825,473.1401692937236,228.7160932124771
7587,0.007026314239618607,473.369241357279,473.369241357279,473.37626767151863,228.8797286549107
7588,0.0757580733663933,473.37326766209145,473.37626767151863,473.4579643867001,228.9440552010561
7589,0.004330671116026202,473.3832049769435,473.3832049769435,473.3875356480595,228.87186858686914
7590,0.0016079706990763149,473.45115359226605,473.45115359226605,473.4527615629651,228.8255287667471
7591,0.010105021210863279,473.4924281709174,473.4924281709174,473.5025331921282,228.8006841551241
7592,0.03917698192124214,473.5333042642752,473.5333042642752,473.57248124619645,228.82489720155644
7593,0.0900690515002885,473.59847047625993,473.8861980678904,473.98863940426463,229.23809184825024
7594,0.05806360940555383,473.61207811019705,473.6605411492801,473.7186047586857,228.95319401949357
7595,0.07995566696558681,473.6469959530428,473.7186047586857,473.79856042565126,228.97761710262589
7596,0.08763764223916454,473.6885567316752,473.79856042565126,473.8861980678904,229.0685609849891
7597,0.10945606937309238,473.8121499438099,473.98863940426463,474.1773081471732,229.39353950063878
7598,0.1265603944811111,473.8967131434899,474.5808203898353,474.81505706563564,230.03562807329834
7599,0.012372284873931012,473.95546332991995,473.95546332991995,473.9678356147939,229.18046789745324
7600,0.0541965297989381,474.00849877114786,474.00849877114786,474.0626953009468,229.20002951249464
7601,0.025016143736519225,474.10540327102916,474.10540327102916,474.1304194147657,229.2964789486059
7602,0.11914366996697208,474.14209262266377,474.1773081471732,474.5808203898353,229.66581288885124
7603,0.07421192497674427,474.1807942796961,474.1807942796961,474.25500620467284,229.22710705453935
7604,0.03268837584512208,474.26256764557763,474.26256764557763,474.29525602142274,229.20806271284778
7605,0.052150534916473625,474.27865274712656,474.29525602142274,474.3474065563392,229.26748231571153
7606,0.04930698210284528,474.3085205211028,474.3966029788762,474.44590996097907,229.31626469981057
7607,0.0491964225370254,474.3419108014761,474.3474065563392,474.3966029788762,229.11235626263283
7608,0.02681433231697523,474.4995003795314,474.4995003795314,474.5263147118484,229.21263968054012
7609,0.0021163778870043623,474.61205240080716,474.61205240080716,474.61416877869414,229.28039197618835
7610,0.07657898491084694,474.6247776060093,474.6247776060093,474.73033750944154,229.35053508081577
7611,0.028980918521427305,474.66909002810337,474.66909002810337,474.6980709466248,229.3143309596127
7612,0.010928087292130437,474.80820076727724,474.81505706563564,474.8259851529278,229.45630472538838
7613,0.022122647220677735,474.8105472027643,474.8259851529278,474.8545617247458,229.41322563922168
7614,0.006453924597336958,474.836144940738,474.836144940738,474.84259886533533,229.36755871641165
7615,0.0916415277964317,474.92419437793325,474.92419437793325,475.02006783340914,229.49641950492247
7616,0.004231927679498136,474.976561991701,474.976561991701,474.98079391938046,229.46418948734402
7617,0.1158428790870402,474.9856386176795,475.46583308823375,476.5468963342574,230.92672962126406
7618,0.042601445888117595,475.0592138333792,475.0592138333792,475.1150712838205,229.55530111368952
7619,0.013256004553157362,475.0621966281995,475.0621966281995,475.0754526327527,229.51510915530295
7620,0.04897616463037363,475.0776300159568,475.1150712838205,475.16404744845084,229.52049634642484
7621,0.08630052514262854,475.16780791353733,475.23549248463246,475.3600275470262,229.72796641893876
7622,0.08811149697852726,475.1837900234108,475.3600275470262,475.46583308823375,229.84170762750773
7623,0.03823453725111143,475.2723977894045,475.2723977894045,475.31063232665565,229.59775626697297
7624,0.2859133105814724,475.3292707595257,480.2787476032932,480.6550803497467,234.91471154639925
7625,0.017694044228998767,475.3985689051866,475.3985689051866,475.4162629494156,229.6509395616641
7626,0.15702382544154925,475.4532077472184,476.5468963342574,476.70392015969895,230.89738493282982
7627,0.09169033149730561,475.4688774205401,475.4688774205401,475.6184407546824,229.76232174154123
7628,0.04199608428806727,475.47813779408426,475.47813779408426,475.52013387837235,229.6158585367384
7629,0.09021880263707496,475.5469407071728,475.70429703477174,475.82747973759064,229.91742589805446
7630,0.09033357393033527,475.5554337929757,475.9904115889215,476.200495019483,230.2371361306959
7631,0.08585628008933156,475.5573726886713,475.6184407546824,475.70429703477174,229.70869149020774
7632,0.01587691835693276,475.5724342255421,475.5724342255421,475.58831114389903,229.65105987598065
7633,0.03296390018180097,475.74570342597866,475.74570342597866,475.7786673261605,229.78555060121286
7634,0.10067735388449804,475.79077572214806,476.3322575740311,476.4329349279156,230.35884401135203
7635,0.06486295192276663,475.80114558641804,475.8623046165004,475.92716756842316,229.8827459796542
7636,0.09380336627017269,475.8148039832601,476.200495019483,476.3322575740311,230.20252801138855
7637,0.03482487890979832,475.8162640286691,475.82747973759064,475.8623046165004,229.75180503192982
7638,0.1654632237486509,475.81762128725205,477.3760805003244,477.54154372407305,231.29599816203879
7639,0.057918900819803665,475.9198307065049,475.92716756842316,475.9904115889215,229.83004057288386
7640,0.005325119678562754,475.94581305922173,475.94581305922173,475.9511381789003,229.80704118146295
7641,0.025433675597552337,476.0271185239789,476.0271185239789,476.05255219957644,229.7616646644371
7642,0.03521083553886363,476.04287417600153,476.05255219957644,476.0877630351153,229.7988211114591
7643,0.02846394465023591,476.07402616894615,476.11840443595986,476.1468683806101,229.81606581029047
7644,0.010369879029703077,476.08289742812946,476.0877630351153,476.098132914145,229.77972543890215
7645,0.020271521814844585,476.09502090122965,476.098132914145,476.11840443595986,229.7677250832245
7646,0.0379591882779053,476.2277627894882,476.2277627894882,476.26572197776613,229.89155768744482
7647,0.1760799078091455,476.33721285539906,477.54154372407305,477.8031764872324,231.42328201827488
7648,0.0011628595610543707,476.4429582230655,476.4429582230655,476.44412108262657,230.0678586366522
7649,0.07380713582954394,476.6971666221154,476.70392015969895,476.7777272955285,230.32611916134874
7650,0.14982240500329747,476.7038811257757,476.7777272955285,477.218982804749,230.80380811799915
7651,0.10263194151232292,476.79800833841267,476.79800833841267,476.90461947265123,230.46623364679863
7652,0.00397919272627372,476.8203580537937,476.8203580537937,476.82433724652,230.36229157620272
7653,0.10285513536269049,476.89610547843864,476.90461947265123,477.0074746080139,230.4302554989823
7654,0.06784252855041902,477.0085858016414,477.0085858016414,477.0772254749008,230.54438062619508
7655,0.0007971447089336483,477.02427702463507,477.02427702463507,477.025074169344,230.5433479515967
7656,0.013327161356525822,477.0939660294417,477.0939660294417,477.1072931907982,230.59718627486666
7657,0.05799380610588593,477.2165853369463,477.218982804749,477.2769766108549,230.73959229890005
7658,0.09910388946952202,477.27548441722695,477.2769766108549,477.3760805003244,230.7046475323788
7659,0.0006076262386655696,477.5473232715282,477.5473232715282,477.5479308977669,230.9318280126704
7660,0.01780956123417207,477.6123016119148,477.6123016119148,477.630111173149,230.99609272400818
7661,0.007808095344725587,477.66247717232153,477.66247717232153,477.67028526766626,231.01575152654192
7662,0.0944316913206199,477.67866626868397,477.8031764872324,477.897608178553,231.08980732424217
7663,0.02900592459271897,477.691926446669,477.691926446669,477.7210540108643,230.981743258445
7664,0.00012163960257399437,477.7164189290337,477.7164189290337,477.7165405686363,230.97210163644473
7665,0.030200008337351134,477.7297367850903,477.7297367850903,477.7599367934277,230.9242691847295
7666,0.005104685642754512,478.02159844559236,478.02159844559236,478.02670313123514,231.14230457886887
7667,0.0005365815547433203,478.1152499315946,478.1152499315946,478.1157865131493,231.2213763448648
7668,0.03660634524006575,478.1612648083055,478.1612648083055,478.1978711535455,231.24198090249746
7669,0.030412105245322184,478.25086269220236,478.25086269220236,478.2969280304812,231.35283267531815
7670,0.01565323303350787,478.25956308250505,478.25956308250505,478.27521631553856,231.27591691414253
7671,0.03423201459469759,478.3671189553032,478.3671189553032,478.4013509698979,231.35469349850166
7672,0.13982993630454968,478.46394944106214,478.4704412601223,478.6589129268124,231.55985533695684
7673,0.04864173038554573,478.52295503483526,478.52295503483526,478.5715967652208,231.4351367635078
7674,0.11096747775496366,478.5344253997048,478.73549408603674,478.86414377166386,231.67694085566464
7675,0.02742993075590009,478.6421096098889,478.6589129268124,478.68634285756826,231.52439364319602
7676,0.049151228468492555,478.67894134917236,478.68634285756826,478.73549408603674,231.50842037358308
7677,0.013070674871407765,478.78693448992686,478.78693448992686,478.804616697799,231.6153342398194
7678,0.184930074246502,478.7884411804867,479.00170396094353,479.2777323461785,232.04423521786865
7679,0.004611533000767639,478.7901896512474,478.7901896512474,478.7948011842481,231.5911413615526
7680,0.10225140212667555,478.81308069603347,478.86414377166386,478.98119563462313,231.75115278811126
7681,0.00356138002403344,478.91913545326344,478.91913545326344,478.9226968332875,231.59840415325894
7682,0.011239080808526496,478.9394590880006,478.9394590880006,478.95069816880914,231.59812665410894
7683,0.02050832632038521,478.96831921500103,478.98119563462313,479.00170396094353,231.5897851074281
7684,0.012377986854943882,479.09517373054325,479.09517373054325,479.1075517173982,231.70207085942772
7685,0.020091266070582314,479.09622434519935,479.1075517173982,479.1345297828753,231.67797163015692
7686,0.05082227906364082,479.11031022900045,479.1345297828753,479.18535206193894,231.52410417598372
7687,0.006886799406478179,479.1131188134791,479.1131188134791,479.12000561288556,231.47392951769487
7688,0.000919979592758424,479.2134270354286,479.2134270354286,479.21434701502136,231.42709485050332
7689,0.2592494333819977,479.22566986512123,479.3236990153366,480.2367032395287,232.3975630383403
7690,0.045966669158106016,479.23946808586936,479.2777323461785,479.3236990153366,231.40732328642397
7691,0.12036378363063388,479.35229247769166,479.35229247769166,479.4726562613223,231.48082523900507
7692,0.08307250763032405,479.50242427754813,479.50242427754813,479.58549678517846,231.68984451394684
7693,0.06365735004271354,479.5735032734792,479.58549678517846,479.6491541352212,231.67304809566477
7694,0.0984367495415333,479.6014409134741,479.6491541352212,479.7501701138334,231.7830463170565
7695,0.06312596744962819,479.7028423661638,479.7501701138334,479.8133086458081,231.79569333700232
7696,0.0025792290706875072,479.7087246657866,479.7087246657866,479.7113038948573,231.7073467224928
7697,0.07817063289873806,479.73912724069294,479.8133086458081,479.964570973907,231.85890274793542
7698,1.25645250121562e-05,479.7677535360145,479.7677535360145,479.7677661005395,231.70648053348046
7699,0.015208230724247054,479.82202005739805,479.82202005739805,479.8372282881223,231.73649129544327
7700,0.0578834644759433,479.8295785600147,479.8372282881223,479.8951117525982,231.65602120738404
7701,0.013688213738242147,480.01388628119815,480.01388628119815,480.0275744949364,231.83053314424043
7702,7.99384195878128e-05,480.0371116423029,480.0371116423029,480.03719158072244,231.80007467517524
7703,0.03512753001215652,480.10716229724267,480.10716229724267,480.16463845590545,231.88830616874287
7704,0.022348628650603188,480.1163646888503,480.1163646888503,480.1387133175009,231.78141056735538
7705,0.042044363764481375,480.21494712913125,480.2367032395287,480.2787476032932,231.85131312985482
7706,0.04741011376111008,480.4617716122934,480.4617716122934,480.50918172605446,232.03587024624952
7707,0.12437483267912637,480.554542824379,481.3198242522956,481.49146574637854,233.01598507282375
7708,0.08770272195347895,480.5637123005545,480.69774814373466,480.8143531023612,232.24853826112775
7709,0.024390114114196768,480.58674505163293,480.58674505163293,480.6111351657471,232.04961470575466
7710,0.01692580981779726,480.60048034952,480.6111351657471,480.6297543737439,232.0764520774873
7711,0.0016933981789959123,480.6261263014827,480.6261263014827,480.6278196996617,232.07468746989375
7712,0.020208200756896617,480.6533433245569,480.6550803497467,480.6752885505036,232.057763604714
7713,0.022459593231067297,480.6665020591309,480.6752885505036,480.69774814373466,231.99810227348286
7714,0.028902236673086727,480.7098328315309,480.7098328315309,480.738735068204,231.96751065391146
7715,0.08905836457914668,480.7169983369542,480.8143531023612,480.9034114669404,232.11695647787914
7716,0.11201440864774001,480.78894976922015,480.953511833329,481.1163791119792,232.31889128663607
7717,0.05010036638863093,480.87940393412623,480.9034114669404,480.953511833329,232.10584824035547
7718,0.0016778924922680443,480.9680747986731,480.9680747986731,480.9697526911654,232.149245032848
7719,0.04800204153258327,481.00436475562094,481.00436475562094,481.0523667971535,232.11861880036824
7720,0.06615391944707427,481.01347771220736,481.1163791119792,481.18253303142626,232.24087002387753
7721,0.0011729359775946681,481.1050372560784,481.1050372560784,481.106210192056,232.19907777560167
7722,0.06296720253180542,481.1423899731905,481.18253303142626,481.24550023395807,232.30517554064977
7723,0.050093658907875066,481.2293292982887,481.24550023395807,481.3037958378445,232.3674353339645
7724,0.008201944978565068,481.2865422375172,481.2865422375172,481.2947441824958,232.3117730171545
7725,0.016028414451045418,481.2986593839705,481.3037958378445,481.3198242522956,232.27860432236454
7726,0.01626196690875519,481.32287233303464,481.32287233303464,481.3391342999434,232.27785317733486
7727,0.0310046944951201,481.4202902294879,481.4202902294879,481.45129492398297,232.37844257101318
7728,0.07811591398493625,481.4280992918114,481.49146574637854,481.57607821785876,232.483456433224
7729,0.0064965574952735704,481.4999962424147,481.4999962424147,481.50649279990995,232.38779433682853
7730,0.056857223953420286,481.5501308091249,481.57607821785876,481.6329354418122,232.39603408776594
7731,0.1408258460381895,481.5811897807114,481.73495179931086,482.08126925345687,232.71958701292053
7732,0.025391179339087955,481.6098859157168,481.6329354418122,481.6583266211513,232.36631181265417
7733,0.05569832165771578,481.6570292148983,481.6583266211513,481.7237821626716,232.3947797950243
7734,0.00975721986264949,481.7029233737797,481.7029233737797,481.71268059364235,232.38894090238784
7735,0.01116963663924572,481.7097226051982,481.7237821626716,481.73495179931086,232.3971801270034
7736,0.016156685515598276,481.74908281286434,481.74908281286434,481.76523949837997,232.4159738325106
7737,0.03290913856547976,481.7510884071958,481.76523949837997,481.81677450062506,232.44815103256332
7738,0.018625863679641086,481.77419326691216,481.77419326691216,481.7928191305918,232.42672242955715
7739,0.0656988337699353,481.8258803551448,481.8258803551448,481.9033524139755,232.51002374878522
7740,0.01177322506075011,481.84206076235193,481.84206076235193,481.85383398741266,232.47981372445105
7741,0.06032786151644207,481.86647061270315,481.9033524139755,481.9636802754919,232.52323873124362
7742,0.20135146985840666,482.0889312839015,482.0889312839015,482.48644937127955,232.94787466849294
7743,0.06180295251740231,482.1272470579467,482.1272470579467,482.2076080202745,232.71382333407203
7744,0.018558009810401673,482.1487846651374,482.1487846651374,482.1673426749478,232.68862372537262
7745,0.28335262484455953,482.15060741293786,482.48644937127955,486.86630871054615,237.34869948499642
7746,0.09620295313790345,482.2401004407691,482.2401004407691,482.3559060959609,232.83379222255363
7747,0.0075614238563148075,482.3069585619865,482.3069585619865,482.3145199858428,232.7935974976993
7748,0.01204127819763823,482.31650984264706,482.31650984264706,482.3285511208447,232.75120670924292
7749,0.03791437209596735,482.5508626433241,482.5508626433241,482.58877701542,232.98316426871776
7750,0.15731284922017613,482.56487456350544,482.58877701542,482.8159608442484,233.19040468640583
7751,0.008961095364700135,482.5938968796686,482.5938968796686,482.6028579750333,232.86062936967843
7752,0.029731034052341034,482.60960215731166,482.60960215731166,482.639333191364,232.8472780464692
7753,0.0030299980188925823,482.66909058601067,482.66909058601067,482.6721205840296,232.84976724244643
7754,0.028148852172208142,482.67652845138065,482.67652845138065,482.70467730355284,232.85720510781638
7755,0.1644151418922028,482.79286319336927,482.8159608442484,482.98037598614064,233.12949126342818
7756,0.13042701205962404,482.8692533250742,483.0290121073113,483.5771629903117,233.60801642769232
7757,0.04863612117065086,482.9693221758256,482.98037598614064,483.0290121073113,232.95986829013754
7758,0.007871484280394435,483.0363073078758,483.0363073078758,483.0441787921562,232.98917730229755
7759,0.03491474933750436,483.0382459654365,483.0441787921562,483.0790935414937,233.0026353880907
7760,0.1264534282306777,483.0642568402543,483.5771629903117,483.74614122948776,233.65590705174907
7761,0.03783485646509414,483.07449561580233,483.0790935414937,483.1169283979588,232.9380787579884
7762,0.05472408859880218,483.07951026806967,483.29187892619046,483.34660301478925,233.0490448781595
7763,0.048790706160006185,483.0953550987717,483.1519940123795,483.20078471853947,232.91099359517443
7764,0.035065614420645416,483.0955227133788,483.1169283979588,483.1519940123795,232.8233476526773
7765,0.04693782156965545,483.19144168146624,483.2449411046208,483.29187892619046,232.86611429857257
7766,0.04415638608131483,483.1943926896294,483.20078471853947,483.2449411046208,232.82195791249126
7767,0.07462365265245577,483.3933269896055,483.3933269896055,483.46795064225796,232.99774475953825
7768,0.14588138021656077,483.409705952971,484.04355711854845,484.2203375804141,233.74942777417021
7769,0.018070364026940296,483.46162116565677,483.46795064225796,483.4860210062849,233.00730749410886
7770,0.014734147347937281,483.4716322457506,483.4860210062849,483.50075515363284,233.00368325159587
7771,0.04252481094539814,483.6129649913963,483.6129649913963,483.6554898023417,233.1203919730893
7772,0.09095616960517768,483.6384346262517,483.9023035065739,484.0095245603599,233.45852084796888
7773,0.06522841547446363,483.74466032456064,483.74614122948776,483.82293449678053,233.2654383724831
7774,0.04528610257702798,483.7786785881923,483.8560060857923,483.9023035065739,233.36671623968178
7775,0.011564851818305324,483.7854845369694,483.7854845369694,483.79704938878774,233.1971692113634
7776,0.03307158901171688,483.7905176530215,483.82293449678053,483.8560060857923,233.2295860551224
7777,0.0010113182045907933,483.89731593778185,483.89731593778185,483.89832725598643,233.2470726792007
7778,0.01626488418081361,483.96029861695047,483.96029861695047,483.9765635011313,233.31444230511178
7779,0.03403255818853471,483.97385156284406,484.0095245603599,484.04355711854845,233.2595661843547
7780,0.017979532936364992,484.1017965999446,484.1017965999446,484.11977613288093,233.35183822393935
7781,0.01291954871273516,484.13867087746684,484.13867087746684,484.15159042617955,233.37403907314922
7782,0.04543401060074638,484.2059758273195,484.2333884528767,484.2788224634774,233.46875664855907
7783,0.01305087246258321,484.21330418028873,484.2203375804141,484.2333884528767,233.41750622807004
7784,0.10166255778647526,484.3138766155167,484.3138766155167,484.5439819358473,233.72791858978846
7785,0.07565036766061271,484.326093924095,484.326093924095,484.4017442917556,233.44622919785368
7786,0.04798677034835465,484.43052399116203,484.43052399116203,484.48331638604554,233.56908881049827
7787,0.12383230009393743,484.44884269251196,485.5182319384064,485.7443469321967,234.80625104730666
7788,0.19529300295773303,484.4506155037746,487.9182123149877,488.194025316809,237.14131348647646
7789,0.004805624535141384,484.45242038431775,484.45242038431775,484.4572260088529,233.50155630954478
7790,0.051675083465089325,484.5307499421325,484.5439819358473,484.5956570193124,233.6046595166323
7791,0.11067769583020899,484.559461464596,484.5956570193124,484.86222980864113,233.86767615263585
7792,0.04763600943699311,484.6424954264708,484.6424954264708,484.6901314359078,233.7098378555442
7793,0.03889058554989562,484.68190246028456,484.6901314359078,484.7591378072374,233.75453735213074
7794,0.03011578577967504,484.6970085929372,484.6970085929372,484.7271243787169,233.7209969546858
7795,0.03925271273197817,484.71467401241233,484.7591378072374,484.79839051996936,233.75131972208803
7796,0.09330489336606856,484.7292355352058,484.984964846746,485.07826974011203,234.03234988842055
7797,0.07906276071656608,484.8261580735225,484.86222980864113,484.9412925693577,233.87655114486776
7798,0.04367227738826807,484.9238226457798,484.9412925693577,484.984964846746,233.87499638219865
7799,0.18995632573033153,485.0510880803217,487.49924518403355,487.9182123149877,236.74432803169447
7800,0.10189176993511012,485.0615126489102,485.07826974011203,485.18731720350786,234.09065477971012
7801,0.12198229018135692,485.1006097963457,485.3052334437513,485.4831001889867,234.35678308131898
7802,0.007155693460732281,485.10759562228685,485.10759562228685,485.1147513157476,233.98745203805385
7803,0.05109560556453457,485.1774733137942,485.18731720350786,485.24441682476777,234.10817393707637
7804,0.0060040156953990575,485.2128017440427,485.2128017440427,485.2188057597381,234.02498693198007
7805,0.06081661898353444,485.24342726244606,485.24441682476777,485.3052334437513,234.05457071223475
7806,0.4042809761592058,485.3115152580337,564.2955847916388,567.4392928342494,316.1106222913307
7807,0.010232898143583342,485.3772538211202,485.3772538211202,485.38748671926373,233.9400085013788
7808,0.02812024458975717,485.40591918781894,485.40591918781894,485.45157074472945,233.98200012018094
7809,0.017531312320780083,485.4118464221334,485.4118464221334,485.4293777344542,233.93453955808155
7810,0.03513174941966465,485.453991741268,485.4831001889867,485.5182319384064,233.9477481863155
7811,0.02080787370843101,485.526130058512,485.526130058512,485.54693793222043,233.96581237622604
7812,0.07259635107929234,485.5603733957107,485.5603733957107,485.6354175244955,234.010763721015
7813,0.0024477777054521927,485.6009928569072,485.6009928569072,485.6034406346127,233.9994750916027
7814,0.004079499206841301,485.63814911775404,485.63814911775404,485.6445798089572,233.98112565049288
7815,0.0023511919962947206,485.6382878162475,485.6382878162475,485.6406390082438,233.96085777065446
7816,0.1172506646507057,485.6589556774264,485.97379361585297,486.1186186766167,234.38691219855744
7817,0.06368798558923153,485.718213066316,485.7443469321967,485.80803491778596,234.07810006714445
7818,0.07575850175473413,485.76128171264327,485.85316354213455,485.97379361585297,234.18811122553697
7819,0.045128624348582606,485.771802228971,485.80803491778596,485.85316354213455,234.07374396051546
7820,0.18214869085290217,485.7955135513211,486.34166301178533,486.6262182062277,234.7168353028836
7821,0.04487157196372653,485.8768925354818,485.8768925354818,485.9217641074455,234.07838575558748
7822,0.02757439611295494,486.03775157354204,486.03775157354204,486.065325969655,234.2328900271376
7823,0.28173874869891097,486.040648800112,499.06631855006924,499.34805729876814,247.51516109013303
7824,0.05356913450386833,486.0455555838633,486.1186186766167,486.1721878111205,234.29911994931715
7825,0.06563668296627219,486.0470286116338,486.20844760194365,486.2740842849099,234.39132094600015
7826,0.03625979082313297,486.14467973310207,486.1721878111205,486.20844760194365,234.2044475746743
7827,0.05918095684925854,486.27223709673785,486.28248205493605,486.34166301178533,234.23397882993606
7828,0.008397770026116694,486.27378242098456,486.2740842849099,486.28248205493605,234.18709352886262
7829,0.10240650358944954,486.38740749711866,486.38740749711866,486.4898140007081,234.2855780382077
7830,0.1441718914229678,486.6875813159745,487.0288349978003,487.18029740232447,235.0172521384188
7831,0.20243482837064408,486.6945585693795,490.52878787242116,490.8015715988109,238.56341935926196
7832,0.09175271738340102,486.74611671774437,486.86630871054615,487.0288349978003,234.7690626317237
7833,0.030930194338564157,486.7481688139773,486.7481688139773,486.7790990083159,234.56710371147247
7834,0.013666707635661548,486.7706446387768,486.7790990083159,486.79276571595153,234.54673644230516
7835,0.011608401583476077,486.82002349794027,486.82002349794027,486.83163189952376,234.54837382578384
7836,0.07077356987072354,486.86909051047326,486.86909051047326,486.93986408034397,234.5320829585308
7837,0.0010795113947184166,487.08247230123226,487.08247230123226,487.083551812627,234.69801684623434
7838,0.09352421638696225,487.0877364081247,487.27412671333065,487.36934121178655,234.86598820693735
7839,0.0013614267086257464,487.097228218618,487.097228218618,487.0985896453266,234.54806887350063
7840,0.004849574997878813,487.15253332527357,487.15253332527357,487.15738290027144,234.60171299569947
7841,0.05572904413039383,487.1640405244267,487.18029740232447,487.23602644645484,234.6723541328241
7842,0.038100266875790115,487.2236364326538,487.23602644645484,487.27412671333065,234.7190908034821
7843,0.2153049393439088,487.27378155280206,497.29235651854236,497.53060733477844,244.82811293709466
7844,0.001690282068909485,487.27852050696976,487.27852050696976,487.2802107890387,234.68111801868778
7845,0.07226353313296491,487.3258608244542,487.36934121178655,487.49924518403355,234.8637213401669
7846,0.012119683510548944,487.3997638331901,487.3997638331901,487.41188351670064,234.78858980814874
7847,0.03525467120365675,487.40762411076463,487.41188351670064,487.4471381879043,234.78361916570702
7848,0.2075534576268247,487.41093478716266,490.8015715988109,491.0091250564377,238.3497666260136
7849,0.01026608439986951,487.47428357693366,487.47428357693366,487.4845496613335,234.82606914985595
7850,0.08963674173058771,487.5148307970262,487.5148307970262,487.66023139876324,234.95096066187128
7851,0.041769096584305665,487.5541754690361,487.5541754690361,487.60993932904256,234.91570733588298
7852,0.013994763422165905,487.5627059856871,487.5627059856871,487.57670074910925,234.86807843410895
7853,0.03182834737019504,487.6763871872114,487.6763871872114,487.7082155345816,234.98155403498762
7854,0.023041842827835782,487.72930153499186,487.72930153499186,487.75234337781967,234.9944520026226
7855,0.02874001328874662,487.7895016323825,487.7895016323825,487.81824164567126,235.0413907830477
7856,0.012945028664612983,487.9256120007443,487.9256120007443,487.9385570294089,235.17666033759429
7857,0.18918857030385022,488.0066082785796,488.194025316809,490.35094029039965,237.45460908185814
7858,0.06757497019894014,488.00840500364245,488.00840500364245,488.0759799738414,235.21520252700134
7859,0.024072784263605904,488.228209218138,488.228209218138,488.25228200240156,235.4450296475055
7860,0.11896731444819725,488.24097013589574,488.25228200240156,488.3872026639352,235.57102089229113
7861,0.015953347085502084,488.25792996954397,488.25792996954397,488.27388331662945,235.42516971750013
7862,0.2125319349586884,488.2948031606562,494.41822542729034,494.630757362249,241.60454084823132
7863,0.07142339049203754,488.36592953819024,488.3872026639352,488.45862605442727,235.58278539300423
7864,0.16037135640015968,488.379634682553,490.35094029039965,490.52878787242116,237.54696476948672
7865,0.049214585871004975,488.4187211316761,488.45862605442727,488.5078406402983,235.62338629119586
7866,0.12227591133096483,488.4346898874707,488.5510883944909,488.75459802737157,235.8113093892495
7867,0.2592343851208383,488.46134129023034,497.53060733477844,498.91782517574705,245.98787359143273
7868,0.017593715232602412,488.50211852322184,488.5078406402983,488.53307251373167,235.55230581073593
7869,0.018015880759219203,488.507966811794,488.53307251373167,488.5510883944909,235.52637984685043
7870,0.007638158200788419,488.51288540969364,488.51288540969364,488.52052356789443,235.47674917119542
7871,0.020434528930439556,488.5892695110797,488.5892695110797,488.6097040400101,235.5404794438272
7872,0.04269479168458218,488.64537289008456,488.64537289008456,488.70617208270386,235.62355390378954
7873,0.06381032452490887,488.6596638510582,488.75459802737157,488.859787553319,235.69127492708793
7874,0.018104400934688892,488.66568321621463,488.66568321621463,488.68378761714933,235.46026320363606
7875,0.2984717016585743,488.6929290580395,499.51041215710944,502.3189137269586,248.97487312398695
7876,0.03070931881095778,488.76173220706244,488.76173220706244,488.7924415258734,235.48778703124506
7877,0.08998129329812822,488.81346220958864,488.884449884157,489.0026619673743,235.63692111879578
7878,0.010669882611524595,488.83099087229203,488.83099087229203,488.84166075490356,235.46593429993987
7879,0.012149187144636309,488.85019026271925,488.87230069701235,488.884449884157,235.4850078606509
7880,0.008121376193093811,488.85672425318893,488.859787553319,488.87230069701235,235.4445785660464
7881,0.004391767500237009,488.86166439493104,488.86166439493104,488.8660561624313,235.4242839793914
7882,0.02443420000521034,488.89750669076136,488.89750669076136,488.92194089076656,235.43603075189495
7883,0.003796589913989023,488.92791736767464,488.92791736767464,488.9317139575886,235.4567547737698
7884,0.08893409326581549,488.9769825052047,489.0026619673743,489.09159606064014,235.5777256452719
7885,0.052471841811672575,489.05126243591866,489.09159606064014,489.19821555792225,235.66969741501003
7886,0.11297898245303316,489.05935069729287,489.19821555792225,489.3111945403753,235.731597638176
7887,0.043476454274141936,489.0975251022484,489.0975251022484,489.15167275771887,235.42916648096386
7888,0.01067120119631879,489.1012503666088,489.1012503666088,489.1119215678051,235.28444183505792
7889,0.054456003582166304,489.2853213211274,489.3111945403753,489.3904170451663,235.49955521362324
7890,0.06414561746981828,489.3219716452899,489.421570996835,489.51642871066304,235.5604192326683
7891,0.02476650120884208,489.3283604055304,489.3283604055304,489.35312690673925,235.37719967103106
7892,0.12881877331125904,489.3683773428545,489.7465509805056,489.89996274472134,235.8431099295258
7893,0.031153951668647723,489.3684615924786,489.3904170451663,489.421570996835,235.43591687280423
7894,0.07575554830950824,489.3917138544521,489.51642871066304,489.6596957634997,235.62035475509813
7895,0.030712096358228164,489.4300176969156,489.4300176969156,489.46072979327386,235.41282990568465
7896,0.051243504913389824,489.5323217942324,489.5323217942324,489.5835652991458,235.51053661190346
7897,0.13785986044357593,489.53605498193645,489.89996274472134,490.18885737948557,236.09246868106064
7898,0.016267999613767344,489.58970320154,489.58970320154,489.60597120115375,235.5608841839045
7899,0.08685521700593157,489.6014325508423,489.6596957634997,489.7465509805056,235.61208937106295
7900,0.02459299090447672,489.7738638870822,489.7738638870822,489.79845687798667,235.70584299079673
7901,0.041434846547115836,489.94663881994626,489.94663881994626,489.9880736664934,235.8420422230986
7902,0.030434279369918615,489.96861559025007,489.9880736664934,490.0185079458633,235.86634171397807
7903,0.059294234105607926,490.00353758191676,490.0185079458633,490.08015161491016,235.84820140348583
7904,0.0023494349412436838,490.0205900796668,490.0205900796668,490.0229395146081,235.77968936547379
7905,0.013322471653651321,490.1109025604133,490.1109025604133,490.12842453977004,235.87558006985438
7906,0.004199507703088272,490.11345874970806,490.11345874970806,490.11765825741116,235.85744096332047
7907,0.007078241939212216,490.2339842718614,490.2339842718614,490.2410625138006,235.93908399288327
7908,0.017476225621340644,490.39904459358877,490.39904459358877,490.4165208192101,236.0856200913849
7909,0.005202017196879612,490.5498173787318,490.5498173787318,490.5550193959287,236.23011321092196
7910,0.05181171548616938,490.590289060649,490.590289060649,490.6421007761352,236.24403932058314
7911,0.013335165335983832,490.69733294586246,490.69733294586246,490.71066811119846,236.34295685545933
7912,0.17296690864696135,490.84261268067314,491.25524933847663,491.6685023837107,237.23318865893376
7913,0.21445577239793084,490.8569809264969,494.8374741203937,495.1524926591997,240.7304113296238
7914,0.07696409493194722,490.98879544149,491.0091250564377,491.08608915136966,236.60330633131434
7915,0.14405925241360382,490.99167889956243,491.08608915136966,491.25524933847663,236.75154209652854
7916,0.0011002641326988665,491.1222488059872,491.1222488059872,491.1233490701199,236.66798643977086
7917,0.009027104439076363,491.1525165446849,491.1525165446849,491.161543649124,236.67213724405028
7918,0.014973566121584608,491.1772715183171,491.1772715183171,491.1922450844387,236.64549808766503
7919,0.0332187686554679,491.2591209712366,491.2591209712366,491.29233973989204,236.74573238945334
7920,0.11688786693959484,491.2775706301473,491.29233973989204,491.4092276068316,236.75042453532797
7921,0.03358482182654068,491.4219406106115,491.4219406106115,491.45552543243804,236.86675459558887
7922,0.015788385028310845,491.4617914655892,491.4617914655892,491.47757985061753,236.89298148617254
7923,0.017560912566517567,491.49061315938707,491.49061315938707,491.5081740719536,236.88372351237072
7924,0.010413163958499635,491.5912537123458,491.5912537123458,491.6016668763043,236.97346926575057
7925,0.012832217612208381,491.6200685540128,491.6200685540128,491.632900771625,236.9951999009421
7926,0.04040390923088009,491.63202840573433,491.6685023837107,491.70890629294155,237.0287620234574
7927,0.0822828978529073,491.6801021883784,491.73373562493435,491.81601852278726,237.11878731645197
7928,0.017775476256022073,491.70596237216387,491.70890629294155,491.72668176919757,237.00693431030493
7929,0.007053855736782361,491.7247763522296,491.72668176919757,491.73373562493435,237.00152815190089
7930,0.09328310047347324,491.73640168073536,491.9839652994781,492.07724839995154,237.23972238917554
7931,0.13059864057563123,491.7699741165037,492.07724839995154,492.218266947983,237.46702841969406
7932,0.054815014089070156,491.79230811836356,491.85091406796676,491.9057290820558,237.04733764558222
7933,0.034895545179479785,491.8134598464379,491.81601852278726,491.85091406796676,236.90887785103047
7934,0.07823621742228161,491.8910961812259,491.9057290820558,491.9839652994781,236.97478551808737
7935,0.1115311641194001,492.1039382357282,492.3027563692505,492.41428753336993,237.36670029614723
7936,0.010419907455853222,492.15564768295854,492.15564768295854,492.1660675904144,237.1941382601197
7937,0.05346672210199598,492.1759418789815,492.218266947983,492.271733670085,237.2672104960675
7938,0.15520620628923118,492.2133029680152,494.10215441961714,494.25736062590636,239.11127989857357
7939,0.0310226991655586,492.24609204742603,492.271733670085,492.3027563692505,237.2722272796864
7940,0.12642464603090064,492.28185473014355,493.562044741081,493.90466754092625,238.75789308307094
7941,0.10428311126895208,492.3146843035151,492.41428753336993,492.5185706446389,237.438989700137
7942,0.12567131816424687,492.4783837408268,492.5645898278879,493.1196325659075,238.03408536570836
7943,0.046019183249004524,492.49728111343666,492.5185706446389,492.5645898278879,237.44230758953577
7944,0.12744850003878486,492.5312266401276,493.90466754092625,494.03211604096504,238.93011260273647
7945,0.01657995898726481,492.5655201516295,492.5655201516295,492.5821001106168,237.47165410083596
7946,0.05271210819873856,492.57363077773,492.5821001106168,492.63481221881557,237.48454930977385
7947,0.11812086598257347,492.5980972406059,492.63481221881557,492.75293308479814,237.55314690926028
7948,0.5735945648204562,492.67209553581824,621.7940377025375,622.367632267358,366.6586742418155
7949,0.047546367977232315,492.780288494862,492.780288494862,492.82783486283927,237.63879327338157
7950,0.013134421806289187,492.8285102392822,492.8285102392822,492.84538713020277,237.68170235096323
7951,0.0037424691142620647,492.83771875779377,492.83771875779377,492.84146122690805,237.6756700338989
7952,0.039205443117619476,492.87694976498494,492.87694976498494,492.91615520810257,237.7381392415322
7953,0.04262261007615847,492.8837124706462,492.91615520810257,492.9587778181787,237.7239966146372
7954,0.05886612375044633,492.895073263338,492.9587778181787,493.0176439419291,237.78235897716488
7955,0.06589908333228418,492.91366027242725,493.15726082990466,493.2457474314404,237.91870919565366
7956,0.03684105084479102,492.9879233648519,493.0176439419291,493.0544849927739,237.73681406492454
7957,0.037628263997148595,493.11852612956585,493.1196325659075,493.15726082990466,237.83851498298517
7958,0.08298974199142557,493.12368244388654,493.2457474314404,493.3287371734318,238.02004973482173
7959,0.022587518203456784,493.1709902351398,493.1709902351398,493.1935777533433,237.8395673585052
7960,0.16086480138396403,493.2722587582459,494.25736062590636,494.41822542729034,238.90913020403806
7961,0.02249938184624974,493.3227510138093,493.3324990493653,493.3549984312116,237.93168754275013
7962,0.0037618759334749957,493.3263609010852,493.3287371734318,493.3324990493653,237.88225723741587
7963,0.11378319855336184,493.34183477798405,493.3549984312116,493.55440008467093,238.10254948111296
7964,0.031238052784787237,493.37127387682074,493.37127387682074,493.4025119296055,237.91954823806822
7965,0.02959343231322771,493.42763236473195,493.42763236473195,493.45722579704517,237.9609131790968
7966,0.024786969808032765,493.48539025012366,493.48539025012366,493.5101772199317,238.00040351468542
7967,0.007644656410083973,493.5499464552548,493.55440008467093,493.562044741081,238.05937589132887
7968,0.09425572311258645,493.589461964517,493.589461964517,493.6837176876296,238.05546795188823
7969,0.08540888428934419,493.6071384952525,493.6837176876296,493.80566011833133,238.09415354566264
7970,0.036533546412402335,493.70143799705284,493.70143799705284,493.7379715434652,237.94623555422362
7971,0.07003837865207788,494.0235108474827,494.03211604096504,494.10215441961714,238.1850996380298
7972,0.18585098607412776,494.4524477555477,494.630757362249,494.8374741203937,238.81854690140077
7973,0.020865772070554373,494.6509627577067,494.6509627577067,494.67182852977726,238.76324912829716
7974,0.038235243135699384,494.86101944540616,494.86101944540616,494.91760767074834,238.98852255701152
7975,0.008272362980405686,494.86641807213465,494.86641807213465,494.87469043511504,238.94317090011006
7976,0.010080619226086777,494.8756432932604,494.8756432932604,494.88572391248647,238.8429656148039
7977,0.0072198356896279,494.9972557912215,494.9972557912215,495.00447562691113,238.96242579041245
7978,0.036754705376289325,495.00659630448166,495.00659630448166,495.04335100985793,238.96007919440004
7979,0.07470327432345722,495.0833985378893,495.18796840077465,495.55047471442685,239.48990797827682
7980,0.03547574157491476,495.1342240668188,495.1524926591997,495.18796840077465,239.09409951746605
7981,0.03276352225967393,495.1988393122497,495.1988393122497,495.2316028345094,239.14236213156047
7982,0.06379158390268579,495.210602136536,495.34713850216343,495.4109300860661,239.30023145158742
7983,0.038735506567163666,495.2173340521342,495.2316028345094,495.2765782885916,239.12472485800936
7984,0.006239947515122093,495.23948038920577,495.23948038920577,495.24572033672086,239.07493169704483
7985,0.035125217783305,495.2475510280965,495.2765782885916,495.31170350637495,239.12204097162586
7986,0.0786857390018266,495.25183431433004,495.8015857780598,495.93685690682884,239.7115137343922
7987,0.17653113149637445,495.26933228255496,497.05795000873377,497.29235651854236,240.97629385233054
7988,0.035434995788469835,495.28946907249986,495.31170350637495,495.34713850216343,239.03522390758397
7989,0.07359230067405971,495.37491639957204,495.69701032091757,495.77060262159165,239.47786774147556
7990,0.17646275546589577,495.40560559521197,496.8570794966405,497.05795000873377,240.59596928437594
7991,0.043817445240426384,495.4195272445357,495.4195272445357,495.46334468977614,239.05780158262152
7992,0.03189482027188571,495.4771046857086,495.4771046857086,495.50899950598046,239.1047362949486
7993,0.027560370761328494,495.53800716990673,495.55047471442685,495.57803508518816,239.17556564888844
7994,0.06368833764994553,495.55692337974955,495.57803508518816,495.6643860064831,239.18399866625964
7995,0.022662583645020343,495.59885740588726,495.59885740588726,495.62151998953226,239.11085546971853
7996,0.03262431443451363,495.6480171577624,495.6643860064831,495.69701032091757,239.1724142361887
7997,0.11594357744887658,495.66844739196927,495.9766080660822,496.10080053199295,239.59558805684784
7998,0.030983156468157767,495.76903305108203,495.77060262159165,495.8015857780598,239.2374971694684
7999,0.05439882433436779,495.8154556385384,495.8154556385384,495.8698544628728,239.2771513002512
8000,0.002186565432876706,495.90220375681344,495.90220375681344,495.9043903222463,239.36239513747205
8001,0.030142910128377578,495.92326145677464,495.93685690682884,495.9766080660822,239.41057006479497
8002,0.009608249124955486,495.9527040681424,495.9527040681424,495.96231231726733,239.39271669806243
8003,0.008248888461859661,495.98815817062484,495.98815817062484,495.9964070590867,239.41998737645122
8004,0.16934455578104488,496.0950878445508,496.10080053199295,496.270145087774,239.66944526186396
8005,0.35040285454385667,496.13802548378203,533.7604353717526,534.9443381511192,278.31506351569465
8006,0.10147676057127909,496.2653979256534,496.270145087774,496.5382542074537,239.90590404439715
8007,0.04848020671760277,496.27046953254126,496.27046953254126,496.3199456128324,239.6627159911308
8008,0.0009958735735212465,496.2998838410234,496.2998838410234,496.30087971459693,239.6270606939015
8009,0.06296728208285253,496.3509481835977,496.3509481835977,496.4255621672124,239.7420114802594
8010,0.005042411418055096,496.36269107287825,496.36269107287825,496.3677334842963,239.67984306144885
8011,0.006604290113713289,496.41210345004,496.41210345004,496.4187077401537,239.68961627545593
8012,0.011060512796920812,496.44334387600287,496.44334387600287,496.4544043887998,239.7171366880393
8013,0.031481782405725245,496.4606894835984,496.4606894835984,496.4921712660041,239.71933006358805
8014,0.08297854687567009,496.4692031462765,496.5382542074537,496.62123275432936,239.84075700750472
8015,0.1647893461341316,496.52506582973604,496.6922901505064,496.8570794966405,239.87529119869893
8016,0.04295219146659976,496.609248138695,496.62123275432936,496.6922901505064,239.82536019951044
8017,0.028105204710392382,496.62823513646407,496.62823513646407,496.6563403411745,239.7950169336123
8018,0.010000639864522052,496.858825044919,496.858825044919,496.86882568478353,240.0074937415539
8019,0.014407116762882463,496.9385746373215,496.9385746373215,496.95298175408436,240.05701726318617
8020,0.048827568843672446,497.1039614695721,497.1039614695721,497.15278903841573,240.2222566353425
8021,0.009047809468614528,497.230578266394,497.230578266394,497.2396260758626,240.3310005865814
8022,0.022945876892139002,497.3817445818438,497.3817445818438,497.40469045873596,240.4092522233366
8023,0.11117437353191054,497.5688779622399,497.5688779622399,497.69568447319784,240.7170279352903
8024,0.015632137426003792,497.58570936138403,497.58570936138403,497.60134149881003,240.54610170794078
8025,0.14832497775133777,497.69082310690084,497.69568447319784,497.84400945094916,240.74560193497757
8026,0.13804278018739408,497.79576331521923,497.89807763495355,498.1205814127813,240.92124767255925
8027,0.05406818400440858,497.8129705281504,497.84400945094916,497.89807763495355,240.70511593056742
8028,0.0033185399632470664,497.92214451689773,497.92214451689773,497.92546305686096,240.77291568189762
8029,0.036868871271163124,497.92454665479295,497.92546305686096,497.96233192813213,240.74771344851638
8030,0.03258034084187213,497.938132556325,497.96233192813213,497.994912268974,240.72730125660647
8031,0.011693245564081134,498.0108763089554,498.0108763089554,498.02256955451946,240.76642499868046
8032,0.07402043458293321,498.16817586690274,498.16817586690274,498.2722916037031,240.98574692345693
8033,0.01916119592767268,498.17944686458435,498.17944686458435,498.198608060512,240.8691513198244
8034,0.11571155998214597,498.2058020199814,498.2722916037031,498.5569665234871,241.2120681208832
8035,0.009643132231341101,498.23899188902317,498.23899188902317,498.24863502125453,240.90434255083258
8036,0.0012909740584103196,498.24777817274475,498.24863502125453,498.24992599531294,240.89455653876078
8037,0.033215377149915785,498.2797654254416,498.2797654254416,498.31298080259154,240.9209671262509
8038,0.04949033563984129,498.34540473203475,498.34540473203475,498.42622249346914,241.02485566666266
8039,0.02978772647310849,498.3538784007399,498.3538784007399,498.383666127213,240.9764312791884
8040,0.04476034481862618,498.37274482573514,498.42622249346914,498.4811527146867,241.07202355094492
8041,0.001539699321435143,498.4097841122813,498.4097841122813,498.4113238116027,240.95222154638662
8042,0.09219914293404007,498.4139544137157,498.5769200112323,498.6691191541663,241.0264252589732
8043,0.010169876398962623,498.4584588320117,498.4584588320117,498.4686287084106,240.87934079887629
8044,0.019953487745185634,498.5392810617817,498.5569665234871,498.5769200112323,240.97342697232241
8045,0.032294231589154614,498.66938268615246,498.66938268615246,498.7016769177416,241.0046772098485
8046,0.03541107899966449,498.7894729615916,498.7894729615916,498.8325154480453,241.13383126065764
8047,0.007631407453993492,498.7949202951332,498.7949202951332,498.80255170258715,241.1215658147202
8048,0.06134083423488202,498.9105906097653,498.91782517574705,499.0013632013043,241.24667650140552
8049,0.008043188524708379,498.93543784205804,498.93543784205804,498.94348103058275,241.1764638118189
8050,0.03387075133267507,498.95585013756215,499.0013632013043,499.035233952637,241.230948089036
8051,0.01415400279764457,498.97280436634003,498.97280436634003,498.98695836913765,241.1186568239269
8052,0.026414689241218058,499.0227530148443,499.035233952637,499.06631855006924,241.17921514176783
8053,0.004669908191039041,499.04163736311614,499.04163736311614,499.04630727130717,241.0732687853985
8054,0.15623421382375402,499.3360133536526,499.34805729876814,499.51041215710944,241.49568987677125
8055,0.0061206445175455825,499.46277473165503,499.46277473165503,499.46889537617255,241.4656923795817
8056,0.08389181561502473,499.51060855056517,499.51060855056517,499.6895110271241,241.6564788604044
8057,0.030726959284813688,499.53451433980166,499.53451433980166,499.5652412990865,241.5227693385595
8058,0.06607291908707068,499.56194991310934,499.75343328177064,499.8583613564852,241.73644312712338
8059,0.029157921471220538,499.5781386914535,499.5781386914535,499.6072966129247,241.41098968082392
8060,0.04700254742056332,499.60872326739417,499.7064307343501,499.75343328177064,241.50647483114614
8061,0.035125780187897186,499.61770347006063,499.61770347006063,499.65282925024854,241.4286346458538
8062,0.08620391179894768,499.63093223519724,499.95139623204705,500.04939559646743,241.81435544994315
8063,0.15554859066928836,499.6401905293733,500.1024787864331,500.43817451877857,242.1965050490649
8064,0.016919707225946948,499.6770842507784,499.6895110271241,499.7064307343501,241.45185826419902
8065,0.028287645191935478,499.76343488599423,499.76343488599423,499.80229004162175,241.5097091554238
8066,0.07035134671864189,499.7686928501827,499.8810448853284,499.95139623204705,241.5698200066765
8067,0.010567510435604978,499.7695433643909,499.7695433643909,499.7801108748265,241.42375142617715
8068,0.02268352884316598,499.8450252324391,499.8583613564852,499.8810448853284,241.50758309022845
8069,0.011795452621429479,499.96075259274676,499.96075259274676,499.97254804536817,241.60979373147197
8070,0.053083189965671684,500.04491805551754,500.04939559646743,500.1024787864331,241.68946897520294
8071,0.030645452336479986,500.1062925050413,500.1062925050413,500.1425428894371,241.74952450843017
8072,0.00560493205925061,500.1136895522925,500.1136895522925,500.11929448435177,241.73255807398633
8073,0.01926527166338985,500.1234096205743,500.1425428894371,500.1618081611005,241.7539669074697
8074,0.062207910338749395,500.2411612840685,500.2411612840685,500.3112338886464,241.85948718757047
8075,0.007864694239182408,500.2563744517962,500.2563744517962,500.2642391460354,241.8512558491624
8076,0.04873838855367983,500.2570600012071,500.3112338886464,500.36579276968547,241.91621155316545
8077,0.1220161060537722,500.26053177307955,500.53854734212496,500.67766536667415,242.15168049754973
8078,0.07791983224030946,500.2662626873675,500.46062750988466,500.53854734212496,241.98292711801355
8079,0.005820492485376891,500.3345385569087,500.3345385569087,500.34035904939407,241.8120500583591
8080,0.022452991106106355,500.430691135792,500.43817451877857,500.46062750988466,241.8682059358802
8081,0.017101918495402463,500.57377666831366,500.57377666831366,500.5908785868091,241.99282843317343
8082,0.01760023748180775,500.7118296482509,500.7118296482509,500.7294298857327,242.12417265012888
8083,0.04291823480046075,500.7385906814457,500.7385906814457,500.7815089162462,242.14818696811878
8084,0.14277725459396043,500.78999340198317,500.78999340198317,500.96914337563226,242.3056740714941
8085,0.03066633884993204,500.802887276433,500.802887276433,500.83355361528294,242.20361948218698
8086,0.005706380205217721,500.8908397889676,500.8908397889676,500.8965461691728,242.24724092864477
8087,0.02194303036808058,500.9795494079293,500.9795494079293,501.0014924382974,242.33542601422658
8088,0.11852010027651845,501.07704572399285,501.07704572399285,501.3860494822952,242.73497688464514
8089,0.04545654966056738,501.1328189852776,501.1328189852776,501.17827553493817,242.43529240781055
8090,0.0530601746305861,501.1516233664385,501.21058743862585,501.2636476132564,242.43893528046206
8091,0.03231190368769934,501.15622852205513,501.17827553493817,501.21058743862585,242.37721397100137
8092,0.059655030047061915,501.1850502977182,501.2636476132564,501.32330264330346,242.41895811074988
8093,0.1549872278706864,501.3110553188307,501.63589432943525,501.95254860150163,242.97401307435382
8094,0.06750639473382053,501.36963648327816,501.49513587421086,501.56264226894467,242.62667829538952
8095,0.05731177259901426,501.3800382030621,501.3860494822952,501.4454160370565,242.49604291268724
8096,0.002054782162266287,501.3877999902555,501.3877999902555,501.3898547724177,242.43733092298268
8097,0.04971983715439403,501.4343852331753,501.4454160370565,501.49513587421086,242.45534660948493
8098,0.07325206049058398,501.5250281834586,501.56264226894467,501.63589432943525,242.5509274071184
8099,0.24616542818459716,501.5393270914211,503.8246104480812,504.3176741676211,245.28046498410006
8100,0.006785719370063498,501.66083568378644,501.66083568378644,501.6676214031565,242.60345973859393
8101,0.038018275592474934,501.70097145452286,501.70097145452286,501.73898973011535,242.620362085805
8102,0.0707146325264007,501.7163630135205,501.73898973011535,501.80970436264175,242.63467953920045
8103,0.04614841670676635,501.8250814572815,501.8250814572815,501.8712298739883,242.69207785977989
8104,0.04497102202004105,501.96796020188054,501.96796020188054,502.0129312239006,242.83260191967304
8105,0.011247915025801528,502.0239430900416,502.0239430900416,502.0351910050674,242.87362580807508
8106,0.04982242972912901,502.0671334975332,502.0671334975332,502.1171988110545,242.8743627160043
8107,0.00024288379214344676,502.0852391465261,502.0852391465261,502.08548203031825,242.84043609841632
8108,0.03840052585562246,502.10670434483905,502.1171988110545,502.15559933691014,242.86741733366074
8109,0.04300681689144394,502.12204506686044,502.15559933691014,502.19860615380156,242.89513217790287
8110,0.018167104959130653,502.2009037310652,502.2009037310652,502.2190708360243,242.94025389951645
8111,0.19400918726099253,502.22112784957125,502.3189137269586,502.51858618396886,243.22612856784286
8112,0.005663269749251313,502.5036669474031,502.5036669474031,502.50933021715235,243.03134741520208
8113,0.07668557476759558,502.50905761314596,502.51858618396886,502.5952717587365,243.06189446489972
8114,0.10491947658780264,502.54405246505183,502.5952717587365,502.8668560860922,243.3320919161791
8115,0.02926672547225576,502.6358989571701,502.6358989571701,502.6651656826424,243.0990720179622
8116,0.04033564895162331,502.64720605096176,502.72356792583736,502.76390357478897,243.09660290464782
8117,0.0281003175578636,502.6542548698921,502.6651656826424,502.69326600020025,243.02798211574654
8118,0.020488967537526465,502.67579532951623,502.69326600020025,502.72356792583736,242.99228523116142
8119,0.1715668061443978,502.6847087123082,503.0677389203601,503.4674456163219,243.7116443239254
8120,0.009812958099579295,502.6936828037163,502.6936828037163,502.7034957618159,242.93677264242203
8121,0.02749338569118464,502.7459581617087,502.76390357478897,502.79139696048014,242.89077955070917
8122,0.011166847457889964,502.79381003112155,502.79381003112155,502.80497687857945,242.9172125447167
8123,0.07923346098066501,502.8269218757049,502.8668560860922,502.94697862717385,243.02793999670996
8124,0.0008890801010096821,502.8843118961429,502.8843118961429,502.8852009762439,242.96357029711726
8125,0.11866826045788476,502.92013622123943,502.94697862717385,503.0677389203601,243.01508951411518
8126,0.002092032728373483,502.9579882746599,502.9579882746599,502.9600803073883,242.93808256339923
8127,0.09099700286314225,503.0686885187454,503.0686885187454,503.15968552160854,243.02114017367984
8128,0.06075738398310473,503.13163546407884,503.1766196618011,503.2373770457842,243.01461792162183
8129,0.01693414019259998,503.1540918012323,503.15968552160854,503.1766196618011,242.99332634978728
8130,0.020590295731473227,503.2954639451667,503.2954639451667,503.3160542408982,243.12574260471897
8131,0.02518954946880091,503.33586248990264,503.33586248990264,503.36105203937143,243.13642743838
8132,0.01367151757822602,503.36560994280677,503.36560994280677,503.379281460385,243.16188877147454
8133,0.08802056354118522,503.41315172032205,503.4674456163219,503.5554661798631,243.19147152488088
8134,0.1609653970268499,503.4638624924354,503.5554661798631,503.7285522447633,243.32678464215707
8135,0.09605820331791745,503.642385038958,503.7285522447633,503.8246104480812,243.24265121258068
8136,0.012120667873315855,503.64676632411744,503.64676632411744,503.65888699199076,243.09515338687152
8137,0.05940258177671922,503.8480799132693,503.8480799132693,503.90748249504605,243.2823295436099
8138,0.18957764863391416,503.99702502082806,505.99247205625505,506.35501373148156,245.7465092700498
8139,0.0200341505033587,504.02561567757135,504.02561567757135,504.0456498280747,243.4322900360716
8140,0.026160662533699017,504.0427809927091,504.0456498280747,504.09525486368017,243.45826397988327
8141,0.10009432972341219,504.050814608847,504.09525486368017,504.2057754570058,243.5498601775442
8142,0.01050883037798824,504.0566780138554,504.0566780138554,504.0671868442334,243.35389539805445
8143,0.1755736904785223,504.05740653882265,505.52425822206527,505.80781449075005,245.03323498064051
8144,0.012935542693736082,504.0679710759883,504.0679710759883,504.08090661868204,243.28586639396852
8145,0.10539234050344568,504.14230587625286,504.827985165969,504.9653480238587,244.14737205942302
8146,0.010426263602279422,504.15843531039656,504.15843531039656,504.1688615739988,243.3570001697937
8147,0.007335930144056164,504.1995805316328,504.2057754570058,504.21311138714987,243.39379424609956
8148,0.1374990248352053,504.24945233372455,505.1924487065997,505.33556034164855,244.4200306358951
8149,0.2563702135679467,504.2831020200079,506.35501373148156,506.87104862542816,245.9158533204904
8150,0.09955078146949103,504.30302024289756,504.51552413290887,504.6409976867391,243.67809249510262
8151,0.035015906828830316,504.31748544604545,504.3176741676211,504.3526900744499,243.3721491817745
8152,0.056143926339985606,504.33442579163466,504.3526900744499,504.4088340007899,243.43842276961837
8153,0.03044479770401195,504.3805633527204,504.4088340007899,504.43927879849394,243.38338260232624
8154,0.0762453344149343,504.40070972926577,504.43927879849394,504.51552413290887,243.46182596729312
8155,0.10538617111777962,504.50152102370174,504.7225989948512,504.827985165969,243.63635695987813
8156,0.018820974332300264,504.5697132586778,504.5697132586778,504.5885342330101,243.48223381311456
8157,0.007101798028466421,504.6096584979714,504.6096584979714,504.6167602959999,243.50695203307606
8158,0.049432509952544564,504.615653614633,504.6731182952772,504.7225989948512,243.58837004691236
8159,0.015988673602154637,504.6367174869125,504.6409976867391,504.6569863603413,243.51227102990072
8160,0.016131934935893585,504.6500385545244,504.6569863603413,504.6731182952772,243.50555625154962
8161,4.818962140752495e-05,504.7131537151158,504.7131537151158,504.7132019047372,243.51382637472832
8162,0.10008238545453706,504.8523753679981,504.9653480238587,505.06543040931325,243.81467156164285
8163,0.031970517386280435,504.869554399798,504.869554399798,504.9015249171843,243.6475047672631
8164,0.2987373328901543,504.93020195356553,507.95276454071757,508.64489313092236,247.34405410146647
8165,0.06228115369334476,505.01664824065716,505.06543040931325,505.1277115630066,243.76626658849443
8166,0.06473714359308486,505.072341397245,505.1277115630066,505.1924487065997,243.71606623944086
8167,0.005612610213623744,505.19831389471847,505.19831389471847,505.2039265049321,243.78301092636897
8168,0.2629615920987104,505.2293802755622,506.98854238269183,507.6626995209653,246.1555584433497
8169,0.07760989130954378,505.28738350728617,505.4045103761446,505.48969103799163,244.03498924762872
8170,0.05525059608590062,505.31222371071664,505.33556034164855,505.39081093773444,243.89309430539817
8171,0.18465756550500448,505.37968688497926,505.80781449075005,505.99247205625505,244.2120256172927
8172,0.013699438410140163,505.38515740935026,505.39081093773444,505.4045103761446,243.7804484868154
8173,0.007570770537551126,505.40987311331565,505.40987311331565,505.4174438838532,243.77753477515333
8174,0.034567184073638714,505.4890554259485,505.48969103799163,505.52425822206527,243.82691907297874
8175,0.01921079722004412,505.55144887134287,505.55144887134287,505.57065966856294,243.85454664971144
8176,0.04675752373787073,505.65155454906454,505.65155454906454,505.71803360724425,243.96525119050082
8177,0.01972153444180093,505.6527714094419,505.6527714094419,505.67249294388375,243.86819620031477
8178,0.02229272280648968,505.70591816314067,505.71803360724425,505.7403263300507,243.91490150822057
8179,0.01744683181130706,506.0364602321336,506.0364602321336,506.0539070639449,244.1996719269417
8180,0.034553341758908035,506.0721170853019,506.0721170853019,506.1066704270608,244.21195607640985
8181,0.03679596885713008,506.14053853015736,506.14053853015736,506.1773344990145,244.30139600985396
8182,0.0442981554705631,506.16156366603184,506.1773344990145,506.22163265448506,244.30155108591254
8183,0.036533165502888945,506.22252584588546,506.22252584588546,506.25905901138833,244.3349361613687
8184,0.003336563191768204,506.334134114052,506.334134114052,506.3374706772438,244.43021833005233
8185,0.03990588715549286,506.39097570242456,506.39097570242456,506.43088158958005,244.51027388868275
8186,0.014859604908328614,506.4224851018921,506.43088158958005,506.4457411944884,244.48780065498875
8187,0.017717405113342282,506.4500053787232,506.4500053787232,506.4677227838365,244.50418230826534
8188,0.10048166686902595,506.47157652133876,506.47157652133876,506.5720581882078,244.6208550831709
8189,0.029852133502289588,506.57099494245523,506.5720581882078,506.6019103217101,244.6000159347173
8190,0.04428842282481818,506.5867961050615,506.6019103217101,506.6494708077957,244.62762449258486
8191,0.003272063260780858,506.625902329564,506.625902329564,506.6291743928248,244.62358359765773
8192,0.009287496744552759,506.7188469157115,506.7188469157115,506.72813441245603,244.7100792470377
8193,0.050706177673176846,506.84679960837246,506.8850724350672,506.93577861274036,244.87368569295325
8194,0.014023809639021518,506.8706898402092,506.87104862542816,506.8850724350672,244.85679305192997
8195,0.05276376995148975,506.87627958026803,506.93577861274036,506.98854238269183,244.91378806288063
8196,0.07102428830240654,507.00861735524893,507.00861735524893,507.0796416435513,244.956817122415
8197,0.13215262148687423,507.1106145251281,507.1106145251281,507.24276714661494,245.09056069417565
8198,0.0894239379339428,507.18275811448575,507.24276714661494,507.33219108454887,245.09761068210807
8199,0.0033530422765230554,507.3653173008714,507.3653173008714,507.3686703431479,245.15195075434565
8200,0.004516013543041511,507.42197338308955,507.42197338308955,507.4264893966326,245.1593444100133
8201,0.07890016659363505,507.4381283950777,507.4381283950777,507.51702856167134,245.2104297137691
8202,0.1177602656864677,507.5057779754354,507.71936493759324,507.8371252032797,245.52005279808634
8203,0.03182547603844718,507.56454398176294,507.56454398176294,507.59636945780136,245.21900307144784
8204,0.05666541662794344,507.60726748529913,507.6626995209653,507.71936493759324,245.23006148559608
8205,0.07641270000614982,507.7883301701021,507.87635184071144,507.95276454071757,245.44339009327612
8206,0.03922663743172353,507.8199266631329,507.8371252032797,507.87635184071144,245.3146814650232
8207,0.005114965075389155,508.0153209522667,508.0153209522667,508.02043591734207,245.47124634814307
8208,0.1455979085927364,508.0275263417431,508.0275263417431,508.2321721122396,245.66937877552127
8209,0.01939801935319385,508.0403064090955,508.0403064090955,508.0597044284487,245.4780214106311
8210,0.020856830573272093,508.05988019560846,508.05988019560846,508.08073702618174,245.46409751571974
8211,0.018168349334689037,508.07395257753006,508.08073702618174,508.099530038159,245.47704161343106
8212,0.0006246626425855605,508.0947376261228,508.0947376261228,508.0953622887654,245.4742308245198
8213,0.1291501026922419,508.2252088358712,508.2321721122396,508.3735905643948,245.62534673449488
8214,0.0122683494630069,508.234165519006,508.234165519006,508.246433868469,245.56097270748418
8215,0.020445913393916212,508.4099929621267,508.4099929621267,508.4304388755206,245.72267489504853
8216,0.1322471718213431,508.536742090759,508.64489313092236,508.7824548620097,246.05597356990077
8217,0.02176615619361116,508.58348940045505,508.58348940045505,508.6052555566487,245.85187167927523
8218,0.005314559265970943,508.66507360799926,508.66507360799926,508.67038816726523,245.92762476541662
8219,0.06888554720237236,508.7441086869808,508.7824548620097,508.85134040921207,246.0729450882567
8220,0.09861951901850426,508.80129757055585,508.8860627505169,508.98468226953537,246.21062662545256
8221,0.11658463573994578,508.8384139269421,508.98468226953537,509.13623138251864,246.33804800085085
8222,0.03472234130483514,508.8456691703179,508.85134040921207,508.8860627505169,246.04049435274806
8223,0.15982966481582953,508.9843373316442,509.1869388671941,509.35508638296517,246.4904339759146
8224,0.0064678026956029215,509.06621645055174,509.06621645055174,509.07268425324736,246.20704914186948
8225,0.014902203921200471,509.0693200076821,509.07268425324736,509.0875864571686,246.20531798970453
8226,0.050707484675456306,509.085106355955,509.13623138251864,509.1869388671941,246.23135307160487
8227,0.01359447062648167,509.09922247339125,509.09922247339125,509.1128169440177,246.18419549290886
8228,0.008317850955226105,509.1938678921113,509.1938678921113,509.20218574306654,246.2699466233653
8229,0.21794981382364614,509.1950116598525,509.4463616939849,513.9369870995687,250.93368817620737
8230,0.09127531101975671,509.3451576879576,509.35508638296517,509.4463616939849,246.422114669751
8231,0.05017871451740758,509.4505560839268,509.4505560839268,509.5007347984442,246.5351157406049
8232,0.12903737701145424,509.4688907300838,509.5007347984442,511.15906503972224,248.13490250229356
8233,0.09403801031633618,509.51009394182483,509.51009394182483,509.63892041580567,246.65820718113187
8234,0.014963655372117841,509.5190779750871,509.5190779750871,509.5340416304592,246.56294747239966
8235,0.06272303743585586,509.5837495585726,509.63892041580567,509.7262343242407,246.72427682965167
8236,0.0198248082923495,509.5916148894485,509.5916148894485,509.6114396977409,246.57116521982442
8237,0.10725895462855428,509.5993999399488,510.8466593499088,511.02928272701627,247.89885233165603
8238,0.024590870999213428,509.649915137286,509.649915137286,509.67450600828516,246.54248254935598
8239,0.08451424823529735,509.6522512346994,509.8015413012744,509.8860555495097,246.69158810119657
8240,0.19816587750242579,509.69552297685436,512.7983730205482,513.0481644813898,249.797980378349
8241,0.07530697703372079,509.71116119500687,509.7262343242407,509.8015413012744,246.5202303713543
8242,0.08898159760883789,509.82788100427496,510.47205869898823,510.56104029659707,247.26538102832677
8243,0.07696873707293342,509.82800030750343,509.999992925089,510.1572672504572,246.85344587773153
8244,0.03607708365464781,509.85082303292717,509.9187716145563,509.954848698211,246.6297851159273
8245,0.032716065046616484,509.8760239955588,509.8860555495097,509.9187716145563,246.41107472558292
8246,0.12028748749175876,509.90771457550875,511.15906503972224,511.279352527214,247.76881971618806
8247,0.045144226877977055,509.94783346232623,509.954848698211,509.999992925089,246.43925963627862
8248,0.032251125699371344,510.02434219091754,510.02434219091754,510.0565933166169,246.39070828432062
8249,0.048054462595941594,510.0313601242041,510.0565933166169,510.1046477792128,246.38696466436764
8250,0.079334343322861,510.13058268029005,510.1572672504572,510.30698872641807,246.58551724855667
8251,0.08005963395181973,510.1520957366042,510.30698872641807,510.4163056424476,246.70848978423209
8252,0.04048996904676802,510.18405259905876,510.18405259905876,510.2245425681055,246.47707713102076
8253,0.09612284943807933,510.21585021837603,510.7241375953209,510.8466593499088,247.01580518114153
8254,0.013400396442013192,510.24083547136945,510.24083547136945,510.2542358678115,246.43939876624898
8255,0.01649676714922593,510.2435666375407,510.2542358678115,510.2707326349607,246.4115828966061
8256,0.02925728207769093,510.3210813252785,510.3210813252785,510.3503386073562,246.46107583314006
8257,0.055753056540634074,510.4153256692586,510.4163056424476,510.47205869898823,246.54856419104038
8258,0.05641547418262595,510.54469724505896,510.56104029659707,510.6174557707797,246.68205119756155
8259,0.0638988704207725,510.56495921233295,510.6174557707797,510.7241375953209,246.75896856021404
8260,0.14859073364380984,510.6256187119145,511.5830147309353,511.9774698659832,248.04925174828588
8261,0.04053622961480491,510.629283290387,510.629283290387,510.6720662445074,246.6893358104265
8262,0.002246724505596515,510.6528951902582,510.6528951902582,510.6551419147638,246.67265129106173
8263,0.026398905149859982,510.7842680789981,510.7842680789981,510.81066698414793,246.77840738888546
8264,0.02896239339906168,510.89766220182617,510.89766220182617,510.92662459522523,246.86214171390017
8265,0.04640202907981661,510.9251526243557,510.92662459522523,510.9730266243051,246.76599064927706
8266,0.010104079075139733,511.06008354745336,511.06008354745336,511.0701876265285,246.88145050513316
8267,0.17112315722794677,511.1930799331854,512.0290007354267,512.6116849419948,248.37527997340223
8268,0.07646216030280682,511.22142127865357,511.279352527214,511.36514218193855,247.14012543945643
8269,0.08335584445162672,511.2674652061157,511.4996588864837,511.5830147309353,247.27592061308866
8270,0.009327494421756519,511.28125750732903,511.28125750732903,511.2905850017508,247.0372843287733
8271,0.07469504334796652,511.36260672164667,511.36514218193855,511.4452327856533,247.1863614988345
8272,0.005395560366753302,511.3761592238885,511.3761592238885,511.3815547842553,247.09072280170003
8273,0.01734543068860185,511.43581295993636,511.4452327856533,511.46257821634185,247.15737268985768
8274,0.0370806701418272,511.4417105361135,511.46257821634185,511.4996588864837,247.15835762522647
8275,0.2030605526662517,511.59581384128717,513.3128562675528,513.5407920885962,249.20447820141686
8276,0.06953550847006601,511.621611679743,511.621611679743,511.69114718821305,247.30184343910236
8277,0.09462815035321775,511.6507166421827,511.69114718821305,511.81272300211896,247.4300156651228
8278,0.026947663552649208,511.7449280796151,511.7449280796151,511.77187574316775,247.32806095842358
8279,0.05206501375672772,511.8058462580027,511.81272300211896,511.86478801587566,247.364045756883
8280,0.0026880652714504003,511.8921898431761,511.8921898431761,511.89487790844754,247.36042615819335
8281,0.05153086944349191,511.96825294131133,511.9774698659832,512.0290007354267,247.39857806375662
8282,0.07094812549816326,512.0440924115146,512.0440924115146,512.1631949517265,247.5298498728941
8283,0.03265181872686646,512.0786040260186,512.0786040260186,512.1235165479712,247.42416936736004
8284,0.012260703225657164,512.0958635422943,512.0958635422943,512.10812424552,247.4007655088768
8285,0.0032418927611665236,512.1265984952774,512.1265984952774,512.1298403880386,247.41214513632167
8286,0.29994063338642935,512.186091702625,531.5072071312068,532.3701752763084,267.569312100425
8287,0.05700406029080504,512.1945604725995,512.1945604725995,512.3027360542378,247.5217042439631
8288,0.03671563481445316,512.200490611417,512.200490611417,512.2516621327645,247.39489598005892
8289,0.01445588653314325,512.206388508117,512.206388508117,512.2208443946502,247.36230393560984
8290,0.014611951615068591,512.2906428260305,512.3027360542378,512.3173480058529,247.41302055759093
8291,0.060890217287428695,512.3074521819659,512.3173480058529,512.4121770542765,247.3737059966045
8292,0.07484192745121668,512.3418721268222,512.4121770542765,512.4870189817277,247.38578220368038
8293,0.03393883113616522,512.3434904282822,512.3434904282822,512.3774292594184,247.29474592333887
8294,0.0892245026937423,512.559135550992,512.6116849419948,512.7157962506407,247.6008182661388
8295,0.014886805952216826,512.6410771356631,512.6410771356631,512.6559639416153,247.56990381027023
8296,0.0825767699075157,512.6706022594354,512.7157962506407,512.7983730205482,247.66363762367115
8297,0.2695677107270203,512.7667166902573,528.008604467326,528.6099667206495,263.3658229038546
8298,0.014743015783988362,512.7986779437457,512.7986779437457,512.8134209595297,247.67217571576768
8299,0.19906080802440496,512.8596018355295,513.0481644813898,513.3128562675528,248.0471463267741
8300,0.0125012446756446,512.8784440392278,512.8784440392278,512.8909452839034,247.6572937493174
8301,0.024381322879599758,512.9657097775568,512.9657097775568,512.9900911004363,247.68221951641738
8302,0.05279891390240655,513.0514161980077,513.0514161980077,513.1042151119101,247.70723540440417
8303,0.012832064236162554,513.173861198687,513.173861198687,513.1866932629231,247.69347449532572
8304,0.08351462544194867,513.4775022715661,513.5480403779699,513.6315550034118,247.98808299740207
8305,0.024875268377140346,513.4785865559459,513.4785865559459,513.503461824323,247.89949036747913
8306,0.0072482893737624956,513.5384260258054,513.5407920885962,513.5480403779699,247.90161277141044
8307,0.0399377041041265,513.7674257602304,513.7674257602304,513.8073634643345,248.12087097145584
8308,0.04478190768673557,513.7775116994991,513.8073634643345,513.8591024325056,248.1687054738794
8309,0.006957060484423254,513.8267622101189,513.8267622101189,513.8337192706033,248.09751799101974
8310,0.18081142943007644,513.8421453762983,513.9369870995687,514.5288474063627,248.7097916645084
8311,0.08442437471311089,513.9373416943903,513.9373416943903,514.052590615997,248.202566779512
8312,0.03082454689360696,513.9861009152016,513.9861009152016,514.0169254620953,248.1895994886124
8313,0.05269139889694616,514.0055802992848,514.052590615997,514.105282014894,248.22100087331313
8314,0.0326023860168089,514.1897801965965,514.1897801965965,514.238568906965,248.36855177871567
8315,0.0161863243516452,514.1994088995303,514.1994088995303,514.215595223882,248.2450479627872
8316,0.0424414897214351,514.268756554141,514.268756554141,514.3111980438624,248.2340754290204
8317,0.012876556973912082,514.3131548988506,514.3131548988506,514.3260314558245,248.26330970571513
8318,0.12904894028685748,514.3301589163292,514.7837731371321,514.9174393197089,248.8297652660162
8319,0.03853887390662798,514.3317717703025,514.3317717703025,514.3703106442091,248.21384572124524
8320,0.039061267129759235,514.3418904530325,514.3703106442091,514.4209537279942,248.21222614293325
8321,0.41107962655249014,514.370754708787,616.4159679411401,617.2879180337569,351.0433765342549
8322,0.011581816655229355,514.3827044168627,514.3827044168627,514.394286233518,248.11940514551068
8323,0.049819842104747866,514.3872572479595,514.4209537279942,514.4707735700989,248.05363614400272
8324,0.17397115247838318,514.3943139499054,515.2704255581008,515.6969298001378,249.19656191874344
8325,0.09130714225428298,514.4653099159128,514.6478902551539,514.7506812026164,248.30625094863254
8326,0.02968089037133511,514.5233831546724,514.5288474063627,514.558528296734,248.07593718327087
8327,0.05841252297758112,514.5404414528848,514.558528296734,514.6169408197117,248.09008384121952
8328,0.2390590990176762,514.5565276758115,515.6969298001378,515.9598524712582,249.45380372268616
8329,0.03094943544223128,514.5916438575451,514.6169408197117,514.6478902551539,248.07833347435005
8330,0.011483805208168413,514.6855255066932,514.6855255066932,514.6970093119014,248.10510410922976
8331,0.03309193451571872,514.7455855897618,514.7506812026164,514.7837731371321,248.1585282105517
8332,0.13143632540819095,514.8059265015619,514.9448050453329,515.0836921026898,248.4453043860681
8333,0.004617242289906667,514.8705965614022,514.8705965614022,514.8752138036921,248.24748878674103
8334,0.027365725623961747,514.9088771244792,514.9174393197089,514.9448050453329,248.27052251861417
8335,0.004919372808139471,514.9576502004628,514.9576502004628,514.9625695732709,248.2904480603696
8336,0.002531359140570173,514.9661721415783,514.9661721415783,514.9687035007189,248.28607104020526
8337,0.08790146087714829,515.0397896615514,515.0836921026898,515.1768584167755,248.4621357438509
8338,0.0052648532086171235,515.1033611529155,515.1033611529155,515.108626006124,248.34816636497703
8339,0.024198434996534707,515.1636962802891,515.1768584167755,515.2052552395775,248.42434563071154
8340,0.06517031852335944,515.1729927778498,515.2052552395775,515.2704255581008,248.41651997557062
8341,0.004198387805404826,515.194288589426,515.194288589426,515.1984869772315,248.39083680052812
8342,0.01711818451054925,515.3386575892197,515.3386575892197,515.3557757737302,248.51323616481733
8343,0.07527939992241055,515.3649649463667,515.3649649463667,515.4643699339041,248.62475629147858
8344,0.024125587614928952,515.3669496886478,515.3669496886478,515.3910752762627,248.5345483477563
8345,0.07969343722641989,515.4536577181161,515.4643699339041,515.5440633711305,248.65044757525354
8346,0.041813968608757454,515.5418693350001,515.5440633711305,515.5858773397392,248.57408553825033
8347,0.014502511675612327,515.6141826393366,515.6141826393366,515.6286851510122,248.64095092296145
8348,0.007750259501015181,515.7676564649232,515.7676564649232,515.7754067244242,248.70056053678343
8349,0.22989741601406108,515.7741808717823,524.2264022805408,524.5074938667228,257.14167634851475
8350,0.016113312601669885,515.790124871956,515.790124871956,515.8062381845576,248.62898529626253
8351,0.07913592993458718,515.9348388204352,515.9598524712582,516.1063365029164,248.86995188856804
8352,0.1592827304668365,515.9563904249142,517.1160440466837,517.2979587924658,250.03881614677877
8353,0.06734810172356344,515.9682733581781,515.9682733581781,516.0356214599017,248.68839989630564
8354,0.11136257309878751,515.9927187614136,516.3847441049927,516.4961066780915,249.0896606935871
8355,0.16957664472674597,516.0226792006066,517.2979587924658,517.5698590534209,250.1097493939635
8356,0.09840199342593205,516.0316022549647,516.1063365029164,516.2264867803655,248.72409481685622
8357,0.021748284023156598,516.1257782883868,516.1257782883868,516.1475265724099,248.58007361182186
8358,0.0965111565622975,516.1762211838069,516.2264867803655,516.3847441049927,248.73535707797782
8359,0.02833566878515356,516.2412482061428,516.2412482061428,516.269583874928,248.6049464524738
8360,0.029422609299652413,516.2701657248156,516.2701657248156,516.2995883341152,248.6177085310697
8361,0.003987889980084312,516.3091476595646,516.3091476595646,516.3131355495447,248.65653289111745
8362,0.06645624321527299,516.4928138344687,516.4961066780915,516.6077741937621,248.79451688854718
8363,0.04521127245537703,516.5166622429449,516.5166622429449,516.5618735154003,248.75890274677656
8364,0.09683260703019612,516.5435506515289,516.6077741937621,516.759707203275,248.8635536989354
8365,0.11601112866478086,516.5779842696619,516.9853913120065,517.1160440466837,249.19360254027885
8366,0.0551004024825555,516.6213216027077,516.6213216027077,516.6764220051903,248.77910200265734
8367,0.08553015875014826,516.6921263543552,516.759707203275,516.8452373620252,248.93440134408488
8368,0.09962896847585671,516.8188558932676,516.8857623435307,516.9853913120065,248.95194707885673
8369,0.04052498150558352,516.8257751979971,516.8452373620252,516.8857623435307,248.89125474325667
8370,0.01464160601238275,517.0182054282812,517.0182054282812,517.0328470342936,249.02607704992332
8371,0.022632015315254595,517.1875516390254,517.1875516390254,517.2101836543407,249.1551874554778
8372,0.004648697086763102,517.3756291621014,517.3756291621014,517.3802778591881,249.33882340886288
8373,0.04479879139013511,517.3894051831461,517.3894051831461,517.4747769404214,249.3659040788951
8374,0.015496154831543265,517.3895332772719,517.3895332772719,517.4050294321034,249.31176295972463
8375,0.02507681105359014,517.418141061956,517.418141061956,517.4432178730096,249.33829085014588
8376,0.09690088876378929,517.4236589439969,517.5698590534209,517.7396858671893,249.55084636762737
8377,0.19164280575070647,517.4377197655276,518.270591681321,519.6601267727475,251.50361222274236
8378,0.012303161866352429,517.5439845383688,517.5439845383688,517.5562877002352,249.39045126558253
8379,0.02368733620511616,517.579903709304,517.579903709304,517.6035910455091,249.3630759627377
8380,0.08734091361618125,517.6208885009004,517.7396858671893,517.8270267808056,249.598825979682
8381,0.022676394446559816,517.6288491146126,517.6288491146126,517.6515255090592,249.4022483412381
8382,0.02656219435294676,517.6534283975508,517.6534283975508,517.6799905919037,249.3979105454523
8383,0.03651975667778175,517.8163575494165,517.8270267808056,517.8635465374833,249.5720197340012
8384,0.07034867787977826,517.8362738011598,517.9551241307279,518.0299664068567,249.65022077698714
8385,0.05820044427720601,517.848790391082,517.8635465374833,517.9217469817605,249.5450637003936
8386,0.12429828326731292,517.8544977880953,518.0299664068567,518.166285036324,249.71766900100062
8387,0.033377148967324854,517.8987060788064,517.9217469817605,517.9551241307279,249.54076515280383
8388,0.20481032012830883,517.9554318426657,523.687212852212,524.2264022805408,255.7873443296189
8389,0.0044935982490666064,517.9566281836879,517.9566281836879,517.961121781937,249.5447787545861
8390,0.27158205237696453,517.9924647395227,528.6099667206495,529.9060193830117,261.4139196358849
8391,0.23465515703300738,518.0465626844883,524.5074938667228,524.8096158191918,256.30376416293115
8392,0.012020346199943214,518.0666158861994,518.0666158861994,518.0786362323994,249.5906704442444
8393,0.09121108859064962,518.0979609911145,518.166285036324,518.270591681321,249.74687383859944
8394,0.013095556406381614,518.2153273105527,518.2153273105527,518.228422866959,249.6866182177618
8395,0.06873449435331307,518.333125652707,518.333125652707,518.4018601470603,249.75596784403578
8396,0.19578218647033724,518.3650218139936,523.0168223821642,523.2827273570177,254.58141285217948
8397,0.05252591921644814,518.4125882544009,518.4125882544009,518.4651141736174,249.6689324778058
8398,0.11447019816219067,518.4311013774053,518.4651141736174,518.6146414780686,249.75396428235806
8399,0.014429560989733674,518.5056223398011,518.5056223398011,518.5200519007908,249.6502370971077
8400,0.04263601947282049,518.5645517019466,518.6146414780686,518.6690515933959,249.78620193686817
8401,0.020627545299392855,518.5697215256422,518.5697215256422,518.5903490709416,249.6784664875289
8402,0.011774095854490867,518.6163208624005,518.6163208624005,518.6280949582549,249.71203737253728
8403,0.05092253358913026,518.6211056575969,518.7068322527401,518.7577547863293,249.83707449308812
8404,0.11515128849221642,518.6360701085746,519.4113862358926,519.5265375243848,250.4955671943302
8405,0.037780659344237105,518.6506260196977,518.6690515933959,518.7068322527401,249.70429464824167
8406,0.10378288358042634,518.6676632142571,518.8465650038082,518.9503478873886,249.8934029107261
8407,0.021381683129104854,518.7483469947801,518.7577547863293,518.7791364694584,249.74644216282638
8408,0.1608173437262933,518.7631270185025,519.8705373411466,520.1600443916135,251.03564901871567
8409,0.052271459039464126,518.7776987337754,518.7791364694584,518.8465650038082,249.7032196409897
8410,0.011932444742170294,518.7939582858777,518.7939582858777,518.8058907306198,249.65325372083407
8411,0.0032246305681829734,518.8204662409453,518.8204662409453,518.8236908715135,249.67183081580782
8412,0.09386727249452842,518.909875644328,518.9503478873886,519.0442151598832,249.79948488236465
8413,0.10751207631280921,518.9723390964045,519.0442151598832,519.1517272361959,249.92226745166565
8414,0.11065571392310278,519.076009213727,519.2316727541897,519.4113862358926,250.12576176521497
8415,0.006320443960293745,519.1466232300804,519.1517272361959,519.1580476801562,249.8867826157583
8416,0.07362507403350566,519.149380094197,519.1580476801562,519.2316727541897,249.87570638601676
8417,0.013194001779906669,519.2344760889177,519.2344760889177,519.2476700906976,249.91820861452163
8418,0.016441696136453694,519.2738704188339,519.2738704188339,519.2903121149703,249.88073971515556
8419,0.009818783433712145,519.2936814283239,519.2936814283239,519.3035002117576,249.79691699421633
8420,0.017564874005636315,519.3542212240216,519.3542212240216,519.3838245104513,249.86887979432453
8421,0.012038412424126302,519.3559173905252,519.3559173905252,519.3679558029493,249.85263324863038
8422,0.14478806748241382,519.5579296227113,519.6601267727475,519.8049148402299,250.12946168908786
8423,0.015208521338661418,519.62859589982,519.62859589982,519.6438044211586,249.9742213500472
8424,0.16604578102138928,519.7344305692678,521.9171176289086,522.1041619367029,252.39516611276264
8425,0.06562250091665024,519.7602086395958,519.8049148402299,519.8705373411466,250.01656430389852
8426,0.028594358051942013,519.9433876746252,519.9433876746252,519.9719820326771,250.1476580996859
8427,0.019694232516263836,519.9853104506274,519.9853104506274,520.0079638528734,250.16164176013294
8428,0.0029591697298445513,519.9892488953161,519.9892488953161,519.9922080650459,250.14558055133136
8429,0.08291881863242126,519.9900425421504,520.3501223015465,520.4330411201789,250.58391833580856
8430,0.06436405815990248,519.9996667610242,520.0079638528734,520.0723279110333,250.11678509566852
8431,0.08612167987410368,520.0766315737948,520.4330411201789,520.5277979836995,250.57407149896113
8432,0.013077888282768535,520.0841773728048,520.0841773728048,520.0972552610875,250.1344210336389
8433,0.05940954656347144,520.1506906294553,520.1600443916135,520.2194539381769,250.25250529509947
8434,0.09142224648859858,520.1528027382435,520.5277979836995,520.6192202301881,250.54754328267745
8435,0.07675187586078965,520.1809733521543,520.2429877229602,520.3283566948038,250.3357873520406
8436,0.023533784783236977,520.2151669221911,520.2194539381769,520.2429877229602,250.22169803573811
8437,0.008617095982957543,520.3053361325593,520.3053361325593,520.3139532285422,250.2888132741072
8438,0.021765606742802993,520.3227414264354,520.3283566948038,520.3501223015465,250.25047386558583
8439,0.1912073889643999,520.4304409748277,522.6346896764552,522.8322924555738,252.72353760433532
8440,0.008635183646589197,520.4340222954065,520.4340222954065,520.4426574790531,250.32390365561432
8441,0.12986018649877173,520.4901286608717,520.6192202301881,520.8623379263842,250.71452772924792
8442,0.04363039464402969,520.631891901492,520.631891901492,520.6755222961361,250.5008802593431
8443,0.018459389508196214,520.6786666199224,520.6786666199224,520.6971260094306,250.5526449835567
8444,0.15718472228122776,520.6910269708181,520.9340495174246,521.5089268719507,251.36490728773606
8445,0.04391840184787295,520.6922196065508,520.6971260094306,520.7410444112785,250.55443354221575
8446,0.007249323697169553,520.7872985048111,520.7872985048111,520.7945478285083,250.63701820037306
8447,0.02732817211078315,520.8374773021761,520.8623379263842,520.8896660984949,250.70920910322005
8448,0.03512552208850959,520.8891200212362,520.8896660984949,520.9340495174246,250.7113968421628
8449,0.003788661814205981,520.8900700396655,520.8900700396655,520.8938587014796,250.65963581040907
8450,0.005469235027067298,520.9175435368287,520.9175435368287,520.9230127718557,250.61585875497212
8451,0.06468718733647347,520.979140825416,520.979140825416,521.0438280127526,250.71822084307078
8452,0.08530637887713978,520.9801083317315,521.0836611346477,521.2422815477103,250.86206605718692
8453,0.03429704433945579,521.0430267197013,521.0438280127526,521.0836611346477,250.70366477828725
8454,0.005536077555742295,521.046740099132,521.046740099132,521.0522761766877,250.6464248946798
8455,0.03210277380243923,521.1108294971004,521.1108294971004,521.1429322709029,250.63208710199976
8456,0.041211260383014696,521.1560797928588,521.1560797928588,521.1972910532418,250.6724655845968
8457,0.07637790493301548,521.2103565152443,521.2422815477103,521.3547339703459,250.79370810189795
8458,0.03607451770264424,521.2640747943561,521.2640747943561,521.3001493120588,250.69740080987694
8459,0.04209948731500759,521.4120980624662,521.4120980624662,521.4541975497812,250.8454091663078
8460,0.03861269516096616,521.4779836946738,521.5089268719507,521.5475395671117,250.93411085083085
8461,0.040431232101230175,521.4782602684429,521.5475395671117,521.5879707992129,250.9644717063331
8462,0.24059702497409652,521.5065918008796,524.8096158191918,525.0502128441659,254.4413312557481
8463,0.09280771977066975,521.5144664349962,521.5879707992129,521.8148878816103,251.18818257797062
8464,0.04334707546251008,521.606162663216,521.606162663216,521.6495097386785,250.97658733935182
8465,0.0732272418705498,521.6154020273251,521.6495097386785,521.7402720258426,251.06308333558056
8466,0.01753504529358353,521.7007331039741,521.7007331039741,521.7182681492677,251.0315172180598
8467,0.10222974729834142,521.8105739744442,521.8148878816103,521.9171176289086,251.1143924692622
8468,0.020998526772881734,521.9281955840655,521.9281955840655,521.9491941108384,251.2115663562289
8469,0.10337267374161674,522.0593829626335,522.1925020329618,522.2958747067034,251.51627461479515
8470,0.0678074424955764,522.0637873682386,522.1041619367029,522.1925020329618,251.38188992959383
8471,0.02053265376333193,522.1399562468664,522.1399562468664,522.1604889006297,251.3595532628626
8472,0.0968181993996334,522.2054134845221,522.3821309347703,522.47894913417,251.69039309599057
8473,0.0862562280668593,522.2334891081595,522.2958747067034,522.3821309347703,251.5012914996306
8474,0.024473134796406032,522.4753880834878,522.47894913417,522.5034222689663,251.608147914245
8475,0.03003467906015538,522.4865705153946,522.5034222689663,522.5334569480265,251.5356933827002
8476,0.10123272842872529,522.5253804975614,522.5334569480265,522.6346896764552,251.51166449010248
8477,0.006395390154236631,522.6724778131291,522.6724778131291,522.6788732032834,251.60793062855515
8478,0.03399363082941256,522.8052150113273,522.8627764871903,522.8967701180197,251.78765674653164
8479,0.03048403161657756,522.8317224440575,522.8322924555738,522.8627764871903,251.7265401164187
8480,0.12005226414441486,522.864004218096,522.8967701180197,523.0168223821642,251.75723769583823
8481,0.009214681516103272,523.0906828616656,523.0906828616656,523.0998975431818,251.93794992904705
8482,0.06090810686718089,523.0935860611962,523.0998975431818,523.1608056500489,251.91023479403665
8483,0.1659266539987505,523.2449791545279,523.2827273570177,523.4801496239266,252.27312795938056
8484,0.01466959440379216,523.367036094406,523.367036094406,523.3817056888098,252.12567005569636
8485,0.016826018506343177,523.3700057993307,523.3817056888098,523.3985317073161,252.0998605983472
8486,0.0897334060101617,523.4614829651536,523.5974794462019,523.687212852212,252.31258606104018
8487,0.03176682227503781,523.4660785917334,523.4801496239266,523.5119164462017,252.20665134455717
8488,0.07208074124281465,523.493163541206,523.525398704959,523.5974794462019,252.20489985429657
8489,0.013482258757391532,523.5041584825367,523.5119164462017,523.525398704959,252.18738191779448
8490,0.035217239247403526,523.7559229610131,523.7559229610131,523.7911402002605,252.3754172636275
8491,0.07468282726109846,523.7568293377082,523.8335612340104,523.9082440612715,252.48053968076184
8492,0.04242103374986373,523.7715511669456,523.7911402002605,523.8335612340104,252.35310415329488
8493,0.04230242159525235,523.8829666222747,523.9082440612715,523.9505464828668,252.43657747636223
8494,0.0629927433774703,523.9894641101133,523.9894641101133,524.1090291055835,252.60278674205483
8495,0.02890026987983405,524.0183412646854,524.0183412646854,524.0749135167782,252.57087529030537
8496,0.027671982213003793,524.0194644661418,524.0194644661418,524.0471364483548,252.52725377137298
8497,0.011191864143585892,524.1522849378379,524.1522849378379,524.1634768019815,252.60413213757047
8498,0.008998726732906828,524.1582828631347,524.1634768019815,524.1724755287144,252.60852409170295
8499,0.037072512186069294,524.2281069520907,524.2281069520907,524.2793011222586,252.69329575490212
8500,0.01412165798183626,524.2344249412904,524.2344249412904,524.2485465992722,252.67740921187493
8501,0.015838353797207088,524.5639145669675,524.5639145669675,524.5797529207647,252.99602468128975
8502,0.03404872350489953,524.6312331418007,524.6312331418007,524.6652818653057,253.0089799795822
8503,0.01757971813375195,524.7574222954677,524.7574222954677,524.7750020136015,253.12657980252453
8504,0.18820043814155013,524.8829802162264,525.0886798322073,525.3246256315244,253.64377844682156
8505,0.21922844256614896,524.9253092575987,526.9489366519822,527.2654780685025,255.5628327217496
8506,0.03846698804140372,525.0356543071018,525.0502128441659,525.0886798322073,253.3527627688108
8507,0.24439235985929625,525.1215872589661,527.6738689301558,527.9473109701544,256.11837406014905
8508,0.1510923304047366,525.1793911240842,525.5472706747889,526.0224526913448,254.14915853111293
8509,0.028360969913085607,525.1962849771305,525.1962849771305,525.2328344798143,253.34647506104366
8510,0.00818853277067804,525.2010705796815,525.2010705796815,525.2092591124522,253.2514303716019
8511,0.007631802951778246,525.2700143493462,525.2700143493462,525.2812102078381,253.31718505369878
8512,0.0035640555400856225,525.2711751408841,525.2711751408841,525.2747391964242,253.2185169113955
8513,0.12965036400577293,525.2854607551536,525.3570673395285,525.4898144594725,253.3689833593344
8514,0.032441708004033676,525.2929226143713,525.3246256315244,525.3570673395285,253.22527426460528
8515,0.0030967559383049195,525.4113484552245,525.4113484552245,525.4144452111627,253.30313057230993
8516,0.05745621531641818,525.4638095490097,525.4898144594725,525.5472706747889,253.3773762934676
8517,0.0676220850182099,525.5575929902292,525.5575929902292,525.6359345030723,253.45017779316112
8518,0.01071942782493678,525.5783732908297,525.5783732908297,525.5890927186547,253.4030148985916
8519,0.06609367236956225,525.6638095727734,525.6638095727734,525.729903245143,253.53025673506104
8520,0.109142188049322,525.7200514810198,525.729903245143,525.8507151809747,253.56467243546507
8521,0.011669747782404621,525.7605410840158,525.7605410840158,525.7722108317982,253.49116921223313
8522,0.058842565106698316,525.8192694243786,525.8507151809747,525.9095577460814,253.5736246745241
8523,0.15487740635686642,526.01071787912,526.0224526913448,526.187724768732,253.85650119678402
8524,0.173171258622421,526.0527995208345,526.462036306906,526.8586607658333,254.46622858153432
8525,0.005736038589051371,526.0952690017218,526.0952690017218,526.1010050403108,253.72533116381317
8526,0.004658632441352697,526.1102608818944,526.1102608818944,526.1149195143357,253.70207476622326
8527,0.10099432234078341,526.1672641456622,526.187724768732,526.3265571281484,253.8709049742162
8528,0.03783803707557455,526.2474583060219,526.2474583060219,526.2852963430976,253.84845989697033
8529,0.0747848399927009,526.2676889092146,526.3265571281484,526.4013419681411,253.97151791429215
8530,0.060694338765015586,526.4013342402674,526.4013419681411,526.462036306906,253.97056592218507
8531,0.06427184978210061,526.4721401728,526.4721401728,526.5364120225821,254.00032046334533
8532,0.03238079951570712,526.579660618498,526.579660618498,526.6120414180137,254.1204087018967
8533,0.057280863509854826,526.6011808518846,526.6120414180137,526.6782490997211,254.1666824401128
8534,0.00892681819750629,526.6411724964186,526.6411724964186,526.6500993146161,254.12471212902682
8535,0.06059286929948013,526.6594960059115,526.6782490997211,526.7388419690207,254.141504334127
8536,0.09027588614890718,526.7842300225122,526.8586607658333,526.9489366519822,254.30716142796385
8537,0.010372416109296432,526.9905151843517,526.9905151843517,527.0008876004609,254.43701781180627
8538,0.027321118582750558,526.997157004211,527.0008876004609,527.0282087190437,254.4381254435194
8539,0.011111065718069284,527.061704635603,527.061704635603,527.072815701321,254.47783392589295
8540,0.026624139901358517,527.1444575969618,527.1444575969618,527.1710817368632,254.54400066791405
8541,0.021884233642600705,527.1919630816645,527.1919630816645,527.2138473153071,254.5849960943045
8542,0.06065548821166075,527.2368329312351,527.2654780685025,527.3261335567141,254.67584839610063
8543,0.14818699227437246,527.2933397662549,527.3261335567141,527.5276990260215,254.8908846705413
8544,0.05337847703297389,527.4196766242233,527.4196766242233,527.4730551012563,254.77223055560623
8545,0.09741200472315938,527.5216266185943,527.5276990260215,527.6738689301558,254.88893618683161
8546,0.048757899411055974,527.5302434911408,527.5302434911408,527.5790013905519,254.7724782694379
8547,0.02904968013936641,527.8586038760261,527.8586038760261,527.8876535561654,255.07551116859838
8548,0.061293497171640746,527.9107925765168,527.9473109701544,528.008604467326,255.1460709341646
8549,0.07058537716953867,528.0678517990705,528.0678517990705,528.1745489203164,255.28720849618222
8550,0.03611174407634727,528.0685270565886,528.0685270565886,528.1046388006649,255.21879593577515
8551,0.07384080991492788,528.0698142919795,528.1745489203164,528.2483897302313,255.25479499040986
8552,0.09232590998451075,528.299136665969,528.299136665969,528.3914625759535,255.42579789265926
8553,0.04317848177263844,528.3752011794157,528.3914625759535,528.4346410577261,255.44078076156262
8554,0.015752219678338085,528.4689447817219,528.4689447817219,528.4846970014003,255.4771532334814
8555,0.16795588623891813,528.6150301511032,528.6150301511032,528.9574398259425,255.80848373109328
8556,0.03713545473889943,528.6154455154192,528.6154455154192,528.652580970158,255.63046476664738
8557,0.2838950288924495,528.6408792065521,529.9060193830117,531.0162918261217,257.9537461364181
8558,0.13282886646946027,528.6711476941723,528.6711476941723,528.8084660280339,255.62055524805433
8559,0.1743663753331185,528.7128102019582,528.9574398259425,529.1744945936686,255.9970392497719
8560,0.0044894673921283,528.7217168586819,528.7217168586819,528.726206326074,255.57711409164378
8561,0.01494318307800039,529.0386620518102,529.0386620518102,529.0536052348882,255.88520232951828
8562,0.02774520931499622,529.079582465645,529.079582465645,529.10732767496,255.91614107999686
8563,0.11578359370112605,529.1759590594298,529.1759590594298,529.5735144230014,256.2847164247459
8564,0.09431944106575345,529.1855699752305,529.1855699752305,529.3992934876517,256.15753421005047
8565,0.08266793241762146,529.1856286123727,529.1856286123727,529.3050326837282,256.0075789385116
8566,0.03673613893783758,529.1891399532366,529.1891399532366,529.2258760921744,255.93849731643778
8567,0.0600665640782588,529.3745191065766,529.3992934876517,529.4673417451008,256.02890039783085
8568,0.0079816933708556,529.414788137149,529.414788137149,529.4227698305199,256.0202967136715
8569,0.05397579284641756,529.6822254361354,529.6822254361354,529.7362012289818,256.28523443610305
8570,0.0008759987361749278,529.8333961162956,529.8333961162956,529.8342721150318,256.3832112123437
8571,0.012599012265540397,529.8552113129665,529.8552113129665,529.8678103252321,256.3923949319172
8572,0.1505152266897926,529.9236825716864,529.9236825716864,530.0741977983762,256.44360150838946
8573,0.3069808647579787,530.076543189348,532.5637234554466,533.2085008149835,259.68470273229326
8574,0.004813279015747201,530.0983795517038,530.0983795517038,530.1031928307195,256.5925758787136
8575,0.0047169920911632164,530.0989804388964,530.1031928307195,530.1079098228107,256.59455336444256
8576,0.18587316661337053,530.1592345255827,530.1592345255827,530.425643143699,256.90251962418773
8577,0.05327419789435608,530.2470446578131,530.2470446578131,530.3003188557075,256.7065919852561
8578,0.11489514846845349,530.2686244169649,530.4778893470094,530.7828525469909,257.0725141938574
8579,0.011140307178392603,530.3176288002564,530.3176288002564,530.3287691074348,256.67282905307155
8580,0.0522462033104041,530.3826781047702,530.425643143699,530.4778893470094,256.7290418396327
8581,0.009277403648569727,530.3899469331272,530.3899469331272,530.3992243367758,256.6343523965369
8582,0.006843542781550461,530.4099830409241,530.4099830409241,530.4168265837056,256.65341863658864
8583,0.024772400003259976,530.494761935319,530.494761935319,530.5195343353223,256.7190990433864
8584,0.06039577868738096,530.5079026394403,530.5195343353223,530.5799301140097,256.77937424610946
8585,0.06918887946300936,530.5415118912746,530.5943733221626,530.6635622016256,256.78936190424565
8586,0.014443208152935667,530.5788105951953,530.5799301140097,530.5943733221626,256.7531523659496
8587,0.02126778520643916,530.678246936637,530.678246936637,530.6995147218435,256.75897149826824
8588,0.00047505163107691565,530.8690045530765,530.8690045530765,530.8694796047075,256.8073330688002
8589,0.04223884338187863,530.9023330568727,530.9023330568727,530.9445719002546,256.8189306686857
8590,0.11186693935234046,530.9875927808285,531.1591323216561,531.2709992610085,257.17488395867485
8591,0.040045187948778975,531.0084092603582,531.0162918261217,531.0563370140704,256.918724273343
8592,0.10279530758565557,531.0132077657067,531.0563370140704,531.1591323216561,256.97581658586165
8593,0.12208849065848697,531.1124135744867,531.350034489419,531.4721229800775,257.2839523325262
8594,0.07903522841058727,531.2613283202882,531.2709992610085,531.350034489419,257.04969113868987
8595,0.03508415112926164,531.4441642716229,531.4721229800775,531.5072071312068,257.22473633840303
8596,0.3854907496905551,531.5880701618806,538.8303316416984,539.3936333662394,264.90269619172716
8597,0.03766709441924931,531.6016794130287,531.6016794130287,531.639346507448,257.2307417215792
8598,0.062060945466271215,531.7103198484314,531.7103198484314,531.7723807938976,257.3392788823296
8599,0.147790262272223,531.7758340181067,532.3701752763084,532.5637234554466,258.1154226548668
8600,0.004123573129228252,531.7793046987467,531.7793046987467,531.783428271876,257.2834842976242
8601,0.06356306747948189,531.7879912899192,531.7879912899192,531.8515543573986,257.3212371089315
8602,0.04437141039397219,531.8212234252013,531.8515543573986,531.9062193670107,257.3380213114363
8603,0.0990849485779301,531.8687333897789,531.9062193670107,532.0072875391403,257.43163329154385
8604,0.010293599218121135,531.8847651452173,531.8847651452173,531.8950587444355,257.3085882565165
8605,0.001983223551612072,531.9654879757259,531.9654879757259,531.9674711992775,257.35764802633594
8606,0.09388473307410415,531.9731989097787,532.0931024411339,532.2386015324008,257.42127257610264
8607,0.029812657081466576,531.9897759058182,532.0072875391403,532.0371001962218,257.26529562079344
8608,0.056002244912120906,532.0296000773837,532.0371001962218,532.0931024411339,257.2499948110899
8609,0.05161435819281588,532.1209675517482,532.1209675517482,532.1725819099411,257.3084835476778
8610,0.008565656218787304,532.2762824976022,532.2762824976022,532.284848153821,257.4181346874629
8611,0.04575791686598052,532.4636199962142,532.4636199962142,532.5093779130802,257.59473398028086
8612,0.026802757408264592,532.6064129368691,532.6064129368691,532.6332156942774,257.68389449505383
8613,0.021230629579365133,532.6497668907964,532.6497668907964,532.6709975203757,257.67065427310246
8614,0.0006927088452732516,532.7160085553322,532.7160085553322,532.7167012641775,257.71565094311586
8615,0.06754072430625076,532.7880820984773,532.7880820984773,532.8556228227835,257.6625443434536
8616,0.08679958916946472,532.8864603794188,532.8864603794188,532.9732599685883,257.79185100266767
8617,0.06886358739190039,532.9458232157472,532.9732599685883,533.0558572667337,257.8411809721446
8618,0.013733710753474073,532.9881132763683,532.9881132763683,533.0018469871218,257.8178070188112
8619,0.05213278732489551,533.0642886890857,533.0642886890857,533.1164214764107,257.88833169671744
8620,0.14309647686119079,533.0664145637306,533.6173388948914,533.7604353717526,258.4065451018655
8621,0.045148315236509876,533.1709013947743,533.2085008149835,533.25364913022,257.99394412637736
8622,0.08800073562219042,533.1790762694279,533.25364913022,533.3494996102855,258.0724256285974
8623,0.10801377751215188,533.2777860756756,533.3494996102855,533.5666612291826,258.2704604881424
8624,0.007849744443367649,533.2865483107109,533.2865483107109,533.2943980551543,258.03282971478995
8625,0.06166324595454311,533.3832109912316,533.3832109912316,533.4448742371861,258.0919220851281
8626,0.018434355061056517,533.4695684627319,533.4695684627319,533.4880028177929,258.17505018120295
8627,0.029050240369429787,533.4766763710865,533.4880028177929,533.5170530581623,258.2080812611646
8628,0.05067766570875725,533.5170436589159,533.5666612291826,533.6173388948914,258.2533203428709
8629,0.010929636753631941,533.7629534672176,533.7629534672176,533.7738831039712,258.42808020306995
8630,0.01060886016216864,533.810657879915,533.810657879915,533.8212667400771,258.4283655633534
8631,0.02674506412877547,533.9257621239296,533.9257621239296,533.9546341318897,258.5207442630979
8632,0.0021269438313384174,533.9383641836208,533.9383641836208,533.9404911274521,258.47824924442745
8633,0.010078937495882456,533.9540543435762,533.9546341318897,533.9647130693857,258.4770668179452
8634,0.1517961179318001,533.9998106677893,533.9998106677893,534.160710483889,258.60691023744397
8635,0.009103698167865057,534.039312710141,534.039312710141,534.0484164083089,258.4899051077603
8636,0.12710241393405713,534.1555734508768,534.160710483889,534.5002955416995,258.83646065237764
8637,0.08091530701548791,534.1875221067106,534.1875221067106,534.330119125959,258.71759108919196
8638,0.04353857365216693,534.1906823537907,534.1906823537907,534.2523640660236,258.6505325379583
8639,0.018143138580624853,534.2143648963711,534.2143648963711,534.2325080349517,258.5912055220865
8640,0.0698856246281145,534.2879676532363,534.330119125959,534.4000047505871,258.69196011232924
8641,0.12415740826383997,534.527874870699,534.527874870699,534.7486216079312,259.03770832276206
8642,0.09658932896842277,534.5408683714364,534.5408683714364,534.6374577004049,258.8110252402843
8643,0.05177887130842675,534.7076892794269,534.7486216079312,534.8004004792397,258.9767422196296
8644,0.4039813462329355,534.7938638400304,561.1255079682044,562.0908162803792,286.2311641194908
8645,0.21007723349665644,534.8845336948294,535.0285978007099,536.722038217477,260.69200596274925
8646,0.019296209298059353,534.9258154084482,534.9443381511192,534.9636343604172,259.0233552632073
8647,0.06496344029268036,534.925972216035,534.9636343604172,535.0285978007099,259.0351810117084
8648,0.05450684823433638,535.0440775568478,535.0440775568478,535.0985844050822,259.0644959730222
8649,0.11473713816233876,535.0834830987494,535.0985844050822,535.2607203069738,259.2144849128106
8650,0.18174226719609457,535.0837673260593,535.3221628247306,535.8157922777974,259.7620126270993
8651,0.047398763729267844,535.1430157284867,535.1430157284867,535.190414492216,259.08627209203325
8652,0.18808537196370845,535.2180146624612,535.8795545937932,536.1595591433319,260.038620889631
8653,0.06144251775680825,535.2351494025421,535.2607203069738,535.3221628247306,259.1859553784965
8654,0.0730532096219035,535.334479941041,535.334479941041,535.4075331506629,259.29040450212045
8655,0.10904444875475365,535.374676485777,535.4075331506629,535.5854613830738,259.4512119091697
8656,0.00505385324835959,535.416082059782,535.416082059782,535.4211359130303,259.3185081892925
8657,0.03151537586079536,535.419028210042,535.4211359130303,535.452651288891,259.3168921529626
8658,0.19541891970232245,535.4916401915121,537.46826564378,538.0178843370754,261.7828568322253
8659,0.03231455454717474,535.5185571188816,535.5185571188816,535.5508716734288,259.36727425694227
8660,0.02333976290530309,535.6111961411642,535.6111961411642,535.6354785382476,259.44898522027734
8661,0.0009426341781444163,535.6335443254771,535.6335443254771,535.6344869596553,259.3922403626739
8662,0.007301088250717858,535.6490488936889,535.6490488936889,535.6563499819397,259.4053590320081
8663,0.020629955364358552,535.6718930365952,535.6718930365952,535.6925229919595,259.4245328846247
8664,0.06376231599576311,535.7444211902558,535.8157922777974,535.8795545937932,259.49905045861726
8665,0.005663550624187806,535.7891212049908,535.7891212049908,535.794784755615,259.4248034334462
8666,0.003028752515094999,535.8033491561455,535.8033491561455,535.8063779086606,259.39928374682086
8667,0.0073628725885728835,535.8846820986415,535.8846820986415,535.8920449712301,259.44572432336867
8668,0.018372262799559447,535.9488437313269,535.9488437313269,535.9672159941264,259.51875399873853
8669,0.03952050389525711,535.9669133989628,535.9672159941264,536.0067364980216,259.4184984922396
8670,0.0266635382917518,536.0701888927352,536.0701888927352,536.096852431027,259.5025317672412
8671,0.06709644428197449,536.1995255442317,536.1995255442317,536.2666219885137,259.6769965755033
8672,0.06912764495846738,536.2602893498947,536.2666219885137,536.3734285069905,259.7556230926823
8673,0.011886087615498357,536.2735993907664,536.2735993907664,536.2854854783819,259.6785521754102
8674,0.025368052928611558,536.2868965594567,536.2868965594567,536.3122646123853,259.63907056841794
8675,0.0004247329742315378,536.3423201272301,536.3423201272301,536.3427448602043,259.6458784952838
8676,0.056106786288753284,536.3926899159694,536.3926899159694,536.4487967022582,259.7362720668291
8677,0.07795304879262036,536.4364640833196,536.4487967022582,536.5343048284809,259.8095817205151
8678,0.15877698050226519,536.4598974539923,536.722038217477,536.9741553480072,260.1877034320977
8679,0.05236372151604172,536.4821230279335,536.5343048284809,536.586668549997,259.80972416822965
8680,0.0075550774300631165,536.5137341289758,536.5137341289758,536.5212892064059,259.7643427138567
8681,0.1401388390111519,536.7683871107065,536.9741553480072,537.3023136215521,260.4223524755157
8682,0.16595202222783675,536.7770936340057,537.3023136215521,537.46826564378,260.51536369292154
8683,0.04585012453001781,536.7975361624622,536.7975361624622,536.8433862869922,259.9613982064307
8684,0.047490025497951505,536.8552992020797,536.8552992020797,536.9027892275776,260.0131977010794
8685,0.06025769966212413,536.9810860824058,536.9810860824058,537.0413437820679,260.05309511860804
8686,0.02892587168843808,537.0501717021907,537.0501717021907,537.0790975738792,260.0943689706859
8687,0.09883586318326544,537.0569562534195,537.0790975738792,537.1779334370624,260.0777789028879
8688,0.016825291493865056,537.5360541293611,537.5360541293611,537.552879420855,260.53241293326613
8689,0.02945649051200156,537.5446202229637,537.552879420855,537.582335911367,260.53615949814116
8690,0.07186254039531705,537.5945675503773,537.5945675503773,537.6664300907726,260.64114101467476
8691,0.1624557470870355,537.6337033500837,538.0178843370754,538.2934117543958,261.22882332777436
8692,0.019887386835250393,537.6522447395342,537.6664300907726,537.6863174776078,260.62285380780077
8693,0.08638597255835909,537.6598623936861,537.7228432384941,537.8409171419656,260.6834172785183
8694,0.0365257608862992,537.684490597195,537.6863174776078,537.7228432384941,260.48129557551033
8695,0.03168793091322655,537.7537895608529,537.7537895608529,537.7854774917661,260.4601830765053
8696,0.06156839999897186,537.8372441024839,537.8409171419656,537.9024855419646,260.47912334437734
8697,0.09675840602343706,538.027583408081,538.027583408081,538.1406550783144,260.68690713400963
8698,0.016313264209865598,538.0435278752275,538.0435278752275,538.0598411394374,260.5291515254075
8699,0.11557871993694295,538.2423526931001,538.363214036877,538.5612319640834,260.99163506498576
8700,0.06939504765896927,538.258902586781,538.2934117543958,538.363214036877,260.80255471659723
8701,0.00040723482214908636,538.3239355967912,538.3239355967912,538.3243428316134,260.793593152447
8702,0.055225661268551496,538.3699824912644,538.3699824912644,538.425208152533,260.84819414406655
8703,0.1405214343968015,538.3810072605669,538.5612319640834,538.7398648234973,261.16672036413934
8704,0.027213546000940277,538.4792989881283,538.4792989881283,538.5065125341292,260.8950008052798
8705,0.012418998921633322,538.6419050950809,538.6419050950809,538.6543240940025,261.0345689217687
8706,0.09046681820104184,538.6588622725033,538.7398648234973,538.8303316416984,261.1181248679944
8707,0.02569242609553365,538.68654264829,538.68654264829,538.7122350743856,261.0453201561593
8708,0.052080117574903745,538.8984877325674,538.8984877325674,538.9505678501423,261.1659182394831
8709,0.08150871596545353,538.9976871084457,538.9976871084457,539.0791958244112,261.24108825709334
8710,0.026107621004102674,539.0753657949098,539.0791958244112,539.1053034454153,261.22783941551813
8711,0.014929546129707955,539.2529215103845,539.2529215103845,539.2678510565141,261.32359002025726
8712,0.0031849741762652608,539.2653342652737,539.2678510565141,539.2710360306904,261.2913687241878
8713,0.04879143949074318,539.618819641799,539.618819641799,539.6676110812897,261.6860213011961
8714,0.10105199686986353,539.6216404761657,539.7700219515696,540.0164276931358,261.9907219994175
8715,0.07014158784230913,539.6628352312575,539.6676110812897,539.737752669132,261.74844439304536
8716,0.032269282437592035,539.7373565866679,539.737752669132,539.7700219515696,261.73571339667825
8717,0.21339223363124787,539.751870240758,542.5818572143186,542.9795269217758,264.92124811094345
8718,0.0035519249533045912,539.7883909738705,539.7883909738705,539.7919428988238,261.71474668716274
8719,0.061457496299216416,539.7955230504272,539.7955230504272,539.8859783697624,261.74007624143
8720,0.019651698142795087,539.8103280612415,539.8103280612415,539.8299797593843,261.67941423469796
8721,0.005727623534889923,539.8339222524834,539.8339222524834,539.8396498760183,261.7020743954658
8722,0.00361850135836532,539.8435003813518,539.8435003813518,539.8471188827101,261.6978302889293
8723,0.051346500407937375,539.9048469533902,539.9048469533902,539.9561934537982,261.7562919312892
8724,0.08883544408429181,539.9083497867208,540.0164276931358,540.1420238507083,261.958040874869
8725,0.10896350734210741,539.968510612423,540.1420238507083,540.2516993070104,262.07218815556223
8726,0.036760713488138926,540.0409751032975,540.0409751032975,540.0777358167855,261.8624426566916
8727,0.1327996763351545,540.0465558332414,540.2516993070104,540.3844989833456,262.03028963220385
8728,0.13492054564195466,540.1144230459124,540.3844989833456,540.8083020014416,262.56134887205997
8729,0.13858659856242095,540.1727420634419,540.8950453211868,541.0336319197492,262.667370604
8730,0.0007119489601244465,540.2392503376025,540.2392503376025,540.2399622865626,261.91393583050206
8731,0.024139394886804878,540.4211354410963,540.4211354410963,540.4452748359831,262.09180335440294
8732,0.04527019775058695,540.4520863726983,540.4520863726983,540.50577773738,262.14338742226
8733,0.052003555986067894,540.4629255124737,540.50577773738,540.557781293366,262.1551068733071
8734,0.008421166931089666,540.4809937115687,540.4809937115687,540.4894148784997,262.12702818048405
8735,0.08251250294147228,540.5062804114629,540.557781293366,540.6545474840594,262.276228827511
8736,0.01425368775204181,540.5748120189111,540.5748120189111,540.5890657066631,262.18987566372175
8737,0.030649727105521232,540.6443271436447,540.6545474840594,540.6851972111649,262.26287944026086
8738,0.03163223910066548,540.714969674321,540.714969674321,540.7466019134216,262.3197557297495
8739,0.054160013720825385,540.7660789912103,540.8083020014416,540.8950453211868,262.4755857658655
8740,0.23363946653520523,540.7669251716452,549.6822296949975,549.9622507546353,271.3602143892193
8741,0.16493264666141055,540.8068291299508,541.8433802429789,542.1757223221243,263.75192429434753
8742,0.03009938853998751,540.8251945856312,540.8251945856312,540.8552939741711,262.3407283257829
8743,0.14004925142826674,540.8340220396676,541.0336319197492,541.2196216270169,262.5741941381836
8744,0.002483917484475486,540.8865056797282,540.8865056797282,540.8889895972127,262.3226693554552
8745,0.1527930058854369,540.953201481114,541.6186879295825,541.8433802429789,263.17543452177324
8746,0.016091785333911975,541.0424476697548,541.0424476697548,541.0585394550886,262.3521608748473
8747,0.029848670505533345,541.0778498535501,541.0778498535501,541.1076985240556,262.305917641973
8748,0.12848980496721998,541.1253057917799,541.2196216270169,541.3481114319841,262.5424586195486
8749,0.12045707905950832,541.3271502758614,541.498230850523,541.6186879295825,262.6483272673638
8750,0.03053727195852658,541.3342872314576,541.3481114319841,541.3786487039426,262.497477777537
8751,0.11958214658031618,541.3520585904661,541.3786487039426,541.498230850523,262.4724304053476
8752,0.015392372395190956,541.6836875750088,541.6836875750088,541.699079947404,262.68572401064324
8753,0.05650693511578548,541.709444326843,541.709444326843,541.7659512619588,262.6705275814645
8754,0.11641623558741714,541.8816303014767,541.8816303014767,542.0490397339606,262.9149868340968
8755,0.15310315609953135,541.8838195034995,542.224769474064,542.3939727078825,263.29288866408746
8756,0.27002338551443616,541.9242988128411,558.2892042435864,558.7656529226969,279.4642537615158
8757,0.05099319689651409,541.9270588565176,541.9270588565176,541.9780520534142,262.7950653972854
8758,0.03462349868516908,542.1665230577925,542.1757223221243,542.224769474064,263.05825574622503
8759,0.014423653254533774,542.1904678713997,542.1904678713997,542.2048915246543,262.9298069422088
8760,0.009751846100522139,542.2582257115985,542.2582257115985,542.2679775576989,262.9934559399075
8761,0.006348231618572593,542.3700219305008,542.3700219305008,542.3763701621193,263.01088176422485
8762,0.018126729239576332,542.4587245654316,542.4587245654316,542.4768512946712,263.08609459520534
8763,0.10011750420502166,542.6608598546252,542.6608598546252,542.7609773588302,263.34683378574573
8764,0.0841599696209009,542.7238657446483,542.7609773588302,542.8451373284512,263.37713432558854
8765,0.16882402289874537,542.9426802618657,543.3115898043936,543.5191869289497,264.0102519594723
8766,0.09039363959586015,542.9652727410929,542.9795269217758,543.1103093278213,263.5416240032847
8767,0.04038876644959738,543.0141633937811,543.0141633937811,543.0545521602307,263.50963821058855
8768,0.11687990289481678,543.0419291682941,543.1103093278213,543.227189230716,263.6271814193405
8769,0.07284374455415918,543.2009839690741,543.227189230716,543.3000329752701,263.68853771110554
8770,0.17503386102336213,543.248626392865,545.5697204850246,546.5304051842166,266.74792497308766
8771,0.011556829123465673,543.2958656356915,543.3000329752701,543.3115898043936,263.6259124885488
8772,0.038773101657258904,543.3482922193605,543.3482922193605,543.3870653210178,263.666522806165
8773,0.138244865510895,543.4239532400748,543.8373488107746,544.1913266579776,264.41238628345513
8774,0.1037061713173594,543.4372009020083,543.5191869289497,543.6993686587875,263.98750298836796
8775,0.048796139849381845,543.520867989941,543.520867989941,543.5696641297905,263.7751673638883
8776,0.10707569272601423,543.6063663362021,543.7302731180487,543.8373488107746,263.98519501510583
8777,0.027679418671035533,543.6392613821631,543.6392613821631,543.6669408008341,263.7988989247552
8778,0.030904459261097597,543.6938026075727,543.6993686587875,543.7302731180487,263.8429500966655
8779,0.1544973498187095,543.8178882701453,545.2887352264415,545.465141374815,265.569370609816
8780,0.10446460729645576,543.8411290941551,543.8411290941551,544.0122263336899,264.06613012804985
8781,0.03454302431725823,543.8956141913742,543.8956141913742,543.9301572156915,263.99100832543866
8782,0.03208960792105996,543.9111661085808,543.9301572156915,543.9622468236125,263.9697702058162
8783,0.04463574215726821,544.0374559578481,544.0374559578481,544.0820917000054,264.0562295977978
8784,0.09563797225143483,544.1112758681668,544.1913266579776,544.2939059263126,264.2978268831473
8785,0.006941296083616902,544.2105499573456,544.2105499573456,544.2174912534292,264.21722754924315
8786,0.08901386964637999,544.29002634487,544.2939059263126,544.382919795959,264.383169442263
8787,0.019829368425817777,544.3759379607797,544.382919795959,544.4027533557797,264.3856296337935
8788,0.11375298684238161,544.3815386534013,544.4027533557797,544.6208428969843,264.5466090811976
8789,4.191394964622724e-06,544.3996853557776,544.3996853557776,544.3996895471726,264.3511775012436
8790,0.08178295299799597,544.4045474370027,544.4045474370027,544.4863303900007,264.3459357207666
8791,0.02255360136416044,544.5582330438555,544.5582330438555,544.5807866452196,264.43300902104926
8792,0.1237152607782483,544.5859088096499,544.6208428969843,545.227463762487,265.0422327412516
8793,0.11693862379210188,544.6264440838706,544.6264440838706,544.7468169460551,264.46691374047805
8794,0.003434238392416813,544.6395800026347,544.6395800026347,544.6430142410271,264.35455019705387
8795,0.09156081041492806,544.6734423566535,544.7468169460551,544.83837775647,264.52837815635957
8796,0.05118874122665107,544.8222404059192,544.83837775647,544.8895664976966,264.5392343552397
8797,0.015842782623691692,544.8924287907977,544.8924287907977,544.9082715734214,264.57599480634354
8798,0.0880091404841049,544.904508220602,544.9082715734214,545.030922259899,264.56605461967666
8799,0.034641545993444794,544.9345348371746,544.9345348371746,544.969176383168,264.4741960200954
8800,0.045605983090570214,544.9894046306409,545.030922259899,545.1036379601746,264.62424376618605
8801,0.02710971718516139,545.0336930193245,545.0336930193245,545.0608027365096,264.54303290974957
8802,0.19254017059759948,545.0976170711981,547.7021254426737,547.8946656132713,267.18301632209443
8803,0.008574021521514357,545.1438894709189,545.1438894709189,545.1524634924405,264.59285399076555
8804,0.038765063703903986,545.2081905254859,545.2499701627377,545.2887352264415,264.6626185488011
8805,0.02250640025073106,545.2247296163471,545.227463762487,545.2499701627377,264.56370610784444
8806,0.021908798554651027,545.4121109162189,545.4121109162189,545.4340197147736,264.698872721102
8807,0.1045791102097021,545.4134397780481,545.465141374815,545.5697204850246,264.74189874308047
8808,0.08694695608429832,545.5933486293087,545.5933486293087,545.680295585393,264.89716699508296
8809,0.15822609054233736,545.6335659756315,547.5438993521313,547.7021254426737,266.7273630958931
8810,0.031654473050502126,545.681204707141,545.681204707141,545.7128591801915,264.7717120902289
8811,0.1031097326948261,545.7183071757171,545.7183071757171,545.9902392082178,264.88524701536585
8812,0.07941452722469336,545.7217940574963,545.7217940574963,545.8300276283733,264.7521967318046
8813,0.02881904365229034,545.7480257908662,545.7480257908662,545.7768448345186,264.6799184230524
8814,0.10965450959229245,545.750624613843,545.9902392082178,546.143777328281,265.01123909746366
8815,0.06058872892875217,545.7774685069253,545.8300276283733,545.8906163573021,264.7189963929195
8816,0.25062395198197474,545.7850021754268,549.9622507546353,550.6839902454769,269.5308128953472
8817,0.32068224787300925,545.8222215629844,558.7656529226969,559.629559487125,278.373502248129
8818,0.14819129158152636,545.9299971353229,546.6830814783101,547.2346879848774,266.0108404616868
8819,0.043883610470980196,546.0446135820532,546.0446135820532,546.0884971925242,264.7782195442469
8820,0.06987178582117834,546.0904926059904,546.143777328281,546.2136491141022,264.85718513754557
8821,0.028866132118587618,546.2227238852275,546.2227238852275,546.2515900173461,264.87173699832533
8822,0.029109581094806058,546.2341455849759,546.2590206234094,546.2881302045041,264.87650642618013
8823,0.007430606063323533,546.2460648632718,546.2515900173461,546.2590206234094,264.8449895461464
8824,0.10630115137219628,546.2528244992444,546.2881302045041,546.3944313558763,264.8800185091091
8825,0.1535417455166621,546.276251549773,547.2346879848774,547.389411470514,265.8390424408031
8826,0.14290195327919153,546.2946267796113,546.5304051842166,546.6830814783101,265.0554906775824
8827,0.009774340814276491,546.5373116053562,546.5373116053562,546.5470859461705,264.97463119723363
8828,0.0802777207780442,546.6866220443835,546.6866220443835,546.7668997651616,265.07060984157937
8829,0.10126238626860196,546.6886907996588,546.7668997651616,546.9078621478956,265.23794714677996
8830,0.03969999646545082,546.8236557888362,546.8236557888362,546.8633557853016,265.1471381019632
8831,0.06273986979922096,546.8927808889874,546.9078621478956,547.082773794643,265.2982694708931
8832,0.029033251582924493,546.9105963637702,546.9105963637702,546.9396296153532,265.1456178121144
8833,0.04469878422637955,546.910964170444,546.9396296153532,546.9843283995796,265.2075764380765
8834,0.028442704722815994,546.9774707655419,546.9943254359956,547.0227681407184,265.22184266902764
8835,0.009997036416048752,546.9798751362808,546.9843283995796,546.9943254359956,265.2033783272918
8836,0.0017642600806506022,547.085475241761,547.085475241761,547.0872395018416,265.2753767704326
8837,0.21227638686943626,547.1224504169958,547.8946656132713,548.9129913316078,267.05795126278315
8838,0.00549920464566706,547.1979884371611,547.1979884371611,547.2034876418068,265.3574312580244
8839,0.15448788161733434,547.2730340817857,547.389411470514,547.5438993521313,265.6510108837516
8840,0.0011817401199011046,547.2791463234639,547.2791463234639,547.2803280635839,265.41903214030907
8841,0.26436007189263944,547.49180830509,552.2200103923325,552.4843704642251,270.5815956075989
8842,0.08546126884462561,547.9112692796417,547.9112692796417,547.9967305484863,266.0462099863204
8843,0.13340228353443748,548.0176074346948,548.0176074346948,548.1510097182293,266.23680821064727
8844,0.17355376757483543,548.0633453459212,548.5599716273372,548.733525394912,266.65397158578065
8845,0.045834645293594295,548.1082995504909,548.1510097182293,548.1968443635228,266.22593390407405
8846,0.13326211194475482,548.1130347265206,548.3315541010749,548.5216230264161,266.5805024829476
8847,0.08382366474266612,548.11950666548,548.1968443635228,548.3315541010749,266.36046652061106
8848,0.021778584864591114,548.2458330805359,548.2458330805359,548.2676116654005,266.305151270376
8849,0.029107487944758547,548.2516195760741,548.2676116654005,548.2967191533453,266.30399947865413
8850,0.056806813396544004,548.3626448583603,548.3626448583603,548.4194516717569,266.3650567190501
8851,0.038348600920991634,548.5127329884775,548.5216230264161,548.5599716273372,266.51524792634166
8852,0.004670102405281285,548.7946324995407,548.7946324995407,548.799302601946,266.7597874597913
8853,0.15617733943800985,548.868832884417,548.9129913316078,549.1661414916023,267.0886188609812
8854,0.011813000260502015,548.9386595953365,548.9386595953365,548.950472595597,266.8788405189838
8855,0.025352403511933738,548.9430189501377,548.950472595597,548.975824999109,266.81641705875626
8856,0.00020141300600087564,548.9918305252558,548.9918305252558,548.9920319382618,266.7826803850116
8857,0.0069778155643777885,549.0293251267586,549.0293251267586,549.036302942323,266.74243083051414
8858,0.05262818821352488,549.0361252281842,549.036302942323,549.0889311305365,266.6602569023002
8859,0.04537886544862216,549.1509669001916,549.1661414916023,549.2115203570509,266.8067323308882
8860,0.12589663598891662,549.211075590339,549.2115203570509,549.3374169930398,266.8145418629948
8861,0.09253212279645276,549.2690207021492,549.3976264543571,549.4901585771536,266.87540051066736
8862,0.190658793495492,549.3148236142514,549.4901585771536,549.6822296949975,267.07901874007155
8863,0.06020946131733577,549.3187333630937,549.3374169930398,549.3976264543571,266.7916274500231
8864,0.001412324348458358,549.6160281531122,549.6160281531122,549.6174404774607,266.9987010152686
8865,0.03666530894532138,549.7007419053662,549.7007419053662,549.7374072143115,267.08168743536123
8866,0.009716284157209392,549.7641327349978,549.7641327349978,549.773849019155,267.1180898146319
8867,0.18774867060277883,549.9857930083143,549.9857930083143,550.1929642478394,267.439071044817
8868,0.0175641071162227,550.0050878921602,550.0050878921602,550.0226519992764,267.2899618000154
8869,0.0018584618060911002,550.0896635914914,550.0896635914914,550.0915220532976,267.26172520523846
8870,0.12916504414417992,550.2516937608265,550.2516937608265,550.3974227588917,267.5159032003391
8871,0.01656395392109007,550.2661267755839,550.2661267755839,550.2826907295049,267.37667105771084
8872,0.06029694197327729,550.3700015207603,550.3974227588917,550.457719700865,267.5015854062287
8873,0.003240552605417579,550.484341943377,550.484341943377,550.4875824959825,267.57872547352434
8874,0.1754041941972533,550.5019491410021,550.7680293158388,550.9641238648419,268.0532971501722
8875,0.0546778066904512,550.5440326160992,550.5440326160992,550.5987104227897,267.6019041780971
8876,0.08403907036185697,550.6539291093892,550.6839902454769,550.7680293158388,267.7337310453234
8877,0.014503298911315637,550.8307241875477,550.8307241875477,550.8452274864591,267.88031061273597
8878,0.046510671473139205,550.9144131472166,550.9831241951248,551.0465785121114,268.02599554477933
8879,0.07992998215685218,550.9194198406433,551.1083888621788,551.1973335254405,268.07870681234857
8880,0.006187055894564453,550.9258951448359,550.9258951448359,550.9320822007304,267.7932570776
8881,0.21124749069522783,550.9351441958078,551.4052850274617,551.6165325181569,268.4589673644351
8882,0.019000330282880826,550.9598066319185,550.9641238648419,550.9831241951248,267.78204935191434
8883,0.01694364551351387,550.9832069876262,550.9832069876262,551.0001506331397,267.7996262569937
8884,0.061810350067342694,551.017201504202,551.0465785121114,551.1083888621788,267.8184529016112
8885,0.14563930396410127,551.1208579247199,551.1973335254405,551.3557932222074,268.0353364582884
8886,0.009014681104877877,551.1444200570191,551.1444200570191,551.153434738124,267.82006468027765
8887,0.012820392802697254,551.2616768172753,551.2616768172753,551.274497210078,267.9218130151803
8888,0.04949180525431797,551.3339124480038,551.3557932222074,551.4052850274617,267.9799513274766
8889,0.19045539914588563,551.4706629522134,551.6856867637491,551.9093732330508,268.49528097221366
8890,0.06915424559220167,551.6152012276692,551.6165325181569,551.6856867637491,268.1730936589021
8891,0.005409905893964461,551.7311836487096,551.7311836487096,551.7365935546036,268.2482883616971
8892,0.1369907456483491,551.8134351159665,552.0620368816747,552.1990276273231,268.6779140645624
8893,0.027821164261818347,551.8429617875794,551.8429617875794,551.8707829518412,268.30856791883014
8894,0.07526981158546932,551.9005749951881,551.9093732330508,552.0210920572945,268.44285003297966
8895,0.003273889147405874,551.9398947096263,551.9398947096263,551.9431685987737,268.3060534500481
8896,0.016984248372651674,551.9559320516096,551.9559320516096,551.9729162999822,268.25424040883047
8897,0.016190875138161937,551.9730626126753,551.9730626126753,551.9892534878135,268.2233147049095
8898,0.04094482438019506,552.0037239085824,552.0210920572945,552.0620368816747,268.264010892258
8899,0.02098276500943118,552.1945879561598,552.1990276273231,552.2200103923325,268.4209763340132
8900,0.11883616757134689,552.4302310809123,552.559359567117,552.7644546564285,268.96679331583505
8901,0.07498910289193852,552.445905346204,552.4843704642251,552.559359567117,268.6649924959431
8902,0.13964918061794224,552.4955326281015,553.9350794656098,554.0843375721773,270.2116194852213
8903,0.021457084014181674,552.5651951656987,552.5651951656987,552.5866522497129,268.72324687602753
8904,0.043444114084782465,552.5726349766445,552.5866522497129,552.6300963637976,268.72427796955026
8905,0.021357723641216603,552.6974710832259,552.6974710832259,552.7188288068671,268.771965817922
8906,0.03046514786503417,552.745789619075,552.7867310482123,552.8181796473103,268.8670390446974
8907,0.022276391783886226,552.7568304348588,552.7644546564285,552.7867310482123,268.79760774049925
8908,0.08398256125862867,552.7897940573399,552.8721222184009,552.9561047796595,268.9409705588865
8909,0.1138260464744205,552.794303689671,553.380318580044,553.5458024098099,269.5012102425038
8910,0.053104068107278725,552.8007655325116,552.8181796473103,552.8721222184009,268.6352727145679
8911,0.0009834512329838696,552.8154207086949,552.8154207086949,552.8164041599279,268.59247912288095
8912,0.12608441026359113,552.8238908312579,553.6417267279165,553.7689848833111,269.520823554639
8913,0.0008385029833647198,552.826364169598,552.826364169598,552.8272026725814,268.59277597175924
8914,0.08889080468177214,552.9228162623272,552.9561047796595,553.1204773711808,268.8632134989548
8915,0.030028519731983633,552.9893041811612,552.9893041811612,553.0342337234803,268.7222210733996
8916,0.014901022587076818,553.00006974205,553.00006974205,553.014970764637,268.66185461090805
8917,0.05688650153612928,553.0032693264043,553.1728973618171,553.2297838633533,268.73209963348853
8918,0.03055224452031001,553.0549595649692,553.0549595649692,553.0855118094895,268.6129216596618
8919,0.18960730694953953,553.0587574543449,554.7733515500338,555.1079228883362,270.5953020205397
8920,0.0792957423096141,553.0998614558011,553.2297838633533,553.380318580044,268.83419836335634
8921,0.052419990636339904,553.1204088115252,553.1204773711808,553.1728973618171,268.5794902584715
8922,0.024466226602604665,553.2400842703008,553.2400842703008,553.2645504969034,268.6371110938625
8923,0.0278982619469246,553.304777029271,553.304777029271,553.3412170159884,268.7116034685542
8924,0.008541724770502619,553.3126274312972,553.3126274312972,553.3211691560676,268.69077507117913
8925,0.010332761061126856,553.3562424222282,553.3562424222282,553.3665751832893,268.67445081836456
8926,0.038657459158971286,553.3919108055469,553.3919108055469,553.4435685888384,268.7313507649468
8927,0.013000324132480905,553.4152065557084,553.4152065557084,553.4282068798409,268.68034005575174
8928,0.06935274074039478,553.5019669726179,553.5566985603662,553.6260513011066,268.85928918152644
8929,0.010896150556267732,553.5365176085471,553.5458024098099,553.5566985603662,268.7562182727042
8930,0.01567542680989088,553.6117883570371,553.6260513011066,553.6417267279165,268.74104710411575
8931,0.050655139495840835,553.7320744931889,553.7689848833111,553.8196400228069,268.88068122681165
8932,0.0011737451309783871,553.7331160549196,553.7331160549196,553.7342898000505,268.8412346104931
8933,0.11543944280291835,553.7479733292498,553.8196400228069,553.9350794656098,268.92491693087635
8934,0.19936825925183332,553.8250736495868,555.7325570962117,555.9658182467526,271.0171101779836
8935,0.12873422062452677,554.02267137128,554.0843375721773,554.2345020048449,269.278695096135
8936,0.00960892594959988,554.0412827988414,554.0412827988414,554.050891724791,269.08893869801614
8937,0.0214302120430677,554.1329712344602,554.1329712344602,554.1544014465032,269.1545099032615
8938,0.0944324758144275,554.2192642248998,554.2345020048449,554.3289344806593,269.24316140226017
8939,0.11047453102612499,554.2518258825633,554.3289344806593,554.4394090116855,269.3070413380346
8940,0.1549687716902463,554.2779402808145,554.4394090116855,554.5943777833758,269.3779824073461
8941,0.15991403840092064,554.3598617825375,554.5943777833758,554.7733515500338,269.6629048080396
8942,0.005500641483495961,554.6992839140154,554.6992839140154,554.7047845554989,269.5900581647954
8943,0.013559086773580486,554.73011050565,554.73011050565,554.7436695924237,269.59524404203364
8944,0.10747547753326643,554.7970572467303,554.7970572467303,554.9076538935456,269.7486955674641
8945,0.0031211692819199843,554.8920000788554,554.8920000788554,554.8951212481373,269.7007356610529
8946,0.008275749310935634,554.9897736667064,554.9897736667064,554.9980494160172,269.77234497688386
8947,0.06682413186239405,555.0180793757675,555.1934097817073,555.2602339135697,269.94623572963786
8948,0.01782757044449065,555.0455855735571,555.0455855735571,555.0634131440016,269.7913795247972
8949,0.06591845757239782,555.0768241483213,555.1079228883362,555.1738413459086,269.86957916400536
8950,0.008264064782345787,555.086518958099,555.086518958099,555.0947830228813,269.78861271766203
8951,0.11859848279069189,555.0941150201181,555.2602339135697,555.525113037742,270.2157113332377
8952,0.015979822937900744,555.1705010618649,555.1774299587694,555.1934097817073,269.81014305572944
8953,0.003588612860788651,555.1705183153737,555.1738413459086,555.1774299587694,269.80127813284884
8954,0.09702733356187124,555.2767800894542,555.2767800894542,555.4188038333846,269.972838691329
8955,0.027455549670910653,555.2919591085611,555.2919591085611,555.319414658232,269.88317950602305
8956,0.3240168614112147,555.3209598116465,560.7603855502074,561.094258852604,275.66720101305185
8957,0.0175408606976004,555.3404074842214,555.3404074842214,555.357948344919,269.8450700813815
8958,0.17132099119024757,555.363367521221,555.5612361050215,555.7325570962117,270.05074989785214
8959,0.004256897451187127,555.4691167769726,555.4691167769726,555.4733736744238,269.9231792068077
8960,0.036123067279541884,555.5212513641711,555.525113037742,555.5612361050215,269.9343638963695
8961,0.03389289128908501,555.776485187985,555.776485187985,555.8103780792741,270.1486726933578
8962,0.21442944158119331,555.8562920433711,556.0031538410254,556.5715372025722,270.90056876743193
8963,0.037335594272797125,555.9434806600658,555.9658182467526,556.0031538410254,270.31960524594126
8964,0.1062112674886978,556.01198046612,556.01198046612,556.1297690576939,270.45779213670875
8965,0.01090986240220036,556.0553136841493,556.0553136841493,556.0662235465514,270.3912704827907
8966,0.0006674616830150625,556.0714910122927,556.0714910122927,556.0721584739757,270.3994540135103
8967,0.06018466167827876,556.1115474496354,556.1297690576939,556.1899537193722,270.4491718398396
8968,0.006664248342483794,556.2084389944049,556.2084389944049,556.2151032427474,270.47441510273677
8969,0.01612374316361368,556.214087285692,556.217051655426,556.2331753985895,270.4036226615957
8970,0.0019484126784969713,556.2148947810986,556.2151032427474,556.217051655426,270.36374617290625
8971,0.02590756617730716,556.2388761872384,556.2388761872384,556.2752027331994,270.3657424935877
8972,0.010418979783700587,556.2403062965184,556.2403062965184,556.2507252763021,270.33375678025374
8973,0.011094924920009684,556.285356726243,556.285356726243,556.296451651163,270.3311540028529
8974,0.028587574643904833,556.3795012898313,556.3795012898313,556.4129625737214,270.3591111942082
8975,0.03439855825705982,556.3876247249834,556.4129625737214,556.4473611319785,270.36411401447145
8976,0.0048737092462045875,556.3944150507731,556.3944150507731,556.3992887600193,270.3219179883085
8977,0.03596294950061846,556.4730550942287,556.4730550942287,556.5090180437293,270.3737831742263
8978,0.05838479254502724,556.5169134141611,556.5715372025722,556.6324219356667,270.41525710273305
8979,0.20499525204506802,556.5410235518195,556.6324219356667,557.0140840796989,270.73947106633153
8980,0.0024999405494430813,556.584268714751,556.584268714751,556.5867686553005,270.3416646506808
8981,0.07245517007229939,556.7635784476792,556.7635784476792,556.9064235759852,270.60246492024953
8982,0.03686537226245827,556.7766575126947,556.7766575126947,556.8135228849571,270.5333098077627
8983,0.033524585971211524,556.781238016115,556.8135228849571,556.8470474709284,270.56759149113594
8984,0.15232928904355417,556.8240333120793,557.0140840796989,557.7296043250145,271.4136962424784
8985,0.012905383068125114,556.9099273920447,556.9099273920447,556.9228327751127,270.6216618110851
8986,0.02091638061313733,556.937604454809,556.937604454809,556.9585208354222,270.60557062192026
8987,0.12484472667744503,557.0319495576049,557.0319495576049,557.1725365688275,270.6939130334146
8988,0.01574228454515535,557.0479341386134,557.0479341386134,557.0636764231585,270.6745262443925
8989,0.05736522872101011,557.1948012131413,557.1948012131413,557.2521664418623,270.79411360649055
8990,0.07577284562213862,557.1988885911737,557.2521664418623,557.3279392874845,270.88737060597373
8991,0.20113810806898708,557.2531054625133,557.9885953798769,558.2892042435864,271.7947173756373
8992,0.07950533562374158,557.3019078875586,557.3279392874845,557.4074446231082,270.8900716375634
8993,0.0879146847822764,557.4254820899705,557.4254820899705,557.5133967747528,270.94818831666936
8994,0.07385184044549478,557.5143339036225,557.5143339036225,557.588185744068,271.10813589938715
8995,0.002975416828310833,557.5863873172068,557.588185744068,557.5911611608964,271.1099981952933
8996,0.04521859302641751,557.5898407563977,557.5911611608964,557.6363797539228,271.0573233941368
8997,0.07604549823345477,557.6779477205137,557.7296043250145,557.805649823248,271.24223343359034
8998,0.14277925628956825,557.6809121339106,557.8458161235873,557.9885953798769,271.2401466283254
8999,0.040166300339246945,557.7979428663466,557.805649823248,557.8458161235873,271.13740762371935
9000,0.025629361261972555,558.0336583030094,558.0336583030094,558.0592876642713,271.29967298601343
9001,0.027095788037040727,558.1027863729788,558.1027863729788,558.1433076901207,271.31946618772054
9002,0.013425529104803543,558.1073122130114,558.1073122130114,558.1207377421161,271.28675141994063
9003,0.03332007723664808,558.1774516962341,558.1774516962341,558.2107717734708,271.3437301670884
9004,0.11926653597859599,558.3588474637805,558.3588474637805,558.5652727573765,271.6643006769579
9005,0.01824877281953586,558.3593294369941,558.3593294369941,558.3775782098137,271.5119554906979
9006,0.052960102118437026,558.4058859387484,558.4058859387484,558.4712591635198,271.53822475336256
9007,0.012413122653045205,558.4101970399779,558.4101970399779,558.4226101626309,271.5201112793161
9008,0.003536760026497901,558.4962178454301,558.4962178454301,558.4997546054566,271.54560463731656
9009,0.10737140192169319,558.9711703631498,558.9711703631498,559.0889836002145,271.98581801916083
9010,0.12564708122167734,558.9907033096024,559.629559487125,559.7552065683467,272.58280742829453
9011,0.010441835143045352,559.0129052694992,559.0129052694992,559.0233471046423,271.95825580877516
9012,0.08150108089554811,559.1034036147677,559.1034036147677,559.2282798767072,272.0713853073294
9013,0.0433751810440255,559.1216577369299,559.1216577369299,559.1650329179739,272.00709289790007
9014,0.08546943639778415,559.1349710684609,559.2282798767072,559.3137493131051,272.08160181192926
9015,0.08516706225971907,559.3176149780887,559.3176149780887,559.4027820403485,272.2107746052865
9016,0.03671681368714261,559.371705113347,559.4027820403485,559.4394988540356,272.21548346827547
9017,0.04861093142620158,559.3802126944803,559.4840694278155,559.5326803592417,272.28405147531674
9018,0.0445705737798332,559.3877869079932,559.4394988540356,559.4840694278155,272.2432166971629
9019,0.31604052604025845,559.4583009358125,559.7552065683467,560.4942337238077,273.2657177813173
9020,0.05949205723434051,559.8212744686634,559.8212744686634,559.9007304798706,272.64480078354757
9021,0.019963953972832727,559.8441136236922,559.8441136236922,559.8640775776651,272.6115719003903
9022,0.07641996835308677,559.8586487956876,559.9007304798706,559.9771504482237,272.6084136637225
9023,0.12381066366898287,559.9986078861831,559.9986078861831,560.1224185498521,272.75362442121957
9024,0.10003505713674882,560.0680976156852,560.1224185498521,560.2657185360436,272.840879416211
9025,0.018512698003892252,560.1246907046243,560.1246907046243,560.1432034026282,272.76270145575086
9026,0.02475223105080506,560.1693538605252,560.1693538605252,560.194106091576,272.7966724846146
9027,0.1250023391308224,560.4830993767036,560.4942337238077,560.7147137377824,273.33606903637235
9028,0.05296474017451591,560.5155474103556,560.5155474103556,560.5685121505301,273.13874338188657
9029,0.0005957974162467097,560.5898020057973,560.5898020057973,560.5903978032136,273.2078848436247
9030,0.04191713725315838,560.6148354328324,560.6148354328324,560.6567525700855,273.22425408816724
9031,0.04567181242495555,560.7091549960347,560.7147137377824,560.7603855502074,273.17072762727685
9032,0.0017680305924338102,560.8453500857618,560.8453500857618,560.8471181163542,273.2880166035917
9033,0.008088410392978205,561.0155675986243,561.0155675986243,561.0236560090173,273.43182410921537
9034,0.031249115600410503,561.0922160892237,561.094258852604,561.1255079682044,273.36612485282615
9035,0.09534854600244011,561.3814735076993,561.3814735076993,561.4768220537018,273.645636906855
9036,0.13750799233091562,561.4228173809468,561.4768220537018,561.9266770138565,274.00428205105305
9037,0.0714621285386257,561.5027412651255,561.5027412651255,561.5742033936641,273.7022168098688
9038,0.10752372107128388,561.5330533588467,561.5742033936641,561.7568724176131,273.9004123956375
9039,0.18050886752996967,561.53307573259,562.0908162803792,562.6368949597803,274.71506431012216
9040,0.01935629990830979,561.5911623566931,561.5911623566931,561.6105186566014,273.6985053913527
9041,0.0066393568959323065,561.604607362667,561.6105186566014,561.6171580134973,273.63162549479557
9042,0.04914964607343905,561.6410499684754,561.6410499684754,561.6901996145489,273.6466823407763
9043,0.058215815336197255,561.7532536167836,561.7568724176131,561.8150882329493,273.756539572875
9044,0.01612345978457669,562.052647116566,562.052647116566,562.0687705763506,274.0436562745028
9045,0.11773952612795882,562.0909645732777,562.0909645732777,562.2709602408484,274.19101741067277
9046,0.062256141442715164,562.1455608129044,562.1455608129044,562.2078169543471,274.1760503058546
9047,0.09097483683122937,562.1982029939468,562.2709602408484,562.3619350776796,274.28227171943655
9048,0.20000253927849543,562.2068234512194,562.8910778517297,563.1233252583755,274.96480452628145
9049,0.03232950296491388,562.3470139337152,562.3619350776796,562.3942645806445,274.1731120255308
9050,0.005614217724100869,562.4783619479999,562.4783619479999,562.483976165724,274.2725153911662
9051,0.05665558678030718,562.5015202028337,562.5015202028337,562.558175789614,274.3250078373303
9052,0.20736960165006627,562.5424551267287,563.6839596174277,564.0732522108946,275.81913649339015
9053,0.06191800199284621,562.5802239179882,562.6368949597803,562.6988129617731,274.38886124366655
9054,0.19226488995661653,562.6630373532419,562.6988129617731,562.8910778517297,274.4195701849713
9055,0.02976527399808381,562.9548702390615,562.9548702390615,562.9846355130596,274.6455391859641
9056,0.0003199092881756985,562.9908035432497,562.9908035432497,562.9911234525379,274.6129116611885
9057,0.002159684081119952,563.0215585983683,563.0215585983683,563.0237182824494,274.62173141606246
9058,0.07277179029522748,563.0915147173413,563.1233252583755,563.1960970486707,274.7707579627204
9059,0.2043386615509173,563.1902627370101,563.1960970486707,563.4594623715345,274.91963718111475
9060,0.017005817413320353,563.2609371892012,563.2609371892012,563.2779430066145,274.78449305712263
9061,0.023321222604681533,563.2663022952577,563.2779430066145,563.3012642292191,274.79608926914517
9062,0.018699621294965062,563.3000395899932,563.3012642292191,563.3199638505141,274.68267266744346
9063,0.1737653265926155,563.3965048595069,563.4594623715345,563.6839596174277,275.03855695809847
9064,0.03107646910661268,563.4613637601445,563.4613637601445,563.4924402292512,274.81641079286226
9065,0.019655450193927688,563.6391008895882,563.6391008895882,563.6587563397821,274.97131391837695
9066,0.13778883955780355,563.7893081386278,564.0732522108946,564.2955847916388,275.57269228862543
9067,0.05050979652837318,563.7903844583748,563.7903844583748,563.8408942549031,275.08625767094657
9068,0.09845027053188397,563.8158244423378,563.8408942549031,563.939344525435,275.102085992779
9069,0.022209953210903462,564.0109126234433,564.0109126234433,564.0331225766543,275.25789651505124
9070,0.010752971545656864,564.0439736879447,564.0439736879447,564.0547266594904,275.27523482003903
9071,0.07294351912424987,564.1192541986625,564.1192541986625,564.1921977177867,275.34160930877215
9072,0.011600222062145983,564.2438552466328,564.2438552466328,564.255455468695,275.3824848773343
9073,0.030195906353022918,564.341824355661,564.341824355661,564.372020262014,275.4600185219571
9074,0.038970572208689734,564.4738969565777,564.4738969565777,564.5296728328177,275.5831740193699
9075,0.01680530403131283,564.4900612920435,564.4900612920435,564.5068665960748,275.55152535288255
9076,0.22563962411683042,564.5073386745603,564.5296728328177,564.918066966617,275.9445015449578
9077,0.02340345440992612,564.5509193159721,564.5509193159721,564.5743227703821,275.55208924127163
9078,0.06657506169947877,564.6207423502229,564.6207423502229,564.7351552618906,275.67511719792924
9079,0.04783784996808349,564.6262966785025,564.6262966785025,564.6741345284706,275.59049532186094
9080,0.20984318994078255,564.688574873425,564.9455692623947,565.5409826003894,276.1821671721016
9081,0.016570165320453096,564.7700374693569,564.7700374693569,564.7866076346774,275.5580050179521
9082,0.008367978284397557,564.8497367228865,564.8497367228865,564.8581047011709,275.6221525763502
9083,0.025185361528399033,564.9147935636694,564.918066966617,564.9455692623947,275.68410998263346
9084,0.002316934249262895,564.937416132786,564.937416132786,564.9397330670353,275.6615806442147
9085,0.15772171858485087,564.9523095828507,564.9523095828507,565.1193334168752,275.7300512392386
9086,0.009302115439582334,564.9979149854929,564.9979149854929,565.0072171009325,275.60549162841806
9087,0.13021554808895522,565.0464230889835,565.1193334168752,565.2495489649641,275.8377935780023
9088,0.04264772964256055,565.2322384324174,565.2495489649641,565.2921966946067,275.8471481718944
9089,0.0396833948452184,565.2945418916786,565.2945418916786,565.3342252865239,275.79549663249094
9090,0.005999641452689776,565.3655908023252,565.3655908023252,565.3715904437779,275.84257788360975
9091,0.20804842825955083,565.3812326161373,565.5409826003894,565.8646103571404,276.2455870732811
9092,0.0317146648691299,565.579326231684,565.579326231684,565.6110408965532,275.9943717265453
9093,0.03668175716109798,565.6130401624666,565.6130401624666,565.6497219196277,276.01228327228705
9094,0.02609891608769545,565.7165907950605,565.7165907950605,565.7426897111482,276.1030767129614
9095,0.016253026819261777,565.7447577473321,565.7447577473321,565.7610107741514,276.1218195154172
9096,0.14593358754705105,565.7543518615166,565.8646103571404,566.0105439446874,276.2300127292992
9097,0.004830963554259052,565.7833833279226,565.7833833279226,565.7882142914768,276.1130584739951
9098,0.19013867060005188,565.8156407943873,566.0105439446874,566.323697052455,276.6162986118623
9099,0.01624914145355882,566.0138101141685,566.0138101141685,566.0300592556221,276.2755483788439
9100,0.009232296545004598,566.0416334584381,566.0416334584381,566.055231154622,276.21818955790314
9101,0.004365399638879266,566.0446537155973,566.0446537155973,566.0490191152362,276.2104806008771
9102,0.16295781457719097,566.0759415165969,566.6060999757357,566.8352735400337,276.9601932775987
9103,0.021896423760226106,566.1133406564467,566.1133406564467,566.1352370802069,276.22733018386685
9104,0.01945950170611899,566.1431476839349,566.1431476839349,566.162607185641,276.2513726118023
9105,0.021014914104596234,566.1504758875565,566.162607185641,566.1836220997457,276.22887013525553
9106,0.030796759959129023,566.2019107412334,566.2019107412334,566.2327075011925,276.24671679244165
9107,0.04767235250109447,566.2985980566365,566.323697052455,566.3842787106424,276.4108875493374
9108,0.05505064980378351,566.3000725431017,566.3842787106424,566.4393293604462,276.4294575084023
9109,0.01166072584203095,566.3442710850125,566.3442710850125,566.3559318108545,276.3159687246775
9110,0.001248579844283296,566.3791903530118,566.3791903530118,566.3804389328561,276.33824650793173
9111,0.057918888253386716,566.3876013546962,566.5253122909114,566.6060999757357,276.5059995710211
9112,0.02669359580316891,566.4331951672033,566.4393293604462,566.4746931060696,276.35959144645847
9113,0.0086701498202187,566.4513273391902,566.4513273391902,566.4599974890104,276.342536135208
9114,0.0233787848000892,566.4680759696903,566.4746931060696,566.4980718908697,276.3542296424569
9115,0.02724040004165569,566.4773395415638,566.4980718908697,566.5253122909114,276.35951874517497
9116,0.022868796570790356,566.5564375513587,566.5564375513587,566.5793063479296,276.3945814544502
9117,0.0662157497207261,566.6835369120693,566.6835369120693,566.74975266179,276.50643327492753
9118,0.19967090671881635,566.8198354357901,566.8352735400337,567.0780775669479,276.71887001232415
9119,0.04313312019538697,566.881645175148,566.881645175148,566.9247782953435,276.62831655632993
9120,0.28369885317414006,567.0808989373509,567.4392928342494,567.9148729843581,277.40491577334734
9121,0.027361210237677253,567.1175988976408,567.1175988976408,567.1449601078785,276.6052505555446
9122,0.054940733264449405,567.1526808138615,567.1526808138615,567.2076215471259,276.60995410014255
9123,0.0020328142008795773,567.2396671034825,567.2396671034825,567.2416999176834,276.6542413481643
9124,0.00864466524466471,567.3761371600314,567.3761371600314,567.384781825276,276.7746129024533
9125,0.012071126780631783,567.3952343032358,567.3952343032358,567.4073054300164,276.7928119196858
9126,0.09478080939211325,567.4965689115282,567.4965689115282,567.5913497209203,276.8811754495497
9127,0.25033425131456355,567.646531444282,567.9148729843581,569.1063749311429,278.31156141850283
9128,0.07851763886900108,567.6761764585963,567.6761764585963,567.7732769461388,276.96027307049235
9129,0.018582848673513203,567.732911465862,567.732911465862,567.7514943145355,276.9165720872588
9130,0.08023913817627482,567.985841306404,567.985841306404,568.0950159379767,277.21793158873675
9131,0.02444183226310576,568.0004767818922,568.0004767818922,568.0249186141552,277.0960666707346
9132,0.08222927410373825,568.0614228488133,568.1195202785784,568.2017495526821,277.21456593318396
9133,0.02450434060179636,568.0687171574796,568.0950159379767,568.1195202785784,277.1620746217432
9134,0.004493661133325871,568.0816732006746,568.0816732006746,568.0861668618079,277.13155353042913
9135,0.12348231103187998,568.1106978333952,568.2017495526821,568.3333405680798,277.3477155903249
9136,0.008108704365732222,568.2449939489342,568.2449939489342,568.2531026533,277.26801804215484
9137,0.0627953245325846,568.2722113628151,568.3333405680798,568.3961358926124,277.32440757555474
9138,0.06644830482770696,568.3153465348207,568.3961358926124,568.4625841974402,277.4070054258895
9139,0.2861160797269026,568.3980587157889,570.5408177794689,572.0004676313251,280.93550328437107
9140,0.15777271944204285,568.4489041656192,568.4625841974402,568.7849226903066,277.65607768541486
9141,0.040342014908798324,568.4864157426952,568.4864157426952,568.526757757604,277.29220632323165
9142,0.1158395771985506,568.4887677374855,568.526757757604,568.6425973348025,277.32773023265065
9143,0.008384181317022288,568.7436905279461,568.7436905279461,568.7520747092632,277.5141691306672
9144,0.0430881804685942,568.8109361453063,568.8109361453063,568.8540243257748,277.5769607483284
9145,0.04144013526700643,568.8590328347806,568.8590328347806,568.9004729700475,277.5899644389235
9146,0.0046984573264967425,568.9281443279524,568.9281443279524,568.9328427852789,277.64763213834965
9147,0.012272498117415336,568.944654550575,568.944654550575,568.9569270486925,277.6483197411211
9148,0.17008926118085213,568.9964926898542,569.3901656369447,569.5602548981255,278.0809751206608
9149,0.019660864421289368,569.0060007233916,569.0060007233916,569.0256615878129,277.6658471670962
9150,0.02092617596675786,569.0361916169151,569.0361916169151,569.0571177928819,277.65907732865895
9151,0.1018977636259135,569.0819654498074,569.1063749311429,569.2082726947688,277.78192930463143
9152,0.2034689510607092,569.1715731460579,569.5602548981255,570.1548754731596,278.7138386922087
9153,0.09364435568716496,569.194264021955,569.2796752743678,569.3901656369447,277.8767748142752
9154,0.06808303826015469,569.2043691573239,569.2082726947688,569.2796752743678,277.7699206552031
9155,0.003319541338901228,569.2222001145631,569.2222001145631,569.225519655902,277.75592132182476
9156,0.016846006889695727,569.2943681945113,569.2943681945113,569.3112142014011,277.78876864022527
9157,0.00467104325780066,569.5669465220685,569.5669465220685,569.5716175653263,278.0316844600708
9158,0.0427125654594276,569.5714547410295,569.5716175653263,569.6143301307857,278.03802890513043
9159,0.14545828775204117,569.5862550539554,569.6143301307857,569.7776373233559,278.16179606049195
9160,0.006697897554923886,569.6766793744306,569.6766793744306,569.6833772719855,278.11085825081113
9161,0.011151007263264418,569.6999357323429,569.6999357323429,569.7110867396061,278.1090593426354
9162,0.04116854965653689,569.8055259776602,569.8055259776602,569.8466945273167,278.1595587078712
9163,0.07737334610282845,569.9197120607199,569.9197120607199,569.9970854068227,278.29316924538136
9164,0.04657708162482921,569.9588942123772,569.9970854068227,570.0436624884476,278.3313162620853
9165,0.00842645123280481,570.0903478242324,570.0903478242324,570.0987742754652,278.4234845428471
9166,0.09092041156217094,570.1249208810278,570.1548754731596,570.2812068079861,278.54379320480496
9167,0.006915394068956007,570.1304176602722,570.1304176602722,570.1373330543412,278.3451487715232
9168,0.006362520521297194,570.165475948803,570.165475948803,570.1718384693243,278.36508200659756
9169,0.08008337115837376,570.202295389651,570.3495831811819,570.4296665523402,278.54810161543105
9170,0.029048402743166852,570.2080409939199,570.2080409939199,570.237089396663,278.38779598386685
9171,0.06370922695659245,570.2703971685011,570.2812068079861,570.3495831811819,278.42270153317355
9172,0.10440670627081582,570.2933448179069,570.4296665523402,570.5408177794689,278.5007642980723
9173,0.0046671462391185276,570.3045398450517,570.3045398450517,570.3092069912909,278.312777558597
9174,0.006744520857887132,570.4772561089674,570.4772561089674,570.4840006298252,278.4384003880408
9175,0.035420132024306696,570.56618390389,570.56618390389,570.6016040359143,278.5510567810523
9176,0.10236192239868369,570.5924181861931,570.6016040359143,570.7114750790925,278.599039495121
9177,0.14982601228558914,570.6272831870183,570.7114750790925,570.9932637031919,278.89474999924226
9178,0.0075091207794399165,570.6395330271907,570.6395330271907,570.6470421479702,278.4691212174475
9179,0.07065277286591373,570.7836801085107,570.7836801085107,570.8543328813766,278.67909913100664
9180,0.09501605973503516,570.8241544103109,571.1666398970249,571.2616559567599,279.0100639265301
9181,0.051252491751528455,570.8523078132046,570.8543328813766,570.9156427203245,278.647875894693
9182,0.010057347196339725,570.8643767107043,570.8643767107043,570.8744340579007,278.61919986797193
9183,0.016604562191302324,570.981437575862,570.9932637031919,571.0098682653833,278.5075005521201
9184,0.07780208132209743,570.9916048940373,571.0098682653833,571.0876703467054,278.328427566957
9185,0.0789695503194874,571.0692422518574,571.0876703467054,571.1666398970249,278.3126953878453
9186,0.4164751999216214,571.2254755601471,617.5117689267306,618.0023794657487,325.1976793551682
9187,0.029193548681827716,571.3716686024965,571.3716686024965,571.4127852586429,278.52094684460565
9188,0.10841761933221009,571.3840896126854,571.6246186820264,571.7330363013585,278.80091302174725
9189,0.011923107464498697,571.3886265850176,571.3886265850176,571.4005496924822,278.4753083410992
9190,0.08796980408039926,571.3974837118429,571.4997611828738,571.6246186820264,278.60233672391837
9191,0.034001720492753955,571.4033234180272,571.4127852586429,571.4467869791356,278.43730811126306
9192,0.05297420373829081,571.4204049261351,571.4467869791356,571.4997611828738,278.39850362091937
9193,0.003096794472138663,571.5139439540307,571.5139439540307,571.5170407485028,278.39705315484935
9194,0.033790900599855525,571.5309887837917,571.5309887837917,571.5647796843916,278.39277969927895
9195,0.08285243386214965,571.7139854570011,571.7330363013585,571.8203123292986,278.656774928349
9196,0.004423594077953967,571.7863830678151,571.7863830678151,571.790806661893,278.5981141209409
9197,0.015561126411419093,571.8073233614958,571.8203123292986,571.83587345571,278.57938692985545
9198,0.011839285099215962,571.8844224276288,571.8844224276288,571.896261712728,278.53596427122187
9199,0.00201758094673305,571.9268173656604,571.9268173656604,571.9288349466071,278.51502561889396
9200,0.09497280834068504,571.9915708485314,572.0805006060041,572.2465327764731,278.80150450337266
9201,0.08003297467895533,571.9967516545383,572.0004676313251,572.0805006060041,278.57845577487643
9202,0.13905276343953882,572.044536007632,572.381500447482,572.5299054978682,279.02712451151024
9203,0.14068093791664113,572.0458388269851,572.5299054978682,572.9891895391733,279.4067196378882
9204,0.05491166740908533,572.1173004835282,572.1173004835282,572.1722121509373,278.5337828233828
9205,0.00558057019528134,572.1946189806501,572.1946189806501,572.2001995508455,278.596990194982
9206,0.06451357221187463,572.2091408987777,572.2465327764731,572.3110463486851,278.62748318255115
9207,0.010567124523908483,572.220797256123,572.220797256123,572.2313643806469,278.55600999965674
9208,0.0704540987969669,572.290681720442,572.3110463486851,572.381500447482,278.6199421335528
9209,0.009352286946652409,572.5012455183811,572.5012455183811,572.5105978053277,278.7902022304048
9210,0.07147559165142152,572.5641482161087,572.5641482161087,572.6356238077601,278.9116411949496
9211,0.06637967984913593,572.6030741127302,572.6356238077601,572.7101357484794,278.95230238659354
9212,0.1769762689789835,572.6275968689104,574.0311167707698,574.2706071348941,280.475638538136
9213,0.04023741675093872,572.6690213799051,572.7381695914905,572.7784070082415,278.98226919782223
9214,0.008132260870201115,572.6801917589063,572.6801917589063,572.6883240197765,278.8903809937532
9215,0.02803384301114298,572.6935800197704,572.7101357484794,572.7381695914905,278.8338760059433
9216,0.19170722780861715,572.7704348614243,575.9636045515921,576.927827231083,282.9894161379272
9217,0.11454345502046932,572.7792887969208,572.9891895391733,573.1510430053355,279.2443458106852
9218,0.0891817494021838,572.7894221306004,572.7894221306004,572.8786038800026,278.83856003579444
9219,0.0033489643851475175,572.9054826203504,572.9054826203504,572.9088315847356,278.7834249887898
9220,0.01181359746828032,572.9123769970006,572.9123769970006,572.9241905944689,278.7697459953927
9221,0.10826337228521994,573.0068322183623,573.3345319818278,573.4427953541131,279.26310964143903
9222,0.015851481531953832,573.0471709438534,573.0471709438534,573.0630224253854,278.89028031652975
9223,0.031174210173250786,573.0625792056462,573.0630224253854,573.0944809549952,278.87389878579813
9224,0.1067952636020554,573.0629700767844,573.1570774027655,573.3345319818278,278.97802321845194
9225,0.0002843194365556725,573.0926908412491,573.0926908412491,573.0929751606857,278.54314133669044
9226,0.006034397429917541,573.1485782259075,573.1510430053355,573.1570774027655,278.5814159328485
9227,0.05171878263031584,573.1737570667898,573.1737570667898,573.2254758494201,278.5747177848096
9228,0.018940532829920757,573.2323947535325,573.2323947535325,573.2513352863624,278.63335547155225
9229,0.10436896865962264,573.4253934715807,573.4427953541131,573.5471643227727,278.85087663192184
9230,0.13277893988446154,573.4543063847567,573.5471643227727,573.7586770179937,279.1053254413884
9231,0.07873375533653268,573.58497499283,573.58497499283,573.6637087481665,278.9941828841991
9232,0.1396310844659699,573.6172578353628,573.8530540658492,574.0311167707698,279.35993333916474
9233,0.0943770478554955,573.7101955252624,573.7586770179937,573.8530540658492,279.12578299027274
9234,0.03843162045471589,573.9459824383605,573.9459824383605,573.9844140588152,279.2726664207126
9235,0.1789580911598373,574.0487780121423,574.2706071348941,574.5081731316562,279.7243440882536
9236,0.006602790775351081,574.1206730293558,574.1206730293558,574.1272758201311,279.3865914571086
9237,0.01665737304806034,574.1372257441415,574.1372257441415,574.1538831171895,279.28457330178384
9238,0.024518681743725457,574.1747356676609,574.1747356676609,574.1992543494047,279.27351452827554
9239,0.014735249578303754,574.2333957148686,574.2333957148686,574.2481309644469,279.26229557224895
9240,0.031865641493475066,574.3763600188843,574.3763600188843,574.4082256603778,279.40525987626467
9241,0.1652319216226548,574.4118110498088,574.5081731316562,575.6010623004754,280.52368852366783
9242,0.026742264108700047,574.431683396392,574.431683396392,574.4584256605008,279.4050711838745
9243,0.1407802549468239,574.534521465967,575.6010623004754,575.7569304703125,280.6987924467346
9244,0.07399367638850228,574.5358467307126,574.5358467307126,574.609840407101,279.5414420871198
9245,0.1141134624960662,574.5360415634325,574.6377728245624,574.9019246688641,279.6947096131714
9246,0.027932417461385667,574.5877765691487,574.609840407101,574.6377728245624,279.42448684544144
9247,0.030922162220933976,574.6499223568705,574.6499223568705,574.6808445190915,279.4426200447696
9248,0.09348143323840974,574.6888946895624,574.6888946895624,574.7823761228008,279.427079054506
9249,0.025634786346367074,574.8494767380671,574.8494767380671,574.8751115244135,279.5989387564093
9250,0.0553473071494539,574.8717146575412,574.9019246688641,574.9679102726619,279.65748740454694
9251,0.010638296648406818,574.9040281275204,574.9040281275204,574.9146664241688,279.59515432811304
9252,0.06408190288826872,574.9557840905105,574.9679102726619,575.0348004042025,279.6676759793268
9253,0.002808228652412267,574.9935001157859,574.9935001157859,574.9963083444383,279.6619452930159
9254,0.09065519754045427,574.9949370072861,575.0348004042025,575.1976860240455,279.78252050375585
9255,0.06435843516471146,575.0382718870792,575.0382718870792,575.102630322244,279.6904041097694
9256,0.09498648918189874,575.0513298065666,575.1976860240455,575.2926725132274,279.90064405745267
9257,0.007871987137845624,575.1203181313638,575.1203181313638,575.1281901185016,279.7552497170957
9258,0.1259013687784736,575.265661322705,575.2926725132274,575.418573882006,279.9332705627436
9259,0.1477119951082953,575.3017473054061,575.7912326142498,575.9636045515921,280.49354050587914
9260,0.044930095903146394,575.5053706402821,575.5053706402821,575.5503007361852,280.06628037209896
9261,0.015087914890288307,575.7168660581553,575.7168660581553,575.7319539730456,280.2497763572676
9262,0.03430214393730615,575.7451269287633,575.7569304703125,575.7912326142498,280.27270173095616
9263,0.024659942234010874,575.9079708318283,575.9079708318283,575.9326307740623,280.41647130633424
9264,0.0655901990814099,575.9897444698324,575.9897444698324,576.0553346689138,280.49382812681665
9265,0.08492536441750284,575.9978714062144,576.0553346689138,576.1402600333313,280.62052355989414
9266,0.14036524348051677,576.093251411622,576.1539526828988,576.2943179263793,280.6958818328298
9267,0.013692649567505261,576.1322968552854,576.1402600333313,576.1539526828988,280.52391940043
9268,0.13770560207778837,576.2019621098854,576.5981782639526,576.7358838660303,280.9749736988765
9269,0.12024923006340933,576.2154509214935,576.2943179263793,576.4613418973806,280.776107063044
9270,0.04231476492361287,576.3572631837533,576.3572631837533,576.4040379246911,280.74224043982116
9271,0.004459976014249252,576.3573064222951,576.3573064222951,576.3617663983093,280.5076002581028
9272,0.0615046161184067,576.3609758641732,576.5366736478342,576.5981782639526,280.65799962937615
9273,0.05967840578345725,576.3803012204776,576.4613418973806,576.5366736478342,280.5843239269535
9274,0.010542449776253954,576.4852564817955,576.4852564817955,576.4957989315718,280.52082166544346
9275,0.17516461397201485,576.5170715272386,577.0799512733402,577.6546040956952,281.51427437968204
9276,0.004158283129898605,576.5177843387258,576.5177843387258,576.5228952336197,280.4602575333371
9277,0.0009526117639396994,576.5206346010466,576.5206346010466,576.5215872128106,280.3849663035864
9278,0.10862785532066004,576.8451436698788,576.927827231083,577.0364550864036,280.8644198099856
9279,0.026376055484484736,576.8459052009065,576.8459052009065,576.8722812563909,280.7071657942926
9280,0.04349618693648,577.0000881074457,577.0364550864036,577.0799512733402,280.9155518402634
9281,0.19886955587324825,577.0542912468771,579.6243435933563,580.8224435522125,284.5436517788288
9282,0.009500625290158337,577.1023118033197,577.1023118033197,577.1118124286098,280.8969384511441
9283,0.08434540398292732,577.1263164263,577.1263164263,577.210661830283,280.904681473093
9284,0.04155244142591152,577.2276895028891,577.2276895028891,577.269241944315,280.99337029116504
9285,0.029846036935222944,577.2743975621153,577.2743975621153,577.3042435990504,281.0235534465339
9286,0.08722022989181548,577.3229168694284,577.3229168694284,577.4181357273476,281.105445302094
9287,0.007998628027370537,577.3675942903001,577.3675942903001,577.3755929183275,281.0059216185725
9288,0.08205173670003015,577.3743741548662,577.4181357273476,577.5464644113223,281.1733878189776
9289,0.04627694727466515,577.4229848460244,577.4229848460244,577.4692617932991,281.050603462965
9290,0.13231444863930483,577.4920482994561,577.6546040956952,577.9420511446042,281.5213459809328
9291,0.004937939520957908,577.5418403552713,577.5464644113223,577.5514023508432,281.1486862220571
9292,0.005758219333978296,577.5645900895366,577.5645900895366,577.5703483088706,281.1667436582785
9293,0.0900326014350724,577.6758858460929,577.6758858460929,577.765918447528,281.2545138039031
9294,0.020716640288794483,577.8077241777737,577.8077241777737,577.8284408180625,281.37050858352865
9295,0.013292842630737742,577.8165194510973,577.8284408180625,577.8417336606933,281.3652603134628
9296,0.13174343142711278,577.8565141367269,577.9420511446042,578.1144209293661,281.60440844619035
9297,0.031090515915110136,577.8646146380268,577.8646146380268,577.8957051539419,281.3070893322176
9298,0.040626353334774976,577.9926990879013,577.9926990879013,578.0333254412361,281.35892749538266
9299,0.11428195036608885,578.0536814126657,578.1144209293661,578.3046860863128,281.6378009122385
9300,0.1664619415023721,578.1055137179743,578.3329080134927,578.5058944847374,281.7742769483728
9301,0.07598320658070003,578.1159257618198,578.1159257618198,578.1919089684004,281.39467430065423
9302,0.02822192717981996,578.2893033396305,578.3046860863128,578.3329080134927,281.53869561521986
9303,0.00013731563110883798,578.3553619518306,578.3553619518306,578.3554992674617,281.5527791692321
9304,0.001629144481410013,578.3824590567077,578.3824590567077,578.3840882011891,281.534550446198
9305,0.0047580696298382495,578.4592947226015,578.4592947226015,578.4640527922313,281.5738655335137
9306,0.29138189661207875,578.4745458169268,582.9799358517265,583.454494498702,286.5026808979729
9307,0.03586203271013788,578.4839775743336,578.5058944847374,578.5417565174475,281.59521925509097
9308,0.2744170392247703,578.5060745081236,581.12805309285,582.6275898335934,285.5639104628995
9309,0.0770383267203025,578.5306315983667,578.5417565174475,578.6187948441678,281.64381318705904
9310,0.12690259737364412,578.5851618859693,579.470209169933,579.6243435933563,282.6177757462619
9311,0.04447476298940394,578.5910415883164,578.6187948441678,578.6696950913351,281.6188421653863
9312,0.059218640373892045,578.6131715586741,578.7206191251219,578.7798377654957,281.7205683467098
9313,0.001524266052579334,578.6358812952222,578.6358812952222,578.6374055612748,281.55487844787984
9314,0.046642880771365205,578.6389321601782,578.6696950913351,578.7206191251219,281.55320297528175
9315,0.004901218125378347,578.6507384435624,578.6507384435624,578.6556396616878,281.3784259104163
9316,0.0042811530153153005,578.7061583347312,578.7061583347312,578.7104394877465,281.40543463419516
9317,0.020844077508677176,578.7631666958597,578.7798377654957,578.8006818430043,281.43497079818053
9318,0.053662737537198725,578.7907381745458,578.8006818430043,578.8543445805416,281.48339198389164
9319,0.07952365963338229,578.8038845833119,578.8997594679473,579.0028135458236,281.5708898648257
9320,0.045414887405760745,578.8391593602569,578.8543445805416,578.8997594679473,281.4714866020747
9321,0.0909350864187781,578.8712993079714,579.0028135458236,579.0937486322424,281.6043664307924
9322,0.00682617235261717,578.9183291526492,578.9183291526492,578.9251553250018,281.4890855239371
9323,0.01670424589036573,578.953998324832,578.953998324832,578.9707025707223,281.5200995395016
9324,0.09319695850007337,579.0286087469539,579.0937486322424,579.4129750475599,281.80860174267707
9325,0.043267953420071115,579.0992516783513,579.0992516783513,579.1425196317714,281.54704149429654
9326,0.02950127307311976,579.1157995883913,579.1425196317714,579.1720209048445,281.5558656517867
9327,0.06409982701166309,579.1703331157365,579.1720209048445,579.2361207318562,281.54392068581404
9328,0.040136416579672096,579.2753547061202,579.2753547061202,579.3429336374886,281.6604797688787
9329,0.05433430189565575,579.282879701492,579.4129750475599,579.467382933412,281.7730296998534
9330,0.027442514788705057,579.2850505812831,579.2850505812831,579.3124930960719,281.5915281616618
9331,0.02158147194403027,579.3457646542256,579.3457646542256,579.3673461261697,281.63889265322103
9332,7.358395636432412e-05,579.4583677841272,579.4583677841272,579.4584413680835,281.70217166534866
9333,0.0028262365210296164,579.46620212272,579.467382933412,579.470209169933,281.6658429584219
9334,0.0272318260496965,579.5644134754791,579.5644134754791,579.5916453015288,281.7245353160171
9335,0.15623162300437804,579.6325194242776,579.6325194242776,579.9622161992238,282.07132035301737
9336,0.06922011787533688,579.6393235258432,579.6393235258432,579.7085436437186,281.7822308354785
9337,0.06343858721830248,579.712300395441,579.712300395441,579.7978394269999,281.8971746532427
9338,0.022100444340495483,579.7384299821528,579.7384299821528,579.7605304264932,281.8658096487957
9339,0.08281997749842192,579.8876516981679,579.9622161992238,580.0450361767222,282.09028387491617
9340,0.0187060025076297,579.8971023323697,579.8971023323697,579.9158083348774,281.9838961375225
9341,0.06100493102276373,579.9972541753342,580.0450361767222,580.106041107745,282.13120458870685
9342,0.07164794721485404,580.1125688821118,580.1125688821118,580.1842168293266,282.2451975535845
9343,0.11805260072842373,580.1412886389178,580.2416797210765,580.3976710161053,282.41451961373946
9344,0.054975105678317225,580.1703644976265,580.1842168293266,580.2416797210765,282.2450268386093
9345,0.002487786071591961,580.2276018245177,580.2276018245177,580.2300896105893,282.2246432598166
9346,0.03793869430036996,580.2558768601034,580.2558768601034,580.2938155544037,282.19255294077607
9347,0.024762020549388485,580.3868059675415,580.3976710161053,580.4224330366546,282.30477957487017
9348,0.09550899862020884,580.4335522886216,580.4335522886216,580.6341540638393,282.4503365302325
9349,0.03707452275296772,580.4460528613705,580.4460528613705,580.4831273841235,282.30436574322135
9350,0.050364015141336885,580.4586977462652,580.4831273841235,580.551145637968,282.3546911452954
9351,0.017654238703249895,580.4961983525407,580.4961983525407,580.5138525912439,282.3215426219054
9352,0.015242789754854802,580.6433204437449,580.6433204437449,580.6585632334998,282.4261310689222
9353,0.11630508856215419,580.7490251310046,580.8224435522125,580.9467535719027,282.69038258058146
9354,0.09004136188227287,580.8498122523788,581.02730386917,581.12805309285,282.86364098331325
9355,0.008004931128080282,580.8923273630335,580.8923273630335,580.9003322941616,282.6393725559321
9356,0.06156186714072675,580.8933703898467,580.9657420020293,581.02730386917,282.7009867530927
9357,0.018988430126525034,580.9322614585151,580.9467535719027,580.9657420020293,282.67693893012273
9358,0.010707861797653062,581.0991163111297,581.0991163111297,581.1098241729273,282.81116397052557
9359,0.13530045732670537,581.1746974210006,581.1746974210006,581.3099978783273,282.8409456377578
9360,0.18719190876872469,581.3687827039797,582.6275898335934,582.8245979836528,284.46273308752654
9361,0.10541372841673044,581.3900569048295,581.3900569048295,581.4954706332462,283.0593482912119
9362,0.12853645470024577,581.4627577570426,581.4954706332462,581.8355503748058,283.2451001958264
9363,0.04911376226070242,581.5103908576012,581.5103908576012,581.559504619862,283.04912410205054
9364,0.09736975183317337,581.5128606607941,581.559504619862,581.6851030603527,283.1557436430608
9365,0.1449300912825827,581.5545080759168,581.8355503748058,582.1221978290564,283.51023719616774
9366,0.026211186795296795,581.6079006051298,581.6079006051298,581.6341117919251,283.0358877522093
9367,0.0020175018622207064,581.6365059301319,581.6365059301319,581.6385234319941,283.0626593626783
9368,0.029936939371972525,581.6836507771984,581.6851030603527,581.7219341444606,283.1172677306995
9369,0.006894144735895293,581.7054210974319,581.7054210974319,581.7123152421678,283.086324397422
9370,0.011102165814832613,581.8613046385034,581.8613046385034,581.8724068043182,283.21319542405683
9371,0.020789775101369024,581.9176121808853,581.9176121808853,581.9384019559866,283.2362406302614
9372,0.017091533639615047,581.9348568982853,581.9384019559866,581.9554934896262,283.2487296026831
9373,0.03340717541698823,581.9483604604387,581.9554934896262,581.9889006650432,283.2041957590392
9374,0.10002889706997402,581.9548090365886,582.1221978290564,582.2222267261263,283.326169483252
9375,0.12492742420814597,582.0052872712654,582.2222267261263,582.3471541503345,283.41718053236303
9376,0.009153015102345235,582.008236596392,582.008236596392,582.0173896114943,283.1939298234637
9377,0.040144636204635105,582.0087900398845,582.0173896114943,582.0675633093872,283.2146495346851
9378,0.010029061688223338,582.0204023234679,582.0204023234679,582.0304313851561,283.15957656603007
9379,0.0685649497805356,582.3754631688818,582.3754631688818,582.4440281186623,283.4562818911917
9380,0.06415704890643842,582.4583733840744,582.4583733840744,582.5225304329808,283.43724306186164
9381,0.009816241290683642,582.751478272161,582.751478272161,582.7612945134516,283.7253687803856
9382,0.10971860542678423,582.7601543006051,582.8548550725721,582.9799358517265,283.87217940079273
9383,0.03025708891941626,582.8022824499006,582.8245979836528,582.8548550725721,283.7377387188976
9384,0.015362173727530251,582.8936929407645,582.8936929407645,582.909055114492,283.7922737164933
9385,0.004801653326092352,583.0312693034042,583.0312693034042,583.0360709567303,283.87551280676365
9386,0.02179754569871878,583.0494418210724,583.0494418210724,583.0712393667711,283.77924075120046
9387,0.020191628479114355,583.1717756180135,583.1717756180135,583.1919672464926,283.8920786038221
9388,0.13290292730627395,583.216520021518,584.0751243156059,584.2780603138501,284.91143625486694
9389,0.05716825078711677,583.2468827010011,583.2468827010011,583.3040509517882,283.9519119735544
9390,0.08563634306501636,583.2546385046196,583.7266772817572,583.8123136248223,284.40311982627526
9391,0.028796884619008884,583.3278625135388,583.3278625135388,583.3566593981578,283.9239391279354
9392,0.06414841287790957,583.3375655708682,583.5902259906119,583.6543744034898,284.1253529783829
9393,0.06384488412904567,583.3498282046975,583.454494498702,583.5843972433329,284.10881743048617
9394,0.03664390871729479,583.3534142424311,583.3566593981578,583.3983395784641,283.9004969215313
9395,0.005036271588936047,583.3715132792728,583.3715132792728,583.3765495508617,283.8706252619573
9396,0.008740607147161438,583.4238518455254,583.4238518455254,583.4325924526726,283.91643520003623
9397,0.03638956747960255,583.4747503344892,583.4747503344892,583.5168650879768,283.9266313346928
9398,0.005725186008105884,583.4976656786736,583.4976656786736,583.5033908646817,283.91549761296403
9399,0.02394310701412951,583.5031532537813,583.5168650879768,583.540808194991,283.9136269699271
9400,0.07230287826742812,583.575424393931,583.6543744034898,583.7266772817572,284.03924949710796
9401,0.00582874727900891,583.5838927104918,583.5843972433329,583.5902259906119,283.9479968281404
9402,0.0977674976755942,583.6548775207185,583.8123136248223,583.9604508135643,284.14475953705517
9403,0.11373603307510653,583.7478921876212,583.9604508135643,584.0751243156059,284.1661158105641
9404,0.1497590254764195,583.8089504909619,584.2780603138501,584.4443435241429,284.48329215405846
9405,0.05036969106638101,583.8363859997329,583.8363859997329,583.8867556907993,283.8887801345571
9406,0.000937468966357884,584.0524945450037,584.0524945450037,584.0534320139701,284.068765584513
9407,0.25273672394655833,584.0936067166576,584.4443435241429,584.9109833434679,284.8240557541582
9408,0.048943577438666175,584.1352539675977,584.1352539675977,584.2052870385356,284.1055709765122
9409,0.02108949349931541,584.149967322315,584.149967322315,584.1710568158143,284.07289198774356
9410,0.3505749095198327,584.3240141226674,608.8083471190627,612.5202155525637,312.4215018248999
9411,0.016524184816404365,584.4039760378496,584.4039760378496,584.420500222666,284.27971998664265
9412,0.020233780678474835,584.5144668653777,584.5144668653777,584.5347006460562,284.34516937822104
9413,0.09492192739294916,584.5294216795161,584.5347006460562,584.6296225734492,284.38768275491714
9414,0.03174588370846448,584.6232943741944,584.6296225734492,584.6613684571577,284.33070821019356
9415,0.06651980071836601,584.7699141703871,584.7699141703871,584.8369156739856,284.4874510615791
9416,0.00048170288021850407,584.785163490683,584.785163490683,584.7856451935631,284.44865300179623
9417,0.08999353778830543,584.7998843971628,585.1589669735679,585.2489605113562,284.8787561541445
9418,0.08154312010419963,584.8023099382831,584.9109833434679,585.0160119826096,284.6181909218153
9419,0.20871579775431462,584.8604253153177,591.0632372118739,591.9127276797858,291.4099503175559
9420,0.004212136929612141,584.9354771959346,584.9354771959346,584.9396893328642,284.49303016887313
9421,0.09951085988424821,584.9589178749638,586.1177428156461,586.236830805177,285.625111184835
9422,0.019273382107870565,584.9598747725782,584.9598747725782,584.9791481546861,284.2993059541691
9423,0.07512614553849845,584.9919611665644,585.0160119826096,585.0911381281481,284.3953320884799
9424,0.23225854449096223,585.0248762493597,597.1076984542303,597.3654776090004,296.550204908664
9425,0.018670450925048564,585.0818053550918,585.0911381281481,585.1098085790732,284.35839890159906
9426,0.0291773245263132,585.0860286720709,585.1297896490415,585.1589669735679,284.35603927909193
9427,0.01998106996837958,585.0944902884778,585.1098085790732,585.1297896490415,284.29456706948406
9428,0.09264812487944209,585.1379519088199,585.8297278832954,586.0467205599232,285.1986119158995
9429,0.0797631973233707,585.2250872037887,585.3112835869628,585.5563522519544,284.7194501945036
9430,0.02408007817655755,585.2477684337842,585.2489605113562,585.2730405895328,284.42582787235466
9431,0.03824299742996131,585.2670930515586,585.2730405895328,585.3112835869628,284.4294373184669
9432,0.060728642538830896,585.3146335972252,585.3146335972252,585.3908093351674,284.4457229301068
9433,0.015447095403419158,585.3153713739638,585.3153713739638,585.3308184693672,284.33544672131995
9434,0.046190917356041306,585.3468515351768,585.4173873968741,585.4799390648935,284.47052729052433
9435,0.02657806170667761,585.3869906913376,585.3908093351674,585.4173873968741,284.3397213898932
9436,0.01636075066332981,585.4466761295457,585.4466761295457,585.4630368802091,284.3294421991353
9437,0.05484181844450582,585.5016794792633,585.5563522519544,585.6254177339318,284.40753622602193
9438,0.08034888510832815,585.5365439555361,585.6902019031555,585.8067147250454,284.61722728560085
9439,0.06214611256652205,585.5453758147136,585.6254177339318,585.6902019031555,284.4537440081067
9440,0.014223663532859268,585.5584125942482,585.5584125942482,585.5726362577811,284.37303019082566
9441,0.002638056657085622,585.6354395713637,585.6354395713637,585.6380776280208,284.41259509233646
9442,0.02535554406043333,585.6922901762965,585.6922901762965,585.7176457203569,284.4650250055761
9443,0.010808392721092887,585.727268779461,585.727268779461,585.7380771721821,284.48218829716603
9444,0.02301315824998591,585.7915484841557,585.8067147250454,585.8297278832954,284.5230813391694
9445,0.10730189938843486,585.8144337705401,586.4548977300291,586.6025033196141,285.2540581628163
9446,0.052467449093180615,585.8549123249,585.8549123249,585.9073797739933,284.51894106330775
9447,0.04305821330042021,585.8888610922589,585.9073797739933,585.9504379872938,284.48261987984426
9448,0.10178982360474373,585.919719565113,586.236830805177,586.3409235056431,284.86461510707375
9449,0.028818889354606515,585.9582480119255,585.9582480119255,585.9870669012802,284.49984526067226
9450,0.042380625616700446,586.0214402080641,586.0467205599232,586.1177428156461,284.56378365480964
9451,0.022401965048360718,586.0548757610137,586.0548757610137,586.0772777260621,284.4850348816922
9452,0.00623966505786894,586.0887470709722,586.0887470709722,586.09498673603,284.3717813644511
9453,0.019577129646551204,586.170280445137,586.170280445137,586.1898575747836,284.44059213367194
9454,0.1508046655766012,586.2344667650482,586.6025033196141,587.4199171477622,285.6704625527888
9455,0.0023028768614250608,586.3005725327358,586.3005725327358,586.3028754095973,284.56728483093565
9456,0.09869944939029164,586.3095420839134,586.3409235056431,586.4548977300291,284.6855857806865
9457,0.015274774995676959,586.4087448143636,586.4087448143636,586.4240195893592,284.6484183319532
9458,0.040303690196660906,586.5167261859583,586.5167261859583,586.557029876155,284.6940275850812
9459,0.0013488077968695875,586.6084538872127,586.6084538872127,586.6098026950095,284.7787858411318
9460,0.0648170525305572,586.6420084667128,586.6420084667128,586.7068255192434,284.8358007512412
9461,0.062318472432127014,586.6987153666355,586.7068255192434,586.7691439916755,284.83295357615765
9462,0.08555367232035374,586.7460746254869,586.7691439916755,587.0239458570258,285.09224939372484
9463,0.05044842000358266,586.7753574802848,586.7753574802848,586.8404218506184,284.9138006125687
9464,0.12548031106215432,586.7930288680092,587.6070719728623,587.7573110513397,285.79253597434047
9465,0.014615950330089233,586.8086443819332,586.8086443819332,586.8232603322632,284.85692508726385
9466,0.03905087945945846,586.8388169669483,586.8404218506184,586.8794727300779,284.9099378570141
9467,0.06513294323684876,586.8683165776636,586.8794727300779,586.9446056733148,284.9185812991094
9468,0.24276931059487653,586.9682551087606,597.3654776090004,598.7961860066313,296.79258923931826
9469,0.06268057620445258,586.9691858893555,587.0239458570258,587.0866264332302,284.9948471931703
9470,0.0950456392893135,587.0112490025089,587.0866264332302,587.1890575349439,285.0173971131852
9471,0.10033589390586461,587.1387704410914,587.1890575349439,587.3072688214875,285.1095618870256
9472,0.007385462424378862,587.1457342804625,587.1457342804625,587.1531197428869,284.9711013516866
9473,0.00999755664114659,587.2290618751183,587.2290618751183,587.2390594317594,285.01394089441635
9474,0.007877835996603907,587.2725933446591,587.2725933446591,587.2804711806557,285.05589021692833
9475,0.055690575804391615,587.3772397514697,587.443219873155,587.5037241744557,285.2395972292507
9476,0.07639658606041469,587.3957767966148,587.5306753868018,587.6070719728623,285.2750471474778
9477,0.02330272539276445,587.4028962486425,587.4199171477622,587.443219873155,285.1510639702281
9478,0.0048137254962312,587.4763094117654,587.4763094117654,587.4811231372616,285.1341552786971
9479,0.026951212346162396,587.4952254685747,587.5037241744557,587.5306753868018,285.1590761340053
9480,0.009759148193222664,587.6747784510046,587.6747784510046,587.6845375991978,285.3063382580854
9481,0.014999619222031624,587.6813497880565,587.6845375991978,587.6995372184199,285.29012197764365
9482,0.1761740140295628,587.7285131998505,588.0993039025482,588.2862948603582,285.8217972537403
9483,0.19027259665117163,587.7394441791126,588.350879494727,590.190331094702,287.7068835597548
9484,0.044738749788394316,587.7406272965302,587.7573110513397,587.8309873053865,285.35983993425566
9485,0.028937504258506597,587.7606525299343,587.7606525299343,587.7895900341928,285.2692129461221
9486,0.07041034438837421,587.7934205861633,587.8309873053865,587.9013976497749,285.33286971723163
9487,0.09132145675566992,587.8241427236927,587.9013976497749,588.0146269177969,285.47207937585705
9488,0.021907811266386915,587.9359993569574,587.9359993569574,587.9579071682238,285.4057179364816
9489,0.08427987870302744,587.9707627205509,588.0146269177969,588.0993039025482,285.45899260725196
9490,0.0003971060482218965,588.0182641629691,588.0182641629691,588.0186612690173,285.4579025207453
9491,0.010816943780511644,588.2023007165473,588.2023007165473,588.2131176603277,285.62442192797533
9492,0.045775104668148374,588.2516889419627,588.2862948603582,588.3320699650263,285.6365065901001
9493,0.018809529700627905,588.3261886123352,588.3320699650263,588.350879494727,285.5858941416783
9494,0.0841104425520436,588.3927757839177,588.3927757839177,588.4768862264698,285.599433800362
9495,0.1258938200727669,588.4060103634765,588.4768862264698,588.8627800743495,285.9814854892205
9496,0.1445619438805259,588.4285057996492,589.7177843716914,590.0419547872415,287.09616717090546
9497,0.04811503562738056,588.4938978658229,588.4938978658229,588.5420129014502,285.66416866446696
9498,0.06155844329977775,588.5409800369686,588.5420129014502,588.60357134475,285.6594463842882
9499,0.05452688131133297,588.5877679025049,588.60357134475,588.6580982260613,285.6758912029608
9500,0.07842175876787524,588.6074546725558,588.6580982260613,588.7538978936299,285.79042785779
9501,0.1430384166096574,588.6874509774577,588.9461363444857,589.3572277978891,286.36712588575585
9502,0.011692394163319521,588.7025054918769,588.7025054918769,588.7141978860402,285.7406225056475
9503,0.005685514637488896,588.7217318925866,588.7217318925866,588.727417407224,285.72145067228007
9504,0.05729630418954199,588.8418765696549,588.8627800743495,588.9461363444857,285.8736002062567
9505,0.007355809100990528,588.8965950416075,588.8965950416075,588.9039508507085,285.84648602259244
9506,0.018704156845565152,588.8968059176982,588.9039508507085,588.9226550075541,285.8500014240381
9507,0.07036969073768759,588.9821435675613,588.9821435675613,589.052513258299,285.9769980877704
9508,0.06424624779522838,589.0374355926175,589.052513258299,589.1167595060942,286.04062526620737
9509,0.08007079581697259,589.0390178296323,589.1580755480526,589.250196604355,286.0507180987508
9510,0.041316041958286455,589.103619157468,589.1167595060942,589.1580755480526,285.95774735018523
9511,0.12275432790524488,589.1275869106802,589.4494392498714,589.5833241098991,286.36584561498967
9512,0.012050260485513708,589.2073809407768,589.2073809407768,589.2194312012623,286.01083547823424
9513,0.03836922415912974,589.3237347427283,589.3572277978891,589.4044258875392,286.1565368869038
9514,0.045013362332167954,589.3653324658954,589.4044258875392,589.4494392498714,286.15876089041393
9515,0.008828865490994002,589.3692616297864,589.3692616297864,589.3780904952773,286.12273588644524
9516,0.011130532122528214,589.4632964127132,589.4632964127132,589.4744269448357,286.1992785957134
9517,0.06866001420700704,589.538886771274,589.6491243574844,589.7177843716914,286.34251200576983
9518,0.0658002475853335,589.5508930445261,589.5833241098991,589.6491243574844,286.245622757971
9519,0.012245756854967793,589.779840240414,589.779840240414,589.792085997269,286.4337579223517
9520,0.031201958008351915,589.8002874686151,589.8002874686151,589.8314894266234,286.47250503851535
9521,0.04897275933816424,589.829847812597,589.8314894266234,589.8891657121242,286.4935918391996
9522,0.056144114813125874,589.8372830458619,589.8891657121242,589.9676501834297,286.568209135444
9523,0.008703526162549251,589.8510425108783,589.8510425108783,589.8597460370408,286.4415013339835
9524,0.022340356492333555,589.9215897016505,589.9215897016505,589.9439300581429,286.5112894531013
9525,0.07053899009107777,590.1300880612514,590.190331094702,590.260870084793,286.775413625439
9526,0.1513286739957034,590.1509667317628,590.7401383015392,590.891466975535,287.43297804473616
9527,0.07905309357567882,590.2288297655441,590.260870084793,590.3399231783687,286.8701068573527
9528,0.10669910065600645,590.232333960428,590.610757847322,590.717456947978,287.22191194245113
9529,0.15190731400490334,590.2727480794475,590.911329897869,591.0632372118739,287.4056500769458
9530,0.07678044791258694,590.3009942702679,590.4268451001188,590.5036255480314,286.87984234420105
9531,0.08187419197441034,590.3323467136215,590.5036255480314,590.610757847322,287.0312385478497
9532,0.05998038567634944,590.3387182378686,590.3399231783687,590.3999035640451,286.8126423689348
9533,0.026941536073811813,590.3868534912569,590.3999035640451,590.4268451001188,286.7961529331849
9534,0.01738958429031277,590.5186348532053,590.5186348532053,590.5360244374956,286.8666571893793
9535,0.007868523025919602,590.5717364627176,590.5717364627176,590.5796049857435,286.8438247155861
9536,0.022681353561193614,590.6967826682283,590.717456947978,590.7401383015392,286.98272299671555
9537,0.01986292233399791,590.8901168361002,590.891466975535,590.911329897869,287.1408615155031
9538,0.040660532854833106,591.1334699601698,591.1334699601698,591.1741304930247,287.40191661621253
9539,0.12007758498851234,591.1513394244655,591.2794472096213,591.4368623487554,287.621776470105
9540,0.09379485110041309,591.1636898433031,591.1856523585209,591.2794472096213,287.3588203128633
9541,0.011521865496228976,591.165604859142,591.1741304930247,591.1856523585209,287.32751357019345
9542,0.026589010280233187,591.3194450489073,591.3194450489073,591.3567826030529,287.4862788407918
9543,0.010748543865443645,591.3322629733123,591.3322629733123,591.3430115171777,287.4585750009152
9544,0.1781331469302625,591.3497757106153,591.9127276797858,592.144826161167,288.24862819921645
9545,0.06441615762103087,591.4365185285545,591.4368623487554,591.5012785063765,287.5383855450924
9546,0.04910354506186163,591.4599194098724,591.5012785063765,591.6118392799185,287.6296697439104
9547,0.07795713259907049,591.4641985972662,591.6118392799185,591.7181251437511,287.62528533841225
9548,0.03237503709576542,591.511940431849,591.511940431849,591.5443154689448,287.4909254285445
9549,0.010202646049593101,591.5426943162227,591.5443154689448,591.5545181149944,287.482579322837
9550,0.018879545334808862,591.5694192639971,591.5694192639971,591.588298809332,287.4593104396142
9551,0.028328731233524775,591.6338764267232,591.6338764267232,591.6622051579567,287.48221559724857
9552,0.20267970500600296,591.6741552998642,592.2666886658958,593.7208620855663,289.4968238593245
9553,0.00034104699957582143,591.7324416181391,591.7324416181391,591.7327826651386,287.4622036515703
9554,0.05163678047497936,591.7373965404543,591.7373965404543,591.793174980031,287.3840069264245
9555,0.004141659101864776,591.7608145157791,591.7608145157791,591.7649561748809,287.30348688294623
9556,0.005689444928279424,591.951412729058,591.951412729058,591.9571021739863,287.4833966619201
9557,0.004711392053471082,591.9718940001078,591.9718940001078,591.9766053921612,287.49362870402757
9558,0.011392331717786188,592.054692529806,592.054692529806,592.0660848615237,287.5459161250053
9559,0.03217216575148195,592.0758387881632,592.0758387881632,592.1080109539147,287.54271684537196
9560,0.058510967230097535,592.1085409694116,592.144826161167,592.2158231581515,287.6277120543048
9561,0.29036505461896667,592.1441923900785,606.7220776186995,608.3479932951244,303.69931430812437
9562,0.012486029754411756,592.175192106749,592.175192106749,592.1876781365035,287.53050187708857
9563,0.050865507744374615,592.2128501268324,592.2158231581515,592.2666886658958,287.5639135824957
9564,0.1786656022167502,592.3210775494308,595.2422154143522,595.4500660223028,290.76761772947907
9565,0.06393423223062965,592.3343435638099,592.3343435638099,592.5190400354313,287.7352667747939
9566,0.03856657737877544,592.3377749596893,592.3377749596893,592.3938074725173,287.6538797594506
9567,0.017465935449249747,592.3484479011005,592.3484479011005,592.3659138365497,287.6150562838261
9568,0.05533086617123067,592.3534644010491,592.3938074725173,592.4585371990802,287.6275504028202
9569,0.08094064261595538,592.3697982809495,592.5984303727039,592.6793710153198,287.79775639927516
9570,0.0713521077886388,592.385901114478,592.5190400354313,592.5984303727039,287.76108481871023
9571,0.00939886039169309,592.407340292279,592.407340292279,592.4167391526706,287.55543991789375
9572,0.00803822948401411,592.5616722517505,592.5616722517505,592.5697104812344,287.6983797339837
9573,0.1164243471460778,592.6004223789187,592.6793710153198,592.7957953624659,287.9014580922004
9574,0.035696225159144675,592.7787305463884,592.7957953624659,592.8314915876251,287.9001919070245
9575,0.1339782663550641,592.7948541339723,592.8314915876251,592.9654698539802,288.0526629924584
9576,0.04929960729458254,592.9394127638411,592.9654698539802,593.0147694612747,288.06735534809087
9577,0.1371524514255952,592.9509578453187,593.9171095891269,594.0909271542286,289.09370949276064
9578,0.15005463828838622,592.9885473222203,594.4032015007319,594.5532561390203,289.39296610867973
9579,0.025965970457536278,593.0173784564581,593.0173784564581,593.0433444269156,287.9918052671996
9580,0.045217852042764024,593.0573916258618,593.0573916258618,593.1026094779046,288.0062712591057
9581,0.1172558084294517,593.0711525057058,593.1026094779046,593.2198652863341,288.1455844365826
9582,0.16088407027590726,593.2140860157663,594.7134181069001,594.9301312245476,289.77333393248887
9583,0.09746187975325298,593.2315908412261,593.2315908412261,593.3323558306349,288.2425019174696
9584,0.0033031096555336506,593.2338428563021,593.2338428563021,593.2371459659577,288.1383708647864
9585,0.08609176790840711,593.2507237207726,593.3323558306349,593.4342418873334,288.30236379979294
9586,0.15242249977723604,593.3179575153334,594.5532561390203,594.7134181069001,289.54237969100456
9587,0.11889669913742527,593.3254461112543,593.7885650646599,593.9171095891269,288.68739283524053
9588,0.015794288790022055,593.3482709812472,593.3482709812472,593.3640652700373,288.2086755103716
9589,0.08659760120666826,593.4028505373403,593.4342418873334,593.5271688765283,288.3106526227175
9590,0.006329387988266764,593.463718801153,593.463718801153,593.4700481891413,288.2913135735709
9591,0.18458516826234025,593.4765041311218,595.5526865369663,595.7494874359808,290.5200613996408
9592,0.08516142398260865,593.5380406809543,593.5380406809543,593.625090831922,288.326661607036
9593,0.0018887269850944625,593.5806819173928,593.5806819173928,593.5825706443778,288.25716032059245
9594,0.06770297909360284,593.6625280599806,593.7208620855663,593.7885650646599,288.3544598831846
9595,0.009647825329612478,593.8060457828461,593.8060457828461,593.8156936081757,288.4220753622563
9596,0.036665113676079185,593.933495268221,593.933495268221,593.9701603818971,288.5687993456425
9597,0.1333920647359311,593.9635392540483,594.1432516656591,594.2766437303951,288.68987956979856
9598,0.04683198250667066,594.0775150136124,594.0964196831525,594.1432516656591,288.6047463802693
9599,0.005492528923963575,594.0856933477501,594.0909271542286,594.0964196831525,288.5906491271865
9600,0.10434871042672916,594.1781389327347,594.2766437303951,594.4032015007319,288.84331355825174
9601,0.02220905991012385,594.3555169125253,594.3555169125253,594.3777259724354,288.81412274246867
9602,0.007739468102621426,594.6584261764569,594.6584261764569,594.6661656445596,289.0600148234845
9603,0.021341997715553212,594.7847197558721,594.7847197558721,594.8060617535876,289.1643664580484
9604,0.14816279904417745,594.7855700493297,594.9301312245476,595.1838248904949,289.5163805622009
9605,0.0344870496560317,594.8176063163327,594.8176063163327,594.8520933659887,289.19511220860494
9606,0.07341640376287598,594.945192718335,594.945192718335,595.0186091220978,289.3449997088466
9607,0.02267997822617962,595.0160939834207,595.0186091220978,595.041289100324,289.3471410805053
9608,0.009434484914071622,595.0516526360188,595.0516526360188,595.0610871209329,289.36970503361823
9609,0.058390523857415146,595.1381662889178,595.1838248904949,595.2422154143522,289.3778531481408
9610,0.22320217581397517,595.246639037852,595.8231868367805,596.0974165531075,290.2138108496637
9611,0.019242718752999197,595.3897302467186,595.3897302467186,595.4089729654717,289.5452395251133
9612,0.009942286980893264,595.4208076342949,595.4208076342949,595.4307499212757,289.5767105477329
9613,0.022518668757089744,595.4214723111415,595.4500660223028,595.47258469106,289.6050678987236
9614,0.08010184590641067,595.4382599569809,595.47258469106,595.5526865369663,289.5513215023515
9615,0.2510409398096887,595.5157968641416,605.6987727315852,606.2031312780736,300.18008798891617
9616,0.012215730752160049,595.6155612773026,595.6155612773026,595.6277770080547,289.5907228883867
9617,0.07369940079965397,595.7099075468451,595.7494874359808,595.8231868367805,289.7153312582905
9618,0.009923367519722951,595.8241226602988,595.8241226602988,595.8340460278185,289.76195006222076
9619,0.0031406195828110827,595.9353321862739,595.9353321862739,595.9384728058567,289.7790834177318
9620,0.02071993240981683,595.956643729,595.956643729,595.9773636614099,289.72434478260305
9621,0.073202880848735,596.010077222412,596.1609974192515,596.2342003001003,289.9167726366663
9622,0.01724362100054682,596.0217160683668,596.0217160683668,596.0389596893674,289.72715642439545
9623,0.06358086614406495,596.0318442681588,596.0974165531075,596.1609974192515,289.7863673160258
9624,0.13751606351743467,596.1274973082574,596.9701823907129,597.1076984542303,290.60867419025027
9625,0.07680369657094775,596.1798523476934,596.2342003001003,596.3334277092141,289.90595571966065
9626,0.09789296219083052,596.220833760893,596.5405440050465,596.6384369672373,290.1810724072952
9627,0.00541204683626512,596.2645908136572,596.2645908136572,596.2700028604934,289.816722112379
9628,0.017011665706734624,596.2652649156348,596.2700028604934,596.2870145262001,289.806658045032
9629,0.05736526242137182,596.2944783304429,596.3334277092141,596.3907929716355,289.86977898471156
9630,0.09209151708875006,596.354384166831,596.3907929716355,596.4828844887243,289.7789774532787
9631,0.1166900278647986,596.4504182335068,596.8475494837471,596.9701823907129,290.2105462644024
9632,0.027254851209480555,596.467716429857,596.4828844887243,596.5101393399337,289.7199826286358
9633,0.030404665112806564,596.4854645049885,596.5101393399337,596.5405440050465,289.67769182491173
9634,0.10572406951163912,596.5787149892584,596.6384369672373,596.8146759540815,289.9624779619227
9635,0.0705149173324995,596.6691196049095,596.6691196049095,596.739634522242,289.792905386357
9636,0.03287352966557175,596.7994390039182,596.8146759540815,596.8475494837471,289.8784157567813
9637,0.005942879101033608,596.9366097097464,596.9366097097464,596.9425525888474,289.9854388509652
9638,0.011266661351548178,597.2300270409322,597.2300270409322,597.2412937022838,290.24589994267774
9639,0.014253948927625288,597.2575991119276,597.2575991119276,597.2718530608552,290.19011335133285
9640,0.0017790095412045898,597.3785796153657,597.3785796153657,597.3803586249069,290.29132088664943
9641,0.04904385678387915,597.4029539940029,597.4029539940029,597.4519978507868,290.3159530306351
9642,0.0749255468178905,597.4077852970571,597.6626749636326,597.8008729639531,290.545426335837
9643,0.12176518216445263,597.4304742150597,597.8893969411979,598.0360192138583,290.8368351897245
9644,0.006503370954348259,597.4502623373506,597.4519978507868,597.4585012217411,290.25060978842754
9645,0.06287767175501703,597.4576987335157,597.4585012217411,597.5811679761675,290.35159274249065
9646,0.020284636673328953,597.4587268828711,597.4587268828711,597.4790115195444,290.1232200062154
9647,0.023784303784628084,597.5051715422715,597.5051715422715,597.5289558460561,290.15444219695587
9648,0.05107044801728684,597.5257525881973,597.5811679761675,597.6626749636326,290.2485420972921
9649,0.01572014221350101,597.5436996647244,597.5436996647244,597.5594198069379,290.1466883698173
9650,0.03043653944775495,597.5917237328313,597.5917237328313,597.6221602722791,290.1401568326631
9651,0.015822498458568344,597.6763211918781,597.6763211918781,597.6921436903366,290.2082622538958
9652,0.041206650926903246,597.6864209644784,597.6983869944537,597.7395936453806,290.14864588164477
9653,0.006243304117130804,597.6891542966399,597.6921436903366,597.6983869944537,290.13094782848185
9654,0.08852397724480887,597.6992819824916,597.8008729639531,597.8893969411979,290.23949670238505
9655,0.13603656787607193,597.9262975276631,598.2460350933248,598.400917453438,290.7962866286193
9656,0.23600107061940323,597.9358655069558,602.3977809489679,602.656126296718,294.9935805656211
9657,0.02485709049587361,597.9614093334637,597.9614093334637,597.9862664239596,290.1858533204307
9658,0.02661474812347728,598.0312298940704,598.0360192138583,598.0626339619818,290.1910551903365
9659,0.05743079019826667,598.0361454349111,598.0626339619818,598.12006475218,290.18243777551015
9660,0.08705616567566321,598.0636791453078,598.12006475218,598.2460350933248,290.28122948243964
9661,0.03891417546914714,598.1409756269944,598.1409756269944,598.1798898024635,290.22653284306415
9662,0.017015514460654777,598.2844883030895,598.2844883030895,598.3015038175502,290.3135143695453
9663,0.001830277776358736,598.3955905042438,598.3955905042438,598.3974207820202,290.3895887627333
9664,0.04604017668984841,598.4919480685504,598.4919480685504,598.5379882452403,290.433206794535
9665,0.04000840031402516,598.5029689834616,598.5379882452403,598.5779966455543,290.4171419211927
9666,0.05258663928360638,598.5580291701533,598.5779966455543,598.6305832848379,290.4347067415041
9667,0.18369390857026394,598.5602390368315,598.8570121326413,600.3397757427191,292.15030291967076
9668,0.0495614017722158,598.6333300108164,598.6333300108164,598.6828914125886,290.4775532813772
9669,0.05796690437958422,598.7765613323387,598.7961860066313,598.8570121326413,290.63138321040464
9670,0.002859221630539686,598.8089821833033,598.8089821833033,598.8118414049338,290.6216959203158
9671,0.1442850279007765,598.8773945027831,598.8773945027831,599.0255135299249,290.8290446012959
9672,0.14442947137740728,598.9640425347073,599.0255135299249,599.4200894026059,291.1023221212849
9673,0.003833999241053579,599.0140258344704,599.0140258344704,599.0178598337114,290.8033468346965
9674,0.09455068350341977,599.0543185863004,599.0543185863004,599.1749205952106,290.8967033301555
9675,0.026051325406777754,599.0935927403839,599.0935927403839,599.1196440657907,290.8222328026176
9676,0.14255994250555876,599.0964414539258,599.4200894026059,599.7308250358351,291.4110615387199
9677,0.10004155676856197,599.1236842987812,599.1749205952106,599.2958567018622,290.94743177986106
9678,0.02089454988308044,599.2465452430921,599.2465452430921,599.2674397929752,290.898447648017
9679,0.1747823312230447,599.266399140351,600.51736471963,600.9123805757613,292.434995152289
9680,0.008608285741726713,599.3025423759974,599.3025423759974,599.3111506617391,290.87075209401314
9681,0.17438010141256194,599.440312397725,600.3397757427191,600.51736471963,291.9292335893831
9682,0.09598499216977438,599.4405846154674,599.4405846154674,599.5968807057334,291.0474941606654
9683,0.0603110980962907,599.4654024356586,599.4654024356586,599.5257135337548,290.96200227903944
9684,0.00039794316638458547,599.6211143775901,599.6211143775901,599.6215123207564,291.0089149406021
9685,0.011481657291292212,599.6458034359579,599.6458034359579,599.6572850932491,290.93733043621063
9686,0.06867143308999048,599.689161719788,599.7308250358351,599.7994964689251,291.0184065647977
9687,0.1016599543650147,599.7185114885854,599.7994964689251,599.9255466543447,291.173346608324
9688,0.024390231054531284,599.8220245123048,599.8220245123048,599.8464147433593,291.03855422345555
9689,0.04808657115485571,599.9191443471308,599.9255466543447,599.9736332254995,291.1879918916292
9690,0.04430457048844005,599.9456906515261,599.9736332254995,600.0179377959879,291.1769530884379
9691,0.05034634601175857,599.9715692604649,600.0179377959879,600.0682841419997,291.2575603562428
9692,0.2399795435815626,600.0263884990052,604.4499985872363,605.473171604648,296.61402679681544
9693,0.07310388126067358,600.0593075490622,600.0682841419997,600.1428467517513,291.2584922687189
9694,0.0014587284910025286,600.1000317172485,600.1000317172485,600.1014904457395,291.19472836618485
9695,0.0232005357805196,600.1699796176099,600.1699796176099,600.1931801533905,291.19441181842296
9696,0.0039808357792413184,600.2236715103425,600.2236715103425,600.2276523461217,291.23616976647065
9697,0.006436080979438595,600.2908846862396,600.2908846862396,600.297320767219,291.2446905415036
9698,0.0032088754983824654,600.3946690391672,600.3946690391672,600.3978779146655,291.34847489443115
9699,0.06518145878387913,600.5908212004952,600.5908212004952,600.7114650582827,291.5481015138063
9700,0.036125091237750685,600.6114404977468,600.6114404977468,600.6669028967505,291.5200058723183
9701,0.019337307765912644,600.6241823218305,600.6241823218305,600.6435196295964,291.4860869246513
9702,0.053912603399173614,600.6309699877237,600.7571421220042,600.8110547254034,291.61225905893184
9703,0.045677063721554625,600.6698649294298,600.7114650582827,600.7571421220042,291.553704790467
9704,0.10210398984723434,600.8478728290389,600.9123805757613,601.0144845656085,291.826779714321
9705,0.14565808856755263,600.9689702068847,601.1290430621942,601.2778728387915,291.9464316364741
9706,0.11455849658573673,601.0040085776735,601.0144845656085,601.1290430621942,291.80385093275777
9707,0.19973991201613125,601.0149753000429,601.2778728387915,601.8299415128901,292.4709565782952
9708,0.0031716880297256466,601.1291158495252,601.1291158495252,601.1322875375549,291.84274971624905
9709,0.0039884748161115825,601.3105953526624,601.3105953526624,601.3145838274785,292.0176739931972
9710,0.05566993356172766,601.3856842359727,601.3856842359727,601.4413541695344,292.09276287650755
9711,0.044703746230466974,601.4646523578665,601.4646523578665,601.5093561040969,292.1907033711607
9712,0.04563917806925731,601.4732419092284,601.5093561040969,601.5868433685092,292.2766314906219
9713,0.11901000666082613,601.4807394378242,602.0870891012783,602.2290339503338,292.8293998301487
9714,0.06150656168398309,601.4988868127671,601.5868433685092,601.6483499301931,292.22735317604173
9715,0.03184808634306351,601.513164909066,601.513164909066,601.545012995409,292.08622961012946
9716,0.09055543329496259,601.5563703212578,601.935618610949,602.0261740442439,292.58495737651265
9717,0.08497125112037143,601.5580247350473,601.8299415128901,601.935618610949,292.4485044459151
9718,0.07031144306810921,601.5848149322283,601.6483499301931,601.7186613732613,292.26351026668846
9719,0.03866133830982518,601.7102042904168,601.7186613732613,601.7573227115711,292.26315940487484
9720,0.020705846938591187,601.8744926227048,601.8744926227048,601.8951984696433,292.37461113016576
9721,0.060915057034308134,602.011892675449,602.0261740442439,602.0870891012783,292.53385672560415
9722,0.12496045456841656,602.0384337637656,602.2728204943995,602.3977809489679,292.76639449890433
9723,0.022934842394783068,602.0971800847892,602.0971800847892,602.120114927184,292.5634994027435
9724,0.04378654406571544,602.1888900226161,602.2290339503338,602.2728204943995,292.66023407646907
9725,0.02234427713061903,602.3987023209337,602.3987023209337,602.4210465980643,292.79073863942784
9726,0.036119404984669506,602.6293677807132,602.656126296718,602.6922457017026,293.0549274648941
9727,0.15478058870578346,602.6345267547582,603.0038884880055,603.3765948649727,293.7506880486526
9728,0.11008187586180064,602.6651698947417,602.6922457017026,602.8618302774217,293.1769445128269
9729,0.00773447887657199,602.7397786044377,602.7397786044377,602.7475130833143,293.10952632251576
9730,0.04400244202475083,602.747046569947,602.7475130833143,602.791515525339,293.075361086087
9731,0.007765778955950433,602.8011839155621,602.8011839155621,602.808949694518,293.06964554182656
9732,0.0849661135664632,602.8123029828529,602.8618302774217,602.9467963909882,293.21451764666983
9733,0.026344557936262027,602.9436268065779,602.9467963909882,602.9731409489244,293.2076616333921
9734,0.030747539081046417,602.9462915271326,602.9731409489244,603.0038884880055,293.22892156086976
9735,0.06450749872253744,603.0823874044509,603.0823874044509,603.1677333895426,293.39090080426007
9736,0.06447759911361728,603.0909299478706,603.2358355935987,603.3003131927123,293.4627590195028
9737,0.02083848636920362,603.0967215117012,603.0967215117012,603.1175599980704,293.30392400580126
9738,0.019459650527369043,603.1538615334166,603.1677333895426,603.1871930400699,293.38046599788083
9739,0.08222637890219861,603.1590861458601,603.4511824098503,603.5334087887525,293.6514288034437
9740,0.048642553528805615,603.1753802585994,603.1871930400699,603.2358355935987,293.37193732481165
9741,0.10931845832467735,603.2064397632294,603.6230645306575,603.8447252445764,293.92300855636137
9742,0.07095374124855647,603.3387565422665,603.3765948649727,603.4511824098503,293.4055208145967
9743,0.08965574190511587,603.3706131132077,603.5334087887525,603.6230645306575,293.52793971698765
9744,0.0036338036289736194,603.3820136295102,603.3820136295102,603.3856474331392,293.368974921695
9745,0.041296377947689145,603.625977144243,603.625977144243,603.6876173016898,293.6215860716402
9746,0.020343779499040374,603.6320968537547,603.6320968537547,603.6524406332537,293.5633667473565
9747,0.0507020981474072,603.7382067090813,603.7382067090813,603.7889088072287,293.66289257431345
9748,0.2066510987003462,603.7993737169445,603.8447252445764,604.3063144706789,294.18478438195535
9749,0.08852158412293139,603.8676779299715,603.8676779299715,603.9561995140945,293.846562448503
9750,0.12260926024670467,603.9531257622218,603.9561995140945,604.0788087743412,293.92128524845845
9751,0.04380728303253452,604.047021921491,604.0788087743412,604.1226160573736,293.9194426746341
9752,0.07760557305800944,604.2791472835562,604.3063144706789,604.3857508138627,294.2045658039249
9753,0.06424777337363469,604.3517415922137,604.3857508138627,604.4499985872363,294.19329898341215
9754,0.0018307701258637053,604.3769461663283,604.3769461663283,604.3787769364541,294.1375468334568
9755,0.06050718145427563,604.5070938014647,604.5070938014647,604.6437773569629,294.3436054032204
9756,0.03728739559406276,604.5217448172295,604.5217448172295,604.5979211912735,294.25193359335583
9757,0.03474406745712506,604.5229931457746,604.5229931457746,604.5618821242246,294.2206947349156
9758,0.004144910992747946,604.5373961707826,604.5373961707826,604.5415410817753,294.18595509860563
9759,0.31382590638474855,604.6160878606661,608.3707078146064,608.7707640866764,298.32598147080273
9760,0.103858438869585,604.669862806044,604.669862806044,604.7926087250273,294.2631547543712
9761,0.01570756913908804,604.6914527952141,604.6914527952141,604.7071603643532,294.19416094388856
9762,0.003179910974728979,604.7282258544116,604.7282258544116,604.7314057653863,294.2146475675896
9763,0.09489663378300073,604.796422836246,604.796422836246,604.8913194700291,294.327792385023
9764,0.22560112693730605,604.8774681529851,605.473171604648,605.6987727315852,294.882998081549
9765,0.10382990242509912,604.9126623899164,604.9126623899164,605.0164922923415,294.33270647526854
9766,0.10229309369098527,604.9288319282462,605.0164922923415,605.1620998435959,294.4801674234978
9767,0.03902129499942613,605.0679724750981,605.0679724750981,605.1112869326616,294.4173289581084
9768,0.004293162564070572,605.0842033549554,605.0842033549554,605.0884965175195,294.3990114963187
9769,0.05663432216379674,605.1398537797635,605.1620998435959,605.2412190249597,294.4755828754913
9770,0.022484859200065353,605.1716954563512,605.1716954563512,605.1941803155513,294.4509541227404
9771,0.08172504788145461,605.1798360962185,605.2412190249597,605.3229440728412,294.4946042639917
9772,0.018585682640714415,605.4264454091687,605.4264454091687,605.4450310918094,294.6789077618347
9773,0.060712906084574476,605.708331088377,605.708331088377,605.7690439944615,294.95576320219345
9774,0.014303306975827637,605.8028199351783,605.8028199351783,605.8171232421541,295.0142759781589
9775,0.02972373638962038,605.8788056680869,605.8788056680869,605.9085294044766,295.0709553667026
9776,0.009133459432218771,605.9235166274507,605.9235166274507,605.9326500868829,295.1053470556937
9777,0.10576839825373086,605.9524388296774,605.9524388296774,606.0826953661877,295.249605434066
9778,0.17392149788773265,606.0103810440602,606.2522258453884,606.426147343276,295.53538936272804
9779,0.010769949542751426,606.0322376603013,606.0322376603013,606.0493375891718,295.2030416680464
9780,0.006329979327660116,606.0356281649945,606.0356281649945,606.0419581443222,295.1883230914022
9781,0.007388209386179364,606.0396860128111,606.0493375891718,606.056725798558,295.16441743655975
9782,0.009187661286003712,606.0798234637906,606.0826953661877,606.0918830274737,295.1960932245429
9783,0.049094567314739976,606.1589031876041,606.2031312780736,606.2522258453884,295.30964259701307
9784,0.25612657541561573,606.372399898836,606.426147343276,606.7220776186995,295.71043976973465
9785,0.0065819369747261046,606.4393052987826,606.4393052987826,606.4458872357574,295.4721006300929
9786,0.033221763033069444,606.6046725748472,606.6046725748472,606.6378943378803,295.4974129823872
9787,0.06327654789911405,606.7247069498968,606.7247069498968,606.8104168691823,295.6556471539494
9788,0.022433371386351115,606.7588416626351,606.7588416626351,606.7812750340214,295.6363521637606
9789,0.06603928020125469,606.7637448714383,606.8104168691823,606.952366597112,295.6878694688045
9790,0.21884502883583062,606.8113986785946,606.952366597112,607.5340751808916,296.12023174921046
9791,0.05340919060231181,606.8226382504358,606.8226382504358,606.8760474410382,295.4832834902727
9792,0.022501257126089202,606.8770981668348,606.8770981668348,606.8995994239609,295.4881297912402
9793,0.13615087676161355,606.9555227377666,606.9555227377666,607.2281099079005,295.7845685071055
9794,0.03560899833869827,606.9807619692006,606.9807619692006,607.0163709675393,295.54528785177365
9795,0.060081181549872006,606.9860971878629,607.0239678214806,607.0968310276271,295.5949994472037
9796,0.0075968539413627505,607.0091196447315,607.0163709675393,607.0239678214806,295.5309045415351
9797,0.0007792272858747376,607.0371050739036,607.0371050739036,607.0378843011895,295.48786840132
9798,0.2778263895585083,607.0537539811771,607.5340751808916,607.9192668180282,296.26907706800415
9799,0.012002797310774065,607.0609464592911,607.0609464592911,607.0729492566019,295.40760349386346
9800,0.015369705350208259,607.1459827639236,607.1459827639236,607.1613524692738,295.4852420333884
9801,0.004997529595566769,607.183904846251,607.183904846251,607.1889023758466,295.51001333660804
9802,0.03844526449906385,607.2146658560735,607.2281099079005,607.2665551723995,295.54196488627457
9803,0.027634461680431516,607.2826447525516,607.2826447525516,607.3102792142321,295.57141961950236
9804,0.024196658630314227,607.3837278480722,607.3837278480722,607.4079245067026,295.63461253709494
9805,0.03930930214371498,607.7455093055648,607.7455093055648,607.7848186077085,296.01796816484523
9806,0.0874183886926278,607.7762572009473,607.9677684409304,608.0554704622901,296.2599677589252
9807,0.03135731490308535,607.8120200680327,607.8120200680327,607.8433773829357,295.9994139059839
9808,0.0175856863026791,607.8327223729459,607.8433773829357,607.8609630692384,296.0039804752988
9809,0.019112944228589553,607.8647312943586,607.8647312943586,607.8838442385872,296.00902011703937
9810,0.026539126210516375,607.899641557703,607.9412293147199,607.9677684409304,296.0613699400326
9811,0.021962496691733353,607.9136022100982,607.9192668180282,607.9412293147199,296.0351185798047
9812,0.0002836326670856503,608.0205218539087,608.0205218539087,608.0208054865758,296.11053004530123
9813,0.004787109412675622,608.2481649188355,608.2481649188355,608.2529520282482,296.32200786958407
9814,0.022714519481900265,608.3374247958246,608.3479932951244,608.3707078146064,296.352605137634
9815,0.02261201027591055,608.4066570772985,608.4066570772985,608.4292690875744,296.4090726132882
9816,7.59433664897402e-05,608.5595344656954,608.5595344656954,608.5596104090619,296.4565128000087
9817,0.0039177407226051635,608.6372037601017,608.6372037601017,608.6411215008243,296.53204388851486
9818,0.011293431915604528,608.6610452579442,608.6610452579442,608.6723386898599,296.55463080801627
9819,0.04833123940461535,608.6639173045681,608.6723386898599,608.7206699292645,296.5324430300053
9820,0.03758303238625879,608.7600619747765,608.7707640866764,608.8083471190627,296.62963147961307
9821,0.03970997196675731,608.8621056337838,608.8621056337838,608.9018156057506,296.73469995613203
9822,0.08457315367232165,608.8785161502606,608.9018156057506,609.0795880508892,296.9023766738168
9823,0.1881156506379931,608.9050366223471,609.0795880508892,609.5585655150935,297.3453139897525
9824,0.017469882613868004,608.923884721776,608.923884721776,608.9413546043899,296.7297109998489
9825,0.05446178742903981,608.9285862790284,608.9413546043899,608.995816391819,296.68789506086716
9826,0.018897269658721,609.0068054023478,609.0068054023478,609.0257026720066,296.7492493991593
9827,0.188980581306988,609.0627522126315,609.7505874219214,609.9395680032284,297.4722915825225
9828,0.0023703517646329266,609.0740694045359,609.0740694045359,609.0764397563005,296.77693865503767
9829,0.19957932737955633,609.0778238764217,609.9395680032284,610.3236606821895,297.8660031314705
9830,0.03887242689182509,609.1264311251307,609.1264311251307,609.1672966974628,296.7702428910435
9831,0.001993145440336576,609.1505494829014,609.1505494829014,609.1525426283417,296.7341900849826
9832,0.07198016263884129,609.1792736276964,609.1792736276964,609.2512537903352,296.7897680151509
9833,0.04856620759815823,609.2110380772087,609.3000008294356,609.3567680020286,296.89844791127837
9834,0.047927325833952976,609.2298902212029,609.2512537903352,609.3000008294356,296.79917391335835
9835,0.0008197132664117557,609.2574313590721,609.2574313590721,609.2582510723386,296.7833478730966
9836,0.008200964994890632,609.3325785685594,609.3325785685594,609.3407795335543,296.8501126149817
9837,0.05365188733545228,609.3588259989102,609.3588259989102,609.4124778862457,296.83880575943846
9838,0.018849979566412555,609.4920725064526,609.4920725064526,609.510922486019,296.95690268990586
9839,0.05195539902935172,609.4950568466162,609.5947636843446,609.6467190833739,297.05341220609154
9840,0.0361981692510192,609.5272400150512,609.5585655150935,609.5947636843446,296.96257830632146
9841,0.028839055984338967,609.6218055373284,609.6467190833739,609.6755581393583,297.02933198723485
9842,0.07502928256312741,609.6563185305897,609.6755581393583,609.7505874219214,297.0109614091289
9843,0.02203938809149787,609.9526097253147,609.9526097253147,609.9746491134061,297.2761190715505
9844,0.068070331771969,610.022092854818,610.022092854818,610.09016318659,297.35623151446384
9845,0.09440363171808508,610.0786632760087,610.09016318659,610.1845668183081,297.3576217785275
9846,0.09697700313400422,610.243575693512,610.3236606821895,610.4804383866402,297.6854525980358
9847,0.05367823739888932,610.335488512813,610.335488512813,610.3952892141297,297.5648993307701
9848,0.19924019295683187,610.35193023266,610.8215223440741,611.0246741098202,298.0881157656975
9849,0.006122463917774448,610.3746037287509,610.3746037287509,610.3807261926687,297.49039080079314
9850,0.08299061677357492,610.439035814815,610.561348323267,610.7976280976507,297.87634717192003
9851,0.06289772313105368,610.4499074504644,610.4804383866402,610.561348323267,297.601410349539
9852,0.01801221349572478,610.4990943440017,610.4990943440017,610.5171065574974,297.46538468906755
9853,0.01992294639180173,610.5639810317577,610.5639810317577,610.5839039781496,297.4851621950051
9854,0.03587467822546548,610.5651964257191,610.5839039781496,610.619778656375,297.5010626299304
9855,0.06660977592443963,610.5878629036309,610.6506604134433,610.7172701893678,297.44329199243964
9856,0.030881757068351282,610.6051684063451,610.619778656375,610.6506604134433,297.4110556683608
9857,0.023894246423421694,610.7751722748045,610.7976280976507,610.8215223440741,297.57140791842005
9858,0.00391157278927446,610.8631496865366,610.8631496865366,610.867061259326,297.6158841036691
9859,0.11803182191834487,610.9474096755765,611.0246741098202,611.1696272206202,297.8721894002977
9860,0.0269212888816467,611.0926694400382,611.0926694400382,611.1195907289199,297.79936709618096
9861,0.19511702353783666,611.1313400333864,611.5514226541262,611.8745293760543,298.43418730397747
9862,0.1548227404827103,611.1431386347064,611.1696272206202,611.4705657008986,298.10826281316236
9863,0.10832549595081836,611.1984134026966,611.1984134026966,611.3067388986474,297.84720662918323
9864,0.03779024384491999,611.3622316958467,611.3622316958467,611.4000219396917,298.00337367711137
9865,0.07452925631682009,611.4485996665678,611.4705657008986,611.5514226541262,298.1658347379694
9866,0.006327696910707627,611.5328756007616,611.5328756007616,611.5392032976723,298.11955863242173
9867,0.03453788098050505,611.5573057799885,611.5573057799885,611.591843660969,298.1659944424014
9868,0.015528708822902753,611.5815207226168,611.591843660969,611.6073723697918,298.172472932063
9869,0.0007204360866783238,611.6534768091966,611.6534768091966,611.6541972452833,298.0851107049164
9870,0.032164498910325884,611.658035135534,611.658035135534,611.6901996344443,298.0831128179128
9871,0.04503817358986262,611.6785452573673,611.6901996344443,611.7352378080342,298.071017408994
9872,0.02848348041161393,611.9201811085815,611.9201811085815,611.9486645889931,298.29292751011604
9873,0.0879483748569726,612.0084637256128,612.0084637256128,612.0964121004698,298.3684644508268
9874,0.20856733263564742,612.1184865203975,615.5565767705261,615.7651441031618,302.07679698917644
9875,0.08364271629733203,612.1612313681087,612.1612313681087,612.3066303051718,298.5488839249199
9876,0.0617562207658149,612.1811834505118,612.1811834505118,612.2429396712776,298.3204299786671
9877,0.1814775849226053,612.261054820305,613.7302003429074,614.180826172723,300.2627320274936
9878,0.046934525496665304,612.3511429721495,612.3511429721495,612.3980774976462,298.46989911530346
9879,0.14226314849918376,612.3659151250158,612.5534757073547,612.8233589927662,298.8305774418889
9880,0.033690179946045666,612.3751610087845,612.3980774976462,612.4317676775922,298.45278360676093
9881,0.17186065370209624,612.3893169859523,613.4284638137215,613.7302003429074,299.6726300225415
9882,0.006414283936386625,612.4750212543792,612.4750212543792,612.4814355383155,298.4754123451517
9883,0.03326015479091732,612.5164589013043,612.5202155525637,612.5534757073547,298.50061950886806
9884,0.1452024286819366,612.566089593091,612.8860966041556,613.1377676643032,299.0754390017392
9885,0.022712869471191638,612.5672247378618,612.5672247378618,612.589937607333,298.452088602449
9886,0.07863726492706032,612.6168275566018,612.6168275566018,612.6969938920807,298.54577516128757
9887,0.001529070551888355,612.6906813242706,612.6906813242706,612.6922103948225,298.50603741105164
9888,0.02474093196224641,612.7165613148003,612.7165613148003,612.7413022467625,298.50855213360194
9889,0.0627376113893501,612.770540060086,612.8233589927662,612.8860966041556,298.5882297267939
9890,0.052202682461294975,612.9442378219595,612.9442378219595,612.9964405044208,298.70655028685457
9891,0.05426594900438512,612.9972231634599,612.9972231634599,613.0514891124643,298.6935095582472
9892,0.11896000502310142,613.0963849538184,613.1883980502146,613.3216187763466,299.0105415192932
9893,0.05063038591146035,613.1314726488405,613.1377676643032,613.1883980502146,298.8163595908172
9894,0.007765131176537929,613.2243159429567,613.2243159429567,613.2320810741331,298.90290786947077
9895,0.10684503737491274,613.2586193190301,613.3216187763466,613.4284638137215,298.93825715885066
9896,0.006495589932334187,613.3077595345735,613.3077595345735,613.3142551245058,298.92439791707767
9897,0.06507872954095852,613.4797920719262,613.4797920719262,613.6061105516263,299.1648656575817
9898,0.04961808856928869,613.4866110722871,613.4866110722871,613.5362291608565,299.1078479129597
9899,0.19192767445038117,613.5034059336729,614.260497740675,614.6282496057731,300.0958858257353
9900,0.011621661589849926,613.5485590579442,613.5485590579442,613.5601807195341,299.11236004731535
9901,0.0035573957837715274,613.6468425842048,613.6468425842048,613.6503999799886,299.1763502030903
9902,0.07872811637905222,613.7685172035345,613.7685172035345,613.8472453199136,299.27630101825076
9903,0.10911689120008711,613.851765833093,613.851765833093,613.9889960228472,299.40249171893214
9904,0.053189938759768046,613.9238328966583,613.9889960228472,614.042185961607,299.4306183035854
9905,0.0281132985540837,613.9305181846665,613.9305181846665,613.9586314832206,299.365552001005
9906,0.05094938173009975,614.1631513033009,614.180826172723,614.2317755544531,299.6101829465787
9907,0.02872218622194153,614.2084511173961,614.2317755544531,614.260497740675,299.60406000794364
9908,0.05875121811632547,614.3561115623086,614.3561115623086,614.4148627804249,299.72994553659896
9909,0.11219630007919791,614.3998008179238,614.6282496057731,615.1325260645161,300.4358143018926
9910,0.08726526470229053,614.4125893427104,614.4148627804249,614.5021280451272,299.81676002277703
9911,0.025006134136212537,614.4842993885554,614.5069296188201,614.5319357529563,299.8007859022651
9912,0.004801573692968841,614.5005960949536,614.5021280451272,614.5069296188201,299.74658695200617
9913,0.08248127094115085,614.6420035141944,614.6420035141944,614.7591586864548,299.96472936599326
9914,0.05537281901480902,614.6751963320413,614.7591586864548,614.8145315054696,299.9888468252235
9915,0.02634194615340671,614.6895250770992,614.6895250770992,614.7241989784186,299.93784189526093
9916,0.008331955165972698,614.7042391178056,614.7042391178056,614.7125710729716,299.88706240856663
9917,0.08606140235101696,614.8209092486358,614.8209092486358,614.9069706509868,300.0240414028841
9918,0.09925941735203923,614.8784916287038,615.3113003402653,615.4105597576174,300.5288982560207
9919,0.08063366653877627,614.8814653480919,614.9598277494855,615.0404614160243,300.03212701865016
9920,0.052857098498797404,614.8973573878629,614.9069706509868,614.9598277494855,299.98714861685704
9921,0.23932625226472806,614.9208250143787,615.8482451014651,616.4159679411401,301.35683337067104
9922,0.09350693854868117,615.0725175484135,615.1775742688038,615.2710812073525,300.30325377212364
9923,0.04504820428765007,615.1195905991506,615.1325260645161,615.1775742688038,300.1031010377433
9924,0.04021913291280195,615.2555561368314,615.2710812073525,615.3113003402653,300.2397886016593
9925,0.12112311060453915,615.29826534614,615.4354536599216,615.5565767705261,300.30374309372246
9926,0.024893902304136198,615.4022142409996,615.4105597576174,615.4354536599216,300.2738987917499
9927,0.08310099830330574,615.7425312956668,615.7651441031618,615.8482451014651,300.60451051908586
9928,0.052133412316860465,615.8538098035713,615.8538098035713,615.9059432158881,300.72022017613443
9929,0.04943963536078596,615.8808537602104,615.9059432158881,615.9553828512489,300.6578151667674
9930,0.09146662670270356,615.9625564669678,615.9625564669678,616.0540230936706,300.67805960812757
9931,0.08933271395312026,615.9649789881446,616.0540230936706,616.1433558076237,300.7095421381394
9932,0.018453156691907904,616.2148756207777,616.2148756207777,616.2333287774695,300.8411699684976
9933,0.02757104238497226,616.2641802223279,616.2641802223279,616.2917512647128,300.85940807147404
9934,0.038398616891501196,616.49299220936,616.49299220936,616.5313908262515,301.0882200585061
9935,0.07754739983270878,616.5726716944972,616.5726716944972,616.6502190943299,301.1797309754532
9936,0.1404817519978779,616.6009234910439,616.6502190943299,616.8622791077548,301.39945838644735
9937,0.0715782614270432,616.7019887357957,616.7019887357957,616.7735669972227,301.2507396745865
9938,0.05926621933657571,616.8314225002215,616.8622791077548,616.9215453270914,301.3729041442229
9939,0.00944963127105038,616.9673352750152,616.9673352750152,616.9767849062863,301.46597800975866
9940,0.003582929287808258,617.0149113913535,617.0149113913535,617.0184943206414,301.4636479721936
9941,0.022512518449800754,617.0861474131966,617.0861474131966,617.1086599316465,301.53929590896837
9942,0.1871860808764123,617.0987293908577,617.2879180337569,617.5117689267306,301.8831073265627
9943,0.034499750856306445,617.112594051449,617.112594051449,617.1470938023053,301.5302234589918
9944,0.003553386713478273,617.2694687956885,617.2694687956885,617.273022182402,301.6594633342051
9945,0.03666481209739843,617.4250691509789,617.4250691509789,617.4617339630762,301.78836486532
9946,0.025702599259164752,617.7751299445574,617.7751299445574,617.8008325438166,302.0848217372609
9947,0.0484327398373975,617.7785321750548,617.8008325438166,617.849265283654,302.10590321554673
9948,0.1732033012108139,618.0016260481297,618.0023794657487,618.234937527237,302.5259716042695
9949,0.008896038104201837,618.0194206320436,618.0194206320436,618.0283166701479,302.28164449573137
9950,0.019418224670104706,618.0258328622605,618.0283166701479,618.047734894818,302.29827672832477
9951,0.017213654499466848,618.0316621972946,618.0615617378216,618.0787753923211,302.3078386033856
9952,0.013826843003656239,618.0442867764898,618.047734894818,618.0615617378216,302.26890958423087
9953,0.21236157785804127,618.0511689760278,618.8999911802016,619.117014042155,303.28518615822
9954,0.0983574331521992,618.1871353749988,618.234937527237,618.3358153099571,302.5098930792801
9955,0.10084435563171666,618.2269017046942,618.3358153099571,618.450396959713,302.62711739037036
9956,0.002520349567926146,618.2418952892751,618.2418952892751,618.2444156388431,302.4417259977114
9957,0.12683275578999045,618.3004493949052,618.5042195072557,618.8999911802016,302.98408787382914
9958,0.013737294124209133,618.3755025161563,618.3755025161563,618.3892398102805,302.5602587027994
9959,0.04517463120967857,618.4208602853512,618.450396959713,618.5042195072557,302.6398218050652
9960,0.008647916333077812,618.4621527288878,618.4621527288878,618.4708006452208,302.6043188266551
9961,0.011771366637567017,618.5175709052854,618.5175709052854,618.529342271923,302.6057996654325
9962,0.1107041166669698,618.5198545574542,618.529342271923,618.7484256816563,302.79001873655426
9963,0.06192015115762486,618.5498029139397,618.5498029139397,618.6117230650974,302.5560865044699
9964,0.013825443446781988,618.6323080754762,618.6323080754762,618.6483164319924,302.59687575744675
9965,0.0021829130693887464,618.6369117011385,618.6369117011385,618.6390946142079,302.5902947908808
9966,0.006586166597332359,618.6845179116204,618.6845179116204,618.6911040782178,302.6134117385313
9967,0.03808414078502238,618.690682733891,618.7484256816563,618.7865098224413,302.6623995955268
9968,0.023864618795057087,618.6951502517206,618.6951502517206,618.7190148705157,302.6010519173886
9969,0.004661284095366256,619.0430613891066,619.0430613891066,619.047722673202,302.9368599861199
9970,0.06626586914354478,619.0583177257981,619.117014042155,619.2118154453913,303.0577947098084
9971,0.0856837120303825,619.0714377578921,619.2118154453913,619.2974991574216,303.081221638575
9972,0.028535534092721918,619.1511242155647,619.1511242155647,619.1796597496574,303.0106297439803
9973,0.08243532689666727,619.2193171944897,619.2974991574216,619.3799344843183,303.1254033768639
9974,0.04324934626574906,619.5021585130172,619.5021585130172,619.5454078592829,303.2950141506362
9975,0.10784910227329411,619.5164868884168,619.5454078592829,619.6766720900301,303.3777019396717
9976,0.12757543760781245,619.5295193775803,619.6766720900301,619.8042475276379,303.4886468200607
9977,0.023415128473841078,619.6056218663153,619.6056218663153,619.6290369947892,303.2346359692554
9978,0.09585648237475226,619.7223321306312,620.1284861840348,620.2243426664096,303.75660896276855
9979,0.05885731184954511,619.7533451652141,619.8042475276379,619.8631048394875,303.4471108453859
9980,0.08436425625266585,619.8267578461154,619.8631048394875,619.9474690957402,303.5132488858004
9981,0.09141368922205804,619.8307771988889,619.9474690957402,620.0388827849622,303.62483163934064
9982,0.13233005957116903,619.9127210748657,620.2243426664096,620.4755461156193,304.0288464502856
9983,0.16798408434442064,619.9620118056382,621.1972064426167,621.4336286456902,304.88525320741843
9984,0.039258066340056665,620.0257984626825,620.0388827849622,620.0781408513022,303.61306997995615
9985,0.05034533273256121,620.0402732181415,620.0781408513022,620.1284861840348,303.6333951785121
9986,0.04843471309545223,620.2910821755188,620.2910821755188,620.3395168886143,303.84686071508906
9987,0.050113860694922366,620.297469771352,620.3395168886143,620.3896307493093,303.89294471755494
9988,0.11250356562849166,620.3577228351699,620.4755461156193,620.7705290262069,304.18781193808655
9989,0.020324815848047073,620.4120675852677,620.4120675852677,620.4323924011157,303.89442532871635
9990,0.03858066946037658,620.5014611051427,620.5014611051427,620.5400417746031,303.90825040808255
9991,0.057342088566576944,620.5042592346286,620.5400417746031,620.5973838631696,303.92544434998666
9992,0.10072382642265783,620.5085687744875,620.7705290262069,620.8712528526295,304.20362334580653
9993,0.053227883175771415,620.5683511691618,620.5973838631696,620.6839404501018,303.9573827902939
9994,0.02216922662038088,620.6164141475242,620.6164141475242,620.6497428512806,303.92727213245854
9995,0.011159477136019768,620.625140755265,620.625140755265,620.636300232401,303.8888471149975
9996,0.12620743232199097,620.8521601990018,620.8712528526295,620.9974602849514,304.2489171438907
9997,0.0907674328998922,620.957589730945,620.9974602849514,621.0945754708364,304.3143273279322
9998,0.10263097178033877,620.9869924186904,621.0945754708364,621.1972064426167,304.3081910877292
9999,0.006347752985096726,621.0647151113113,621.0647151113113,621.0710628642964,304.1586696576024
10000,0.06843811872914593,621.2221048941742,621.2221048941742,621.2905430129033,304.3086513447513
